#Insight Transform File V1.0
#Transform 0
Transform: AffineTransform_float_3_3
Parameters: 1 0 0 0 1 -0.000118 0 0.000118 1 0 0.00180307 -0.0198558
FixedParameters: 0 0 0

#Transform 1
Transform: AffineTransform_float_3_3
Parameters: 0.999999 0.000336408 0.000807247 -0.000337591 0.999999 0.000732728 -0.000806753 -0.000733272 1 -0.0273269 0.0247231 0.0905261
FixedParameters: 0 0 0

#Transform 2
Transform: AffineTransform_float_3_3
Parameters: 1 0.000523791 0.000356307 -0.000523209 0.999999 0.000586813 -0.000355693 -0.000586186 1 -0.0268398 0.000880591 0.0609948
FixedParameters: 0 0 0

#Transform 3
Transform: AffineTransform_float_3_3
Parameters: 1 0.000586901 9.46151e-05 -0.000587099 1 0.00104795 -9.43848e-05 -0.00104806 1 -0.0088959 0.093747 0.0972251
FixedParameters: 0 0 0

#Transform 4
Transform: AffineTransform_float_3_3
Parameters: 1 0.00010519 0.000298287 -0.000105809 0.999997 0.00271697 -0.000297714 -0.00271703 0.999997 -0.0220343 -0.00715623 0.152071
FixedParameters: 0 0 0

#Transform 5
Transform: AffineTransform_float_3_3
Parameters: 1 -1.24824e-07 5.59999e-05 -1.24824e-07 0.999998 0.002229 -5.59999e-05 -0.002229 0.999998 -0.013262 0.000298232 0.106008
FixedParameters: 0 0 0

#Transform 6
Transform: AffineTransform_float_3_3
Parameters: 1 0.000568869 5.73182e-05 -0.000569131 0.999997 0.00231697 -5.56815e-05 -0.00231703 0.999998 -0.0319656 0.0318983 0.110817
FixedParameters: 0 0 0

#Transform 7
Transform: AffineTransform_float_3_3
Parameters: 1 0.000497252 -9.36727e-05 -0.000496747 0.999997 0.00267005 9.53267e-05 -0.00266995 0.999997 -0.00484699 -0.0276268 0.0920773
FixedParameters: 0 0 0

#Transform 8
Transform: AffineTransform_float_3_3
Parameters: 1 0.000538642 0.000130486 -0.000539356 0.999996 0.00275693 -0.000128513 -0.00275707 0.999996 -0.0318897 0.0290609 0.11112
FixedParameters: 0 0 0

#Transform 9
Transform: AffineTransform_float_3_3
Parameters: 1 0.000541893 0.000301994 -0.000542106 0.999993 0.00367584 -0.000300009 -0.00367616 0.999993 -0.0362434 -0.0415293 0.181886
FixedParameters: 0 0 0

#Transform 10
Transform: AffineTransform_float_3_3
Parameters: 1 0.000488235 0.000293277 -0.000488764 0.999997 0.00261286 -0.000291724 -0.00261314 0.999996 -0.0107685 0.0682947 0.131395
FixedParameters: 0 0 0

#Transform 11
Transform: AffineTransform_float_3_3
Parameters: 0.999997 0.00102354 0.00198638 -0.00103146 0.999991 0.00426496 -0.00198162 -0.00426704 0.999989 -0.037519 -0.00695705 0.214877
FixedParameters: 0 0 0

#Transform 12
Transform: AffineTransform_float_3_3
Parameters: 0.999997 0.000966281 0.00189641 -0.000971721 0.999997 0.00248916 -0.00189459 -0.00249084 0.999995 -0.00958165 0.035294 0.190228
FixedParameters: 0 0 0

#Transform 13
Transform: AffineTransform_float_3_3
Parameters: 0.999999 0.000900413 0.000849685 -0.000901588 0.999998 0.00186923 -0.000848316 -0.00186976 0.999998 -0.028954 0.0885038 0.221673
FixedParameters: 0 0 0

#Transform 14
Transform: AffineTransform_float_3_3
Parameters: 0.999999 0.000984653 0.00102825 -0.000987346 0.999997 0.00228399 -0.00102575 -0.00228501 0.999997 -0.073434 -0.00619931 0.260567
FixedParameters: 0 0 0

#Transform 15
Transform: AffineTransform_float_3_3
Parameters: 0.999998 0.00105825 0.00157785 -0.00106075 0.999998 0.00174333 -0.00157515 -0.00174467 0.999997 -0.060719 0.0554841 0.280436
FixedParameters: 0 0 0

#Transform 16
Transform: AffineTransform_float_3_3
Parameters: 0.999996 0.00142795 0.00222255 -0.00143505 0.999994 0.00317382 -0.00221745 -0.00317718 0.999993 -0.08875 0.0126134 0.297869
FixedParameters: 0 0 0

#Transform 17
Transform: AffineTransform_float_3_3
Parameters: 0.999997 0.00109798 0.00222198 -0.00110602 0.999993 0.00361255 -0.00221802 -0.00361545 0.999991 -0.0710979 0.00624847 0.282871
FixedParameters: 0 0 0

#Transform 18
Transform: AffineTransform_float_3_3
Parameters: 0.999999 0.000332377 0.00140558 -0.00033862 0.999989 0.00471453 -0.00140342 -0.00471447 0.999988 -0.0741617 0.00277855 0.231317
FixedParameters: 0 0 0

#Transform 19
Transform: AffineTransform_float_3_3
Parameters: 0.999999 -5.08106e-05 0.00134073 4.31878e-05 0.999983 0.00582506 -0.00134127 -0.00582494 0.999982 -0.0627533 -0.02691 0.235662
FixedParameters: 0 0 0

#Transform 20
Transform: AffineTransform_float_3_3
Parameters: 1 -0.000137035 0.00110615 0.000129966 0.99998 0.00635715 -0.00110685 -0.00635685 0.999979 -0.0591285 -0.0973213 0.199866
FixedParameters: 0 0 0

#Transform 21
Transform: AffineTransform_float_3_3
Parameters: 0.999999 -0.000137467 0.00134025 0.000130528 0.999984 0.00557017 -0.00134175 -0.00556982 0.999983 -0.0711627 0.0194366 0.167818
FixedParameters: 0 0 0

#Transform 22
Transform: AffineTransform_float_3_3
Parameters: 0.999999 0.000224662 0.000771276 -0.000229336 0.999984 0.00562882 -0.000769721 -0.00562917 0.999984 -0.0668954 -0.106339 0.215828
FixedParameters: 0 0 0

#Transform 23
Transform: AffineTransform_float_3_3
Parameters: 1 -7.22032e-05 0.00062864 6.88e-05 0.999987 0.00509404 -0.000628358 -0.00509395 0.999987 -0.0873588 0.0147863 0.1502
FixedParameters: 0 0 0

#Transform 24
Transform: AffineTransform_float_3_3
Parameters: 1 1.89487e-06 0.000686023 -6.10499e-06 0.999982 0.005984 -0.000685975 -0.005984 0.999982 -0.0958917 -0.0948196 0.230031
FixedParameters: 0 0 0

#Transform 25
Transform: AffineTransform_float_3_3
Parameters: 1 -0.000133175 0.00063234 0.000129826 0.999988 0.00501909 -0.00063266 -0.00501892 0.999987 -0.100858 -0.0439738 0.13383
FixedParameters: 0 0 0

#Transform 26
Transform: AffineTransform_float_3_3
Parameters: 1 0.000293051 0.000957529 -0.000297946 0.999986 0.00517172 -0.000955472 -0.00517228 0.999986 -0.10591 -0.0901535 0.228727
FixedParameters: 0 0 0

#Transform 27
Transform: AffineTransform_float_3_3
Parameters: 0.999999 0.000412527 0.00122121 -0.000419471 0.999986 0.00530449 -0.00121879 -0.00530551 0.999985 -0.0945116 -0.0817679 0.196653
FixedParameters: 0 0 0

#Transform 28
Transform: AffineTransform_float_3_3
Parameters: 0.999999 0.000163005 0.00121982 -0.000168997 0.999988 0.0049168 -0.00121918 -0.0049162 0.999987 -0.113993 0.00706255 0.150433
FixedParameters: 0 0 0

#Transform 29
Transform: AffineTransform_float_3_3
Parameters: 0.999999 0.000504598 0.00122166 -0.000510399 0.999986 0.00524638 -0.00121834 -0.00524662 0.999985 -0.113621 -0.108519 0.194749
FixedParameters: 0 0 0

#Transform 30
Transform: AffineTransform_float_3_3
Parameters: 0.999999 0.000424344 0.000771023 -0.000428659 0.999988 0.00474667 -0.000769974 -0.00474733 0.999989 -0.129052 -0.0563844 0.145529
FixedParameters: 0 0 0

#Transform 31
Transform: AffineTransform_float_3_3
Parameters: 1 0.000127026 0.000612624 -0.000129976 0.999988 0.00485692 -0.000612376 -0.00485708 0.999988 -0.114634 -0.0594682 0.203542
FixedParameters: 0 0 0

#Transform 32
Transform: AffineTransform_float_3_3
Parameters: 0.999999 0.000517193 0.000548659 -0.000519808 0.999986 0.00512771 -0.000546342 -0.00512728 0.999986 -0.104437 -0.0736346 0.25183
FixedParameters: 0 0 0

#Transform 33
Transform: AffineTransform_float_3_3
Parameters: 1 0.000995837 0.000382045 -0.000997163 0.999995 0.00305562 -0.000378955 -0.00305638 0.999996 -0.137013 -0.054652 0.230876
FixedParameters: 0 0 0

#Transform 34
Transform: AffineTransform_float_3_3
Parameters: 1 0.00054405 0.000273894 -0.00054495 0.999994 0.00347885 -0.000272106 -0.00347915 0.999994 -0.100245 0.0110361 0.123801
FixedParameters: 0 0 0

#Transform 35
Transform: AffineTransform_float_3_3
Parameters: 1 0.000485371 0.000218403 -0.000485628 0.999995 0.00288889 -0.000216598 -0.0028891 0.999996 -0.0482751 0.00121832 0.104768
FixedParameters: 0 0 0

#Transform 36
Transform: AffineTransform_float_3_3
Parameters: 1 0.000484919 0.000332581 -0.000486079 0.999994 0.00325784 -0.000330418 -0.00325816 0.999994 -0.0197618 -0.0447085 0.087473
FixedParameters: 0 0 0

#Transform 37
Transform: AffineTransform_float_3_3
Parameters: 1 0.000485458 0.000175507 -0.00048554 0.999995 0.00310192 -0.000173495 -0.00310209 0.999995 -0.0323968 0.00456409 0.0973564
FixedParameters: 0 0 0

#Transform 38
Transform: AffineTransform_float_3_3
Parameters: 1 0.000487484 -0.000401203 -0.000485516 0.999993 0.0036912 0.000402795 -0.00369081 0.999993 -0.00863979 -0.0740694 0.151499
FixedParameters: 0 0 0

#Transform 39
Transform: AffineTransform_float_3_3
Parameters: 1 0.000486252 -7.94721e-05 -0.000485749 0.999995 0.00314304 8.05271e-05 -0.00314296 0.999995 -0.013509 -0.0408516 0.0727256
FixedParameters: 0 0 0

#Transform 40
Transform: AffineTransform_float_3_3
Parameters: 1 0.00048573 7.47749e-05 -0.000486267 0.999993 0.00365297 -7.22242e-05 -0.00365304 0.999994 -0.0158335 -0.0485738 0.123607
FixedParameters: 0 0 0

#Transform 41
Transform: AffineTransform_float_3_3
Parameters: 1 0.00053865 0.000102849 -0.00053835 0.999994 0.00343195 -0.000101153 -0.00343206 0.999994 -0.016955 -0.0548755 0.136111
FixedParameters: 0 0 0

#Transform 42
Transform: AffineTransform_float_3_3
Parameters: 0.999999 0.000483349 0.000750713 -0.000485651 0.999993 0.00353364 -0.000749288 -0.00353436 0.999994 -0.0260768 -0.000158598 0.185379
FixedParameters: 0 0 0

#Transform 43
Transform: AffineTransform_float_3_3
Parameters: 1 -4.50979e-05 0.000267817 4.39013e-05 0.999991 0.00409801 -0.000268182 -0.00409798 0.999991 0.00764931 -0.0781324 0.167814
FixedParameters: 0 0 0

#Transform 44
Transform: AffineTransform_float_3_3
Parameters: 0.999999 0.000386215 0.000620115 -0.000388784 0.999996 0.00288076 -0.000618882 -0.00288124 0.999995 -0.00950891 0.0250057 0.130619
FixedParameters: 0 0 0

#Transform 45
Transform: AffineTransform_float_3_3
Parameters: 0.999998 0.00103833 0.00156777 -0.00104367 0.999993 0.00362237 -0.00156423 -0.00362363 0.999992 -0.025752 -0.0340333 0.156632
FixedParameters: 0 0 0

#Transform 46
Transform: AffineTransform_float_3_3
Parameters: 0.999999 0.0002705 0.000868098 -0.000274499 0.999992 0.00403376 -0.0008669 -0.00403424 0.999992 -0.000265222 -0.0536775 0.152783
FixedParameters: 0 0 0

#Transform 47
Transform: AffineTransform_float_3_3
Parameters: 0.999999 0.000163925 0.000774657 -0.000167076 0.999992 0.00397087 -0.000774342 -0.00397113 0.999992 -0.0224781 0.0144554 0.198065
FixedParameters: 0 0 0

#Transform 48
Transform: AffineTransform_float_3_3
Parameters: 1 0.00054596 0.000999219 -0.000550043 0.999991 0.00404745 -0.000997783 -0.00404755 0.999992 -0.0320001 -0.0676523 0.199727
FixedParameters: 0 0 0

#Transform 49
Transform: AffineTransform_float_3_3
Parameters: 0.999999 0.000361028 0.000821312 -0.00036497 0.999994 0.0036207 -0.000819684 -0.0036213 0.999993 -0.0535267 -0.0196949 0.162911
FixedParameters: 0 0 0

#Transform 50
Transform: AffineTransform_float_3_3
Parameters: 1 0.000145462 0.00014554 -0.000145536 0.999993 0.00370198 -0.000144462 -0.00370202 0.999993 -0.0226757 -0.0281499 0.214495
FixedParameters: 0 0 0

#Transform 51
Transform: AffineTransform_float_3_3
Parameters: 1 0.000412171 0.000473598 -0.000413831 0.999993 0.00386881 -0.000472402 -0.0038692 0.999993 -0.0290945 -0.0528844 0.172399
FixedParameters: 0 0 0

#Transform 52
Transform: AffineTransform_float_3_3
Parameters: 1 0.000228734 0.000576504 -0.000230267 0.999997 0.00219687 -0.000576496 -0.00219713 0.999998 -0.0253158 0.0289026 0.180353
FixedParameters: 0 0 0

#Transform 53
Transform: AffineTransform_float_3_3
Parameters: 0.999999 0.000485377 0.000578365 -0.000486621 0.999996 0.00280872 -0.000576635 -0.00280928 0.999996 -0.0315351 -0.0403006 0.214611
FixedParameters: 0 0 0

#Transform 54
Transform: AffineTransform_float_3_3
Parameters: 1 8.29388e-05 0.000577154 -8.40615e-05 0.999999 0.00183995 -0.000576846 -0.00183905 0.999998 -0.0169885 0.03608 0.159984
FixedParameters: 0 0 0

#Transform 55
Transform: AffineTransform_float_3_3
Parameters: 1 0.000400323 0.000307882 -0.000400677 0.999998 0.00220088 -0.000307119 -0.00220113 0.999998 0.0018824 -0.0390534 0.232212
FixedParameters: 0 0 0

#Transform 56
Transform: AffineTransform_float_3_3
Parameters: 1 0.000125534 0.00057732 -0.000127465 0.999997 0.00253993 -0.000576678 -0.00254007 0.999996 -0.00236918 -0.00158114 0.159566
FixedParameters: 0 0 0

#Transform 57
Transform: AffineTransform_float_3_3
Parameters: 1 0.000318786 0.000577671 -0.000320213 0.999997 0.00210281 -0.000576327 -0.00210318 0.999997 -0.0112165 0.00488829 0.169635
FixedParameters: 0 0 0

#Transform 58
Transform: AffineTransform_float_3_3
Parameters: 1 0.000249966 0.000577449 -0.000251034 0.999999 0.00179286 -0.000576551 -0.00179215 0.999998 -0.0103554 -0.0280329 0.129819
FixedParameters: 0 0 0

#Transform 59
Transform: AffineTransform_float_3_3
Parameters: 1 0.000352676 0.000147777 -0.000353325 0.999998 0.00220095 -0.000147223 -0.00220105 0.999997 -0.00508796 0.00999233 0.175412
FixedParameters: 0 0 0

#Transform 60
Transform: AffineTransform_float_3_3
Parameters: 1 0.000352227 0.000341798 -0.000352773 0.999998 0.00226388 -0.000341202 -0.00226412 0.999998 0.0043092 -0.06203 0.0970996
FixedParameters: 0 0 0

#Transform 61
Transform: AffineTransform_float_3_3
Parameters: 1 0.00030085 0.000511678 -0.000302149 0.999997 0.00224985 -0.000510322 -0.00224915 0.999998 -0.00998207 0.0301265 0.080669
FixedParameters: 0 0 0

#Transform 62
Transform: AffineTransform_float_3_3
Parameters: 0.999999 0.000779754 0.000586 -0.000782245 0.999993 0.00384155 -0.000582999 -0.00384246 0.999993 -0.0334974 -0.0808839 0.163177
FixedParameters: 0 0 0

#Transform 63
Transform: AffineTransform_float_3_3
Parameters: 1 0.000431012 -0.00084447 -0.00042799 0.999993 0.00356336 0.000845531 -0.00356364 0.999994 -0.0378554 -0.0534539 0.199183
FixedParameters: 0 0 0

#Transform 64
Transform: AffineTransform_float_3_3
Parameters: 1 0.000356866 -0.00108974 -0.000353132 0.999993 0.00354639 0.00109126 -0.00354561 0.999993 -0.0604738 0.0122823 0.221532
FixedParameters: 0 0 0

#Transform 65
Transform: AffineTransform_float_3_3
Parameters: 0.999999 0.000357092 -0.000865322 -0.000352909 0.999989 0.00472531 0.000866677 -0.00472469 0.999989 -0.0263797 -0.0468361 0.238695
FixedParameters: 0 0 0

#Transform 66
Transform: AffineTransform_float_3_3
Parameters: 0.999999 -8.79544e-05 -0.000867419 9.20435e-05 0.999989 0.00466492 0.000866579 -0.00466508 0.999988 -0.0332868 -0.00950715 0.130656
FixedParameters: 0 0 0

#Transform 67
Transform: AffineTransform_float_3_3
Parameters: 1 0.000358625 -0.00111621 -0.000353376 0.999988 0.0050354 0.00111779 -0.0050346 0.999986 -0.0338101 -0.0916382 0.192313
FixedParameters: 0 0 0

#Transform 68
Transform: AffineTransform_float_3_3
Parameters: 1 0.000355904 -0.000559162 -0.000353097 0.999987 0.0051852 0.000560838 -0.00518481 0.999987 -0.0528764 -0.0481286 0.145403
FixedParameters: 0 0 0

#Transform 69
Transform: AffineTransform_float_3_3
Parameters: 0.999999 -0.000533798 -0.000554103 0.000537202 0.999983 0.0057957 0.000550896 -0.0057953 0.999983 -0.00251417 -0.0956653 0.167443
FixedParameters: 0 0 0

#Transform 70
Transform: AffineTransform_float_3_3
Parameters: 0.999997 -0.00218623 -0.00130273 0.00219277 0.999987 0.00444416 0.00129327 -0.00444684 0.99999 0.0935224 -0.0825501 0.115538
FixedParameters: 0 0 0

#Transform 71
Transform: AffineTransform_float_3_3
Parameters: 1 -0.000552841 0.000160126 0.00055216 0.999987 0.00520309 -0.000162875 -0.00520291 0.999987 0.026185 -0.0395526 0.182309
FixedParameters: 0 0 0

#Transform 72
Transform: AffineTransform_float_3_3
Parameters: 1 0.000496784 0.000220756 -0.000498217 0.999984 0.00554089 -0.000218243 -0.0055411 0.999984 -0.0595026 -0.0843724 0.257283
FixedParameters: 0 0 0

#Transform 73
Transform: AffineTransform_float_3_3
Parameters: 1 0.000190048 -1.64596e-05 -0.000189954 0.999996 0.002844 1.65403e-05 -0.002844 0.999996 -0.0274588 0.0285506 0.208479
FixedParameters: 0 0 0

#Transform 74
Transform: AffineTransform_float_3_3
Parameters: 1 0.000189409 0.000164682 -0.000189589 0.999993 0.00359797 -0.000163319 -0.00359803 0.999993 -0.01121 -0.0747506 0.366716
FixedParameters: 0 0 0

#Transform 75
Transform: AffineTransform_float_3_3
Parameters: 1 -0.000146309 0.000379498 0.000145689 0.999994 0.00344706 -0.000380504 -0.00344694 0.999994 -0.00435956 0.0401668 0.265643
FixedParameters: 0 0 0

#Transform 76
Transform: AffineTransform_float_3_3
Parameters: 0.999999 0.000712821 -0.000186895 -0.000712178 0.99999 0.00435914 0.000190106 -0.00435887 0.999991 -0.0672835 -0.0158817 0.279094
FixedParameters: 0 0 0

#Transform 77
Transform: AffineTransform_float_3_3
Parameters: 1 0.000123773 -0.000465532 -0.000122225 0.999992 0.00380706 0.000466468 -0.00380694 0.999992 -0.0478467 0.0242241 0.202338
FixedParameters: 0 0 0

#Transform 78
Transform: AffineTransform_float_3_3
Parameters: 1 0.00044649 -0.000310871 -0.00044551 0.999989 0.00477514 0.000313131 -0.00477486 0.999988 -0.0348541 -0.0270357 0.279753
FixedParameters: 0 0 0

#Transform 79
Transform: AffineTransform_float_3_3
Parameters: 1 9.26142e-05 -0.000117519 -9.23886e-05 0.999987 0.00521502 0.000117483 -0.00521499 0.999987 -0.0150561 -0.0350491 0.254996
FixedParameters: 0 0 0

#Transform 80
Transform: AffineTransform_float_3_3
Parameters: 1 0.000277952 -0.000201694 -0.000277051 0.999989 0.00470506 0.000202306 -0.00470494 0.999989 -0.0101478 -0.0215832 0.178518
FixedParameters: 0 0 0

#Transform 81
Transform: AffineTransform_float_3_3
Parameters: 0.999999 0.000505499 0.00061905 -0.0005085 0.999991 0.00404568 -0.000616947 -0.00404631 0.999991 -0.00553623 -0.0661921 0.184793
FixedParameters: 0 0 0

#Transform 82
Transform: AffineTransform_float_3_3
Parameters: 0.999999 0.000564014 0.000501243 -0.000565984 0.999992 0.00396972 -0.000498757 -0.00397028 0.999992 -0.0212869 0.0470755 0.317685
FixedParameters: 0 0 0

#Transform 83
Transform: AffineTransform_float_3_3
Parameters: 1 0.000236777 -0.000176965 -0.000235223 0.999991 0.00437705 0.000178031 -0.00437696 0.999991 0.0105806 -0.0433788 0.275219
FixedParameters: 0 0 0

#Transform 84
Transform: AffineTransform_float_3_3
Parameters: 1 -0.00021323 -0.000178922 0.000213766 0.99999 0.00431596 0.000177079 -0.00431604 0.99999 0.00228789 0.0241258 0.20733
FixedParameters: 0 0 0

#Transform 85
Transform: AffineTransform_float_3_3
Parameters: 1 0.000542627 -0.000380691 -0.000541376 0.999991 0.00426121 0.00038231 -0.00426079 0.999991 -0.0303096 -0.0147649 0.214827
FixedParameters: 0 0 0

#Transform 86
Transform: AffineTransform_float_3_3
Parameters: 0.999999 0.000544467 -0.000633034 -0.000541532 0.999985 0.00546534 0.000635969 -0.00546465 0.999985 -0.0345777 -0.0541779 0.258081
FixedParameters: 0 0 0

#Transform 87
Transform: AffineTransform_float_3_3
Parameters: 0.999999 0.000544466 -0.000684257 -0.000541536 0.999987 0.00505437 0.000686746 -0.00505463 0.999987 -0.0528558 -0.00161516 0.22511
FixedParameters: 0 0 0

#Transform 88
Transform: AffineTransform_float_3_3
Parameters: 1 0.000546555 -0.00105614 -0.000541445 0.999986 0.00525357 0.00105886 -0.00525242 0.999985 -0.0110055 -0.0299852 0.228152
FixedParameters: 0 0 0

#Transform 89
Transform: AffineTransform_float_3_3
Parameters: 0.999999 0.000377464 -0.00119929 -0.000371537 0.999989 0.00455345 0.0012007 -0.00455255 0.999989 -0.0441408 -0.00342994 0.162377
FixedParameters: 0 0 0

#Transform 90
Transform: AffineTransform_float_3_3
Parameters: 1 3.8646e-05 -0.00119383 -3.33531e-05 0.999989 0.00472904 0.00119417 -0.00472896 0.999988 -0.0282634 -0.0434357 0.235288
FixedParameters: 0 0 0

#Transform 91
Transform: AffineTransform_float_3_3
Parameters: 0.999999 0.00011143 -0.00147246 -0.000103574 0.999988 0.00504416 0.00147254 -0.00504484 0.999986 -0.0316614 -0.0598903 0.227901
FixedParameters: 0 0 0

#Transform 92
Transform: AffineTransform_float_3_3
Parameters: 0.999999 9.844e-06 -0.00122797 -4.15583e-06 0.999988 0.00475901 0.00122803 -0.00475899 0.999988 -0.0180543 -0.0207532 0.278207
FixedParameters: 0 0 0

#Transform 93
Transform: AffineTransform_float_3_3
Parameters: 0.999999 0.000110647 -0.00131746 -0.000104351 0.999988 0.00504415 0.00131854 -0.00504386 0.999987 -0.0269745 -0.0732984 0.240517
FixedParameters: 0 0 0

#Transform 94
Transform: AffineTransform_float_3_3
Parameters: 0.999999 -4.22948e-05 -0.00156523 4.97039e-05 0.999988 0.00492293 0.00156477 -0.00492307 0.999986 -0.0236763 0.0196051 0.208917
FixedParameters: 0 0 0

#Transform 95
Transform: AffineTransform_float_3_3
Parameters: 0.999998 0.000262425 -0.00161065 -0.000254579 0.999987 0.00522842 0.00161135 -0.00522859 0.999985 -0.0171158 -0.070354 0.207467
FixedParameters: 0 0 0

#Transform 96
Transform: AffineTransform_float_3_3
Parameters: 0.999999 -0.000219573 -0.00153493 0.000226426 0.999991 0.00418766 0.00153406 -0.00418834 0.99999 -0.0145426 0.00140031 0.12857
FixedParameters: 0 0 0

#Transform 97
Transform: AffineTransform_float_3_3
Parameters: 0.999998 0.000111511 -0.00164951 -0.000104491 0.999989 0.00455318 0.00164949 -0.00455282 0.999989 0.00335194 -0.0411263 0.209388
FixedParameters: 0 0 0

#Transform 98
Transform: AffineTransform_float_3_3
Parameters: 0.999999 -0.000302531 -0.00136822 0.000308469 0.999992 0.00399958 0.00136678 -0.00399942 0.999991 0.00430418 0.0044675 0.172079
FixedParameters: 0 0 0

#Transform 99
Transform: AffineTransform_float_3_3
Parameters: 0.999999 -0.000391731 -0.00143245 0.000397268 0.999993 0.00368044 0.00143055 -0.00368057 0.999992 0.00633349 0.0100825 0.30513
FixedParameters: 0 0 0

#Transform 100
Transform: AffineTransform_float_3_3
Parameters: 0.999999 -0.000393367 -0.000757897 0.000396634 0.999989 0.0047997 0.000756105 -0.0048003 0.999988 -0.000956306 -0.0522219 0.410406
FixedParameters: 0 0 0

#Transform 101
Transform: AffineTransform_float_3_3
Parameters: 1 -0.000155349 -0.00106054 0.000159652 0.999994 0.00344283 0.00106046 -0.00344317 0.999993 -0.00221433 0.0125933 0.256416
FixedParameters: 0 0 0

#Transform 102
Transform: AffineTransform_float_3_3
Parameters: 0.999999 -0.000392731 -0.00117444 0.000397271 0.999994 0.00363654 0.00117356 -0.00363746 0.999992 0.00474178 0.0376218 0.217641
FixedParameters: 0 0 0

#Transform 103
Transform: AffineTransform_float_3_3
Parameters: 1 8.35938e-05 -0.0011226 -7.84041e-05 0.999987 0.00498209 0.0011234 -0.00498191 0.999987 -0.00116531 -0.0806132 0.208485
FixedParameters: 0 0 0

#Transform 104
Transform: AffineTransform_float_3_3
Parameters: 0.999999 1.86839e-05 -0.00142594 -1.33198e-05 0.999992 0.00398602 0.00142506 -0.00398598 0.999991 -0.00932754 0.0274882 0.0844706
FixedParameters: 0 0 0

#Transform 105
Transform: AffineTransform_float_3_3
Parameters: 0.999999 0.000463422 -0.00169772 -0.000455577 0.999987 0.00495778 0.00170028 -0.00495722 0.999987 -0.00675488 -0.0872646 0.134401
FixedParameters: 0 0 0

#Transform 106
Transform: AffineTransform_float_3_3
Parameters: 0.999998 -0.000390316 -0.00158866 0.000396686 0.999991 0.00420938 0.00158734 -0.00420962 0.99999 -0.00404348 0.0193469 0.115411
FixedParameters: 0 0 0

#Transform 107
Transform: AffineTransform_float_3_3
Parameters: 0.999997 0.000547652 -0.00211052 -0.00053835 0.99999 0.00457115 0.00211248 -0.00456986 0.999988 -0.0149235 -0.0627732 0.229904
FixedParameters: 0 0 0

#Transform 108
Transform: AffineTransform_float_3_3
Parameters: 0.999998 0.000860167 -0.00141828 -0.000853831 0.99999 0.00434222 0.00142272 -0.00434178 0.999989 -0.0173281 -0.0407937 0.218942
FixedParameters: 0 0 0

#Transform 109
Transform: AffineTransform_float_3_3
Parameters: 0.999998 0.00043697 -0.00155906 -0.000430031 0.99999 0.00446768 0.00156094 -0.00446732 0.999989 -0.0095385 0.0104223 0.34293
FixedParameters: 0 0 0

#Transform 110
Transform: AffineTransform_float_3_3
Parameters: 0.999998 0.00080451 -0.00151503 -0.00079649 0.999988 0.00495121 0.00151896 -0.00494979 0.999986 -0.0374836 -0.0503217 0.353323
FixedParameters: 0 0 0

#Transform 111
Transform: AffineTransform_float_3_3
Parameters: 0.999999 0.000605782 -0.00119459 -0.000601217 0.999992 0.00399872 0.00119741 -0.00399828 0.999992 -0.0108985 0.0508642 0.333593
FixedParameters: 0 0 0

#Transform 112
Transform: AffineTransform_float_3_3
Parameters: 0.999998 0.000672358 -0.00149516 -0.000666642 0.999991 0.004249 0.00149785 -0.004248 0.99999 0.00273174 -0.0399741 0.344677
FixedParameters: 0 0 0

#Transform 113
Transform: AffineTransform_float_3_3
Parameters: 0.999999 0.000111857 -0.00155959 -0.000106143 0.999993 0.00375417 0.00156041 -0.00375483 0.999991 -0.00337547 0.0479436 0.263635
FixedParameters: 0 0 0

#Transform 114
Transform: AffineTransform_float_3_3
Parameters: 0.999999 0.000454827 -0.00135473 -0.000448173 0.999987 0.00503462 0.00135727 -0.00503439 0.999987 -0.00538202 -0.0404086 0.321235
FixedParameters: 0 0 0

#Transform 115
Transform: AffineTransform_float_3_3
Parameters: 0.999999 0.000477553 -0.00137674 -0.000471451 0.999988 0.00475565 0.00137826 -0.00475534 0.999987 0.00367135 -0.0598134 0.28663
FixedParameters: 0 0 0

#Transform 116
Transform: AffineTransform_float_3_3
Parameters: 0.999998 0.000587579 -0.00153149 -0.000580418 0.99999 0.0042929 0.00153451 -0.00429211 0.99999 0.0154843 0.0323021 0.262417
FixedParameters: 0 0 0

#Transform 117
Transform: AffineTransform_float_3_3
Parameters: 0.999999 0.000788821 -0.00165382 -0.000780181 0.999986 0.0053263 0.00165818 -0.00532571 0.999985 -0.00174499 -0.0857175 0.24589
FixedParameters: 0 0 0

#Transform 118
Transform: AffineTransform_float_3_3
Parameters: 0.999999 0.000260807 -0.0013629 -0.000254198 0.999991 0.00425835 0.0013631 -0.00425865 0.99999 0.00124912 0.007646 0.158621
FixedParameters: 0 0 0

#Transform 119
Transform: AffineTransform_float_3_3
Parameters: 0.999999 0.000836935 -0.00128952 -0.000830068 0.999985 0.00536908 0.00129347 -0.00536792 0.999985 -0.0111996 -0.0653714 0.223677
FixedParameters: 0 0 0

#Transform 120
Transform: AffineTransform_float_3_3
Parameters: 0.999998 0.000645539 -0.00162102 -0.000637461 0.999989 0.00464704 0.00162398 -0.00464596 0.999988 -0.00826375 -0.0503766 0.167895
FixedParameters: 0 0 0

#Transform 121
Transform: AffineTransform_float_3_3
Parameters: 0.999999 0.00083565 -0.00116296 -0.00083035 0.999988 0.00484997 0.00116704 -0.00484903 0.999987 -0.0186618 -0.0170004 0.198673
FixedParameters: 0 0 0

#Transform 122
Transform: AffineTransform_float_3_3
Parameters: 0.999998 0.000919489 -0.0012917 -0.000912509 0.999983 0.00578619 0.0012973 -0.00578582 0.999983 -0.00467382 -0.0681815 0.218371
FixedParameters: 0 0 0

#Transform 123
Transform: AffineTransform_float_3_3
Parameters: 0.999999 0.000503785 -0.00126772 -0.000498213 0.999989 0.00455963 0.00127028 -0.00455936 0.999989 -0.00734578 0.0116289 0.188573
FixedParameters: 0 0 0

#Transform 124
Transform: AffineTransform_float_3_3
Parameters: 0.999999 0.000824345 -0.00131003 -0.000817654 0.999988 0.00483708 0.00131397 -0.00483592 0.999988 -0.0100291 -0.0572688 0.251727
FixedParameters: 0 0 0

#Transform 125
Transform: AffineTransform_float_3_3
Parameters: 0.999998 0.000713129 -0.00146655 -0.000705873 0.999988 0.00485604 0.00146944 -0.00485496 0.999987 -0.00621329 -0.0508805 0.190465
FixedParameters: 0 0 0

#Transform 126
Transform: AffineTransform_float_3_3
Parameters: 0.999998 0.00103768 -0.00160105 -0.00102932 0.999988 0.00478866 0.00160595 -0.00478734 0.999988 -0.00817745 -0.0225008 0.23343
FixedParameters: 0 0 0

#Transform 127
Transform: AffineTransform_float_3_3
Parameters: 0.999998 0.00136317 -0.0014383 -0.00135483 0.999983 0.00566896 0.0014457 -0.00566704 0.999983 -0.0147708 -0.0849449 0.226696
FixedParameters: 0 0 0

#Transform 128
Transform: AffineTransform_float_3_3
Parameters: 0.999998 0.000974436 -0.00170377 -0.000967562 0.99999 0.00436066 0.00170823 -0.00435834 0.999989 -0.00572594 -0.0264693 0.181105
FixedParameters: 0 0 0

#Transform 129
Transform: AffineTransform_float_3_3
Parameters: 0.999998 0.000797648 -0.00219616 -0.000787354 0.999988 0.00484474 0.00219984 -0.00484326 0.999986 0.00385672 -0.0470223 0.248144
FixedParameters: 0 0 0

#Transform 130
Transform: AffineTransform_float_3_3
Parameters: 0.999997 0.00100933 -0.0019502 -0.000999671 0.999988 0.00477896 0.0019548 -0.00477704 0.999986 7.04311e-06 -0.111135 0.229959
FixedParameters: 0 0 0

#Transform 131
Transform: AffineTransform_float_3_3
Parameters: 0.999998 0.000795424 -0.00191352 -0.000787579 0.99999 0.00439852 0.00191648 -0.00439749 0.999989 0.0166363 -0.0087374 0.225502
FixedParameters: 0 0 0

#Transform 132
Transform: AffineTransform_float_3_3
Parameters: 0.999999 0.00133851 -0.00117651 -0.00133049 0.999979 0.00636058 0.00118449 -0.00635942 0.999979 0.00679239 -0.0845487 0.385188
FixedParameters: 0 0 0

#Transform 133
Transform: AffineTransform_float_3_3
Parameters: 0.999999 0.000679335 -0.00135034 -0.000671667 0.999985 0.00542492 0.00135366 -0.00542409 0.999985 0.00982935 -0.0264238 0.315215
FixedParameters: 0 0 0

#Transform 134
Transform: AffineTransform_float_3_3
Parameters: 0.999998 0.000798606 -0.0018761 -0.000787393 0.99998 0.00617949 0.0018809 -0.00617751 0.999979 0.00376716 -0.0767981 0.390184
FixedParameters: 0 0 0

#Transform 135
Transform: AffineTransform_float_3_3
Parameters: 0.999997 0.000798668 -0.00227995 -0.00078733 0.999986 0.00511481 0.00228406 -0.00511219 0.999985 -0.0112129 -0.00573205 0.273828
FixedParameters: 0 0 0

#Transform 136
Transform: AffineTransform_float_3_3
Parameters: 0.999997 0.0010538 -0.00220988 -0.0010432 0.999987 0.00488032 0.00221512 -0.00487868 0.999985 -0.0195208 -0.00659378 0.348138
FixedParameters: 0 0 0

#Transform 137
Transform: AffineTransform_float_3_3
Parameters: 0.999997 0.00124546 -0.00210326 -0.00123355 0.999985 0.00543861 0.00210974 -0.00543639 0.999983 -0.015138 -0.0780106 0.403558
FixedParameters: 0 0 0

#Transform 138
Transform: AffineTransform_float_3_3
Parameters: 0.999998 0.000848784 -0.00210608 -0.000839217 0.999989 0.00464178 0.00210992 -0.00464022 0.999987 0.0161467 0.0243407 0.322342
FixedParameters: 0 0 0

#Transform 139
Transform: AffineTransform_float_3_3
Parameters: 0.999996 0.000801354 -0.00270679 -0.000786644 0.999985 0.00530015 0.00271121 -0.00529785 0.999983 0.0256848 -0.0844626 0.377231
FixedParameters: 0 0 0

#Transform 140
Transform: AffineTransform_float_3_3
Parameters: 0.999997 0.000796825 -0.00204921 -0.000787172 0.999988 0.00479063 0.00205379 -0.00478938 0.999987 -0.0159405 -0.0298513 0.255039
FixedParameters: 0 0 0

#Transform 141
Transform: AffineTransform_float_3_3
Parameters: 0.999997 0.000800743 -0.00236439 -0.000787259 0.999983 0.00580788 0.00236861 -0.00580612 0.999981 -0.00673756 -0.0733412 0.358854
FixedParameters: 0 0 0

#Transform 142
Transform: AffineTransform_float_3_3
Parameters: 0.999997 0.000800607 -0.00226424 -0.000787395 0.999981 0.0060038 0.00226877 -0.0060022 0.99998 -0.0176719 -0.062179 0.24591
FixedParameters: 0 0 0

#Transform 143
Transform: AffineTransform_float_3_3
Parameters: 0.999996 0.00119212 -0.00281564 -0.00117687 0.999985 0.00536734 0.00282235 -0.00536366 0.999981 -0.0429068 -0.0248509 0.330636
FixedParameters: 0 0 0

#Transform 144
Transform: AffineTransform_float_3_3
Parameters: 0.999995 0.00124595 -0.00295826 -0.00122505 0.999974 0.00707166 0.00296773 -0.00706834 0.99997 -0.0263374 -0.078469 0.474808
FixedParameters: 0 0 0

#Transform 145
Transform: AffineTransform_float_3_3
Parameters: 0.999997 0.000797571 -0.00239751 -0.000787431 0.99999 0.0044069 0.00240049 -0.0044051 0.999988 -0.0136815 0.0263194 0.277463
FixedParameters: 0 0 0

#Transform 146
Transform: AffineTransform_float_3_3
Parameters: 0.999997 0.00112602 -0.00222696 -0.00111398 0.999985 0.0053905 0.00223304 -0.0053885 0.999983 -0.0165084 -0.0603369 0.431496
FixedParameters: 0 0 0

#Transform 147
Transform: AffineTransform_float_3_3
Parameters: 0.999997 0.000599093 -0.00209486 -0.000587905 0.999986 0.00529224 0.00209814 -0.00529075 0.999984 -0.00111388 -0.0201203 0.36743
FixedParameters: 0 0 0

#Transform 148
Transform: AffineTransform_float_3_3
Parameters: 0.999997 0.000797983 -0.00228419 -0.000787014 0.999988 0.00480481 0.00228881 -0.00480319 0.999986 0.0192455 -0.0325315 0.370292
FixedParameters: 0 0 0

#Transform 149
Transform: AffineTransform_float_3_3
Parameters: 0.999998 0.00123648 -0.00192595 -0.00122752 0.999987 0.00491638 0.00193206 -0.00491363 0.999986 -0.0124937 -0.0754534 0.313677
FixedParameters: 0 0 0

#Transform 150
Transform: AffineTransform_float_3_3
Parameters: 0.999998 0.000973113 -0.00176455 -0.000964885 0.999989 0.00459271 0.00176945 -0.00459129 0.999988 -0.0129439 0.00125582 0.281949
FixedParameters: 0 0 0

#Transform 151
Transform: AffineTransform_float_3_3
Parameters: 0.999997 0.00115349 -0.00212982 -0.00114252 0.999985 0.00538545 0.00213518 -0.00538355 0.999983 -0.0140885 -0.0774289 0.318494
FixedParameters: 0 0 0

#Transform 152
Transform: AffineTransform_float_3_3
Parameters: 0.999996 0.000798543 -0.00250535 -0.000787458 0.999989 0.00460499 0.00250865 -0.00460301 0.999987 -0.0232294 0.00262283 0.315684
FixedParameters: 0 0 0

#Transform 153
Transform: AffineTransform_float_3_3
Parameters: 0.999996 0.0013657 -0.00274224 -0.0013493 0.999982 0.00571972 0.00274976 -0.00571627 0.99998 -0.0388308 -0.0744674 0.428516
FixedParameters: 0 0 0

#Transform 154
Transform: AffineTransform_float_3_3
Parameters: 0.999997 0.00100099 -0.00218646 -0.000991015 0.999989 0.00456418 0.00219055 -0.00456182 0.999987 -0.00970007 -0.00299454 0.258815
FixedParameters: 0 0 0

#Transform 155
Transform: AffineTransform_float_3_3
Parameters: 0.999995 0.00184735 -0.00279391 -0.00183165 0.999984 0.00548715 0.00280409 -0.00548185 0.999981 -0.0442382 -0.0390937 0.384152
FixedParameters: 0 0 0

#Transform 156
Transform: AffineTransform_float_3_3
Parameters: 0.999995 0.0019662 -0.00250826 -0.00195481 0.999988 0.00445793 0.00251673 -0.00445307 0.999987 -0.0448195 -0.0447835 0.217663
FixedParameters: 0 0 0

#Transform 157
Transform: AffineTransform_float_3_3
Parameters: 0.999996 0.00165421 -0.00250429 -0.0016438 0.999991 0.00407213 0.00251071 -0.00406786 0.999988 -0.0218282 0.00711036 0.264422
FixedParameters: 0 0 0

#Transform 158
Transform: AffineTransform_float_3_3
Parameters: 0.999995 0.00153363 -0.00274498 -0.00152137 0.999989 0.0045962 0.00275202 -0.0045918 0.999985 -0.0156413 -0.0534162 0.258351
FixedParameters: 0 0 0

#Transform 159
Transform: AffineTransform_float_3_3
Parameters: 0.999994 0.0015319 -0.00290127 -0.0015211 0.999992 0.00375543 0.00290673 -0.00375157 0.999988 -0.0197696 0.0255636 0.193644
FixedParameters: 0 0 0

#Transform 160
Transform: AffineTransform_float_3_3
Parameters: 0.999994 0.00153525 -0.00287443 -0.00152075 0.999986 0.00495439 0.00288157 -0.0049506 0.999983 -0.0222536 -0.0552669 0.295931
FixedParameters: 0 0 0

#Transform 161
Transform: AffineTransform_float_3_3
Parameters: 0.999995 0.00103864 -0.00295358 -0.00102536 0.999991 0.00427805 0.00295741 -0.00427495 0.999986 -0.0181902 0.03197 0.247592
FixedParameters: 0 0 0

#Transform 162
Transform: AffineTransform_float_3_3
Parameters: 0.999996 0.00121358 -0.00258807 -0.00120243 0.999991 0.00408313 0.00259293 -0.00408087 0.999989 -0.0301409 -0.0327822 0.226661
FixedParameters: 0 0 0

#Transform 163
Transform: AffineTransform_float_3_3
Parameters: 0.999995 0.00150709 -0.00298342 -0.00149591 0.999992 0.00371748 0.00298858 -0.00371252 0.999988 -0.0237324 0.00570408 0.190957
FixedParameters: 0 0 0

#Transform 164
Transform: AffineTransform_float_3_3
Parameters: 0.999993 0.00139374 -0.00340021 -0.00138226 0.999993 0.00345372 0.00340479 -0.00344828 0.999989 -0.027357 0.00868199 0.191285
FixedParameters: 0 0 0

#Transform 165
Transform: AffineTransform_float_3_3
Parameters: 0.999994 0.00128789 -0.00327557 -0.00127411 0.99999 0.0042382 0.00328142 -0.0042338 0.999985 -0.00698376 -0.0523885 0.153708
FixedParameters: 0 0 0

#Transform 166
Transform: AffineTransform_float_3_3
Parameters: 0.999995 0.00103616 -0.00300852 -0.00102584 0.999994 0.0033781 0.00301148 -0.0033749 0.99999 -0.0168791 0.0442995 0.149162
FixedParameters: 0 0 0

#Transform 167
Transform: AffineTransform_float_3_3
Parameters: 0.999993 0.00137541 -0.00352079 -0.00136259 0.999992 0.00380882 0.00352621 -0.00380317 0.999986 -0.0141173 -0.0522822 0.229138
FixedParameters: 0 0 0

#Transform 168
Transform: AffineTransform_float_3_3
Parameters: 0.999992 0.00103874 -0.00381956 -0.00102526 0.999994 0.00333594 0.00382344 -0.00333205 0.999987 0.01335 0.00210076 0.15359
FixedParameters: 0 0 0

#Transform 169
Transform: AffineTransform_float_3_3
Parameters: 0.99999 0.00147334 -0.00410023 -0.00146065 0.999993 0.00325602 0.00410477 -0.00324998 0.999987 -0.0169012 0.00314685 0.242536
FixedParameters: 0 0 0

#Transform 170
Transform: AffineTransform_float_3_3
Parameters: 0.999989 0.00176017 -0.00419567 -0.00174483 0.999992 0.00361536 0.00420233 -0.00360864 0.999984 -0.0324658 -0.0212752 0.167479
FixedParameters: 0 0 0

#Transform 171
Transform: AffineTransform_float_3_3
Parameters: 0.999992 0.00115249 -0.0039754 -0.00113951 0.999995 0.00314256 0.0039786 -0.00313844 0.999987 -0.0179869 0.0179809 0.194216
FixedParameters: 0 0 0

#Transform 172
Transform: AffineTransform_float_3_3
Parameters: 0.999992 0.00104071 -0.00400421 -0.00102529 0.999992 0.00367514 0.0040078 -0.00367086 0.999985 -0.00845899 -0.0391002 0.171465
FixedParameters: 0 0 0

#Transform 173
Transform: AffineTransform_float_3_3
Parameters: 0.999991 0.00103389 -0.00407901 -0.00102511 0.999997 0.0019362 0.00408099 -0.0019328 0.99999 -0.0123665 0.0489178 0.106999
FixedParameters: 0 0 0

#Transform 174
Transform: AffineTransform_float_3_3
Parameters: 0.999991 0.00142907 -0.00415055 -0.00141894 0.999996 0.00242691 0.00415346 -0.00242109 0.999989 -0.0222373 -0.0248945 0.160218
FixedParameters: 0 0 0

#Transform 175
Transform: AffineTransform_float_3_3
Parameters: 0.999991 0.00136098 -0.00383582 -0.00135202 0.999997 0.00234321 0.00383917 -0.00233779 0.99999 -0.0291706 0.0350004 0.0936641
FixedParameters: 0 0 0

#Transform 176
Transform: AffineTransform_float_3_3
Parameters: 0.999991 0.00210546 -0.00363323 -0.00209154 0.999991 0.00370363 0.00364076 -0.00369637 0.999986 -0.0626368 0.0222417 0.233393
FixedParameters: 0 0 0

#Transform 177
Transform: AffineTransform_float_3_3
Parameters: 0.999989 0.00210819 -0.00400953 -0.00209181 0.999989 0.00403843 0.00401747 -0.00402957 0.999984 -0.0463445 -0.0232694 0.261323
FixedParameters: 0 0 0

#Transform 178
Transform: AffineTransform_float_3_3
Parameters: 0.999997 0.00165192 -0.00172521 -0.00164908 0.999997 0.00169485 0.0017278 -0.00169215 0.999997 -0.0752345 0.0263786 0.246538
FixedParameters: 0 0 0

#Transform 179
Transform: AffineTransform_float_3_3
Parameters: 0.999994 0.00203813 -0.00279682 -0.00203087 0.999994 0.00255069 0.00280218 -0.0025443 0.999993 -0.0402953 -0.0357142 0.242587
FixedParameters: 0 0 0

#Transform 180
Transform: AffineTransform_float_3_3
Parameters: 0.999993 0.00208304 -0.00304584 -0.00207397 0.999994 0.00296634 0.00305116 -0.00296067 0.999991 -0.0669148 0.0402536 0.230179
FixedParameters: 0 0 0

#Transform 181
Transform: AffineTransform_float_3_3
Parameters: 0.999992 0.00218738 -0.00335001 -0.00217262 0.999987 0.00458831 0.00335999 -0.00458069 0.999984 -0.0503834 -0.034678 0.322893
FixedParameters: 0 0 0

#Transform 182
Transform: AffineTransform_float_3_3
Parameters: 0.999997 0.00141028 -0.00232941 -0.00140172 0.999991 0.00398028 0.0023346 -0.00397672 0.99999 -0.038947 0.0433933 0.239267
FixedParameters: 0 0 0

#Transform 183
Transform: AffineTransform_float_3_3
Parameters: 0.999993 0.00187695 -0.00305909 -0.00186405 0.99999 0.00423073 0.00306691 -0.00422527 0.999987 -0.070528 0.000869815 0.408713
FixedParameters: 0 0 0

#Transform 184
Transform: AffineTransform_float_3_3
Parameters: 0.999991 0.0020633 -0.00364863 -0.0020527 0.999993 0.00309852 0.00365537 -0.00309148 0.999988 -0.0455384 -0.0188994 0.37894
FixedParameters: 0 0 0

#Transform 185
Transform: AffineTransform_float_3_3
Parameters: 0.999994 0.00172684 -0.00295143 -0.00171916 0.999995 0.00265609 0.00295557 -0.00265091 0.999992 -0.0464911 0.0711532 0.336519
FixedParameters: 0 0 0

#Transform 186
Transform: AffineTransform_float_3_3
Parameters: 0.999992 0.00212363 -0.00317759 -0.00211137 0.99999 0.00397274 0.00318541 -0.00396626 0.999987 -0.042923 -0.0494149 0.291481
FixedParameters: 0 0 0

#Transform 187
Transform: AffineTransform_float_3_3
