#Insight Transform File V1.0
#Transform 0
Transform: AffineTransform_float_3_3
Parameters: 0.999998 -0.00224158 0.000608592 0.00223843 0.999988 0.00420037 -0.000617408 -0.00419963 0.999991 0.109523 -0.0989446 -0.076033
FixedParameters: 0 0 0

#Transform 1
Transform: AffineTransform_float_3_3
Parameters: 0.999997 -0.00237365 0.000633146 0.00237034 0.999988 0.00415451 -0.000643853 -0.00415348 0.999991 0.105403 -0.116581 -0.0768196
FixedParameters: 0 0 0

#Transform 2
Transform: AffineTransform_float_3_3
Parameters: 0.999996 -0.00228103 0.00172067 0.00227697 0.999994 0.00233893 -0.00172633 -0.00233507 0.999996 0.120641 -0.0415608 -0.108316
FixedParameters: 0 0 0

#Transform 3
Transform: AffineTransform_float_3_3
Parameters: 0.999997 -0.00214217 0.00119758 0.00213783 0.999991 0.00346957 -0.00120442 -0.00346743 0.999994 0.11022 -0.126715 -0.106686
FixedParameters: 0 0 0

#Transform 4
Transform: AffineTransform_float_3_3
Parameters: 0.999998 -0.00182253 0.000892846 0.00181947 0.999995 0.00283063 -0.000898153 -0.00282937 0.999995 0.0779499 -0.0550062 -0.0977408
FixedParameters: 0 0 0

#Transform 5
Transform: AffineTransform_float_3_3
Parameters: 0.999997 -0.00240648 0.000187895 0.00240552 0.999994 0.00253746 -0.000194103 -0.00253654 0.999997 0.107375 -0.111456 -0.125931
FixedParameters: 0 0 0

#Transform 6
Transform: AffineTransform_float_3_3
Parameters: 0.999998 -0.00195337 0.000260246 0.00195363 0.999997 0.00141051 -0.000262756 -0.00141049 0.999999 0.102375 -0.0272185 -0.142456
FixedParameters: 0 0 0

#Transform 7
Transform: AffineTransform_float_3_3
Parameters: 0.999998 -0.00206849 0.000188647 0.00206851 0.999994 0.00258839 -0.000193353 -0.0025876 0.999996 0.10873 -0.0933602 -0.100626
FixedParameters: 0 0 0

#Transform 8
Transform: AffineTransform_float_3_3
Parameters: 0.999998 -0.00168307 3.58745e-05 0.00168293 0.999997 0.00185706 -3.91252e-05 -0.00185694 0.999999 0.0952007 -0.0387882 -0.128566
FixedParameters: 0 0 0

#Transform 9
Transform: AffineTransform_float_3_3
Parameters: 0.999999 -0.00174932 0.00019107 0.00174868 0.999997 0.00167534 -0.000193929 -0.00167466 0.999998 0.103295 -0.0589942 -0.147984
FixedParameters: 0 0 0

#Transform 10
Transform: AffineTransform_float_3_3
Parameters: 0.999998 -0.00169614 0.00019277 0.00169686 0.999999 0.000725328 -0.000193232 -0.000725673 0.999999 0.102246 -0.0409997 -0.12387
FixedParameters: 0 0 0

#Transform 11
Transform: AffineTransform_float_3_3
Parameters: 0.999998 -0.00156191 0.000726052 0.00156109 0.999998 0.00124814 -0.000727948 -0.00124686 0.999999 0.0762037 -0.0524813 -0.135823
FixedParameters: 0 0 0

#Transform 12
Transform: AffineTransform_float_3_3
Parameters: 0.999999 -0.00165579 0.000554644 0.00165521 0.999997 0.00142392 -0.000556357 -0.00142308 0.999999 0.0648986 -0.0550224 -0.0854743
FixedParameters: 0 0 0

#Transform 13
Transform: AffineTransform_float_3_3
Parameters: 1 -0.00112967 0.000397097 0.00112833 0.999998 0.00168545 -0.000398903 -0.00168555 0.999999 0.0506001 -0.0594321 -0.0809745
FixedParameters: 0 0 0

#Transform 14
Transform: AffineTransform_float_3_3
Parameters: 0.999999 -0.000983655 0.000983348 0.000981346 0.999998 0.00168197 -0.000984652 -0.00168103 0.999998 0.0454603 -0.0890119 -0.0515316
FixedParameters: 0 0 0

#Transform 15
Transform: AffineTransform_float_3_3
Parameters: 0.999999 -0.000861357 0.000984688 0.000860642 0.999999 0.000363848 -0.000985313 -0.000362152 1 0.0507978 -0.0392118 -0.122011
FixedParameters: 0 0 0

#Transform 16
Transform: AffineTransform_float_3_3
Parameters: 0.999999 -0.00116473 0.000984135 0.00116427 0.999999 0.000743147 -0.000984865 -0.000741854 0.999999 0.0559207 -0.0893264 -0.130309
FixedParameters: 0 0 0

#Transform 17
Transform: AffineTransform_float_3_3
Parameters: 1 -0.000908079 0.000661892 0.000907921 0.999999 0.000119601 -0.000662109 -0.000119399 1 0.0505247 -0.049429 -0.108553
FixedParameters: 0 0 0

#Transform 18
Transform: AffineTransform_float_3_3
Parameters: 1 -0.000258402 0.000984896 0.000257598 1 0.000408254 -0.000985106 -0.000407746 1 -0.0608257 -0.079537 -0.042802
FixedParameters: 0 0 0

#Transform 19
Transform: AffineTransform_float_3_3
Parameters: 1 -5.62804e-05 0.00121985 5.27192e-05 0.999997 0.00268907 -0.00122015 -0.00268893 0.999995 -0.0795511 -0.0993148 0.147833
FixedParameters: 0 0 0

#Transform 20
Transform: AffineTransform_float_3_3
Parameters: 1 -0.000137935 -0.00022304 0.000138065 1 0.000292969 0.00022296 -0.000293031 1 0.00760572 0.00197915 0.0167077
FixedParameters: 0 0 0

#Transform 21
Transform: AffineTransform_float_3_3
Parameters: 1 -1.84631e-05 0.00120599 1.75369e-05 1 0.000384021 -0.00120601 -0.000383978 0.999999 -0.0619123 -0.0638887 -0.0088287
FixedParameters: 0 0 0

#Transform 22
Transform: AffineTransform_float_3_3
Parameters: 0.999997 7.39078e-05 0.0024986 -5.90894e-05 0.999982 -0.00596617 -0.0024994 0.00596584 0.999979 -0.0933884 0.0463879 -0.249373
FixedParameters: 0 0 0

#Transform 23
Transform: AffineTransform_float_3_3
Parameters: 0.999999 -0.000357967 0.000864844 0.000360033 0.999997 -0.00235169 -0.000864155 0.00235231 0.999997 -0.000611997 -0.114448 -0.142471
FixedParameters: 0 0 0

#Transform 24
Transform: AffineTransform_float_3_3
Parameters: 1 -0.000210976 0.000527411 0.000212025 0.999998 -0.00194189 -0.000527589 0.00194211 0.999998 0.0168768 -0.0275962 -0.116556
FixedParameters: 0 0 0

#Transform 25
Transform: AffineTransform_float_3_3
Parameters: 0.999999 -0.000509625 0.000527362 0.000509374 0.999999 -0.000709731 -0.000527638 0.000710269 0.999999 0.0257179 -0.10032 -0.11379
FixedParameters: 0 0 0

#Transform 26
Transform: AffineTransform_float_3_3
Parameters: 0.999999 -0.000509484 0.000527499 0.000509516 1 -0.000977732 -0.000527502 0.00097827 1 0.0318009 -0.073221 -0.0989505
FixedParameters: 0 0 0

#Transform 27
Transform: AffineTransform_float_3_3
Parameters: 0.999999 -0.000508926 0.000869629 0.000510075 0.999999 -0.00123556 -0.00086937 0.00123544 0.999999 0.035445 -0.0520935 -0.13339
FixedParameters: 0 0 0

#Transform 28
Transform: AffineTransform_float_3_3
Parameters: 0.999999 -0.000509471 0.00049954 0.00050953 1 -0.00105975 -0.000499461 0.00105926 1 0.0587363 -0.0720054 -0.0815272
FixedParameters: 0 0 0

#Transform 29
Transform: AffineTransform_float_3_3
Parameters: 0.999999 -0.000508653 0.000629092 0.000509346 0.999997 -0.00214268 -0.00062791 0.00214332 0.999998 0.0631457 -0.0413249 -0.17403
FixedParameters: 0 0 0

#Transform 30
Transform: AffineTransform_float_3_3
Parameters: 0.999998 -0.00186255 0.000411028 0.00186345 0.999997 -0.00108824 -0.000408972 0.00108876 1 0.116581 -0.0832638 -0.133666
FixedParameters: 0 0 0

#Transform 31
Transform: AffineTransform_float_3_3
Parameters: 0.999998 -0.00229922 -0.00011574 0.00229878 0.999995 -0.00185327 0.00012026 0.00185273 0.999999 0.146737 -0.00491947 -0.0961833
FixedParameters: 0 0 0

#Transform 32
Transform: AffineTransform_float_3_3
Parameters: 0.999998 -0.00229879 0.000132733 0.00229921 0.999996 -0.0016237 -0.000129266 0.0016243 0.999998 0.145906 -0.0571869 -0.144538
FixedParameters: 0 0 0

#Transform 33
Transform: AffineTransform_float_3_3
Parameters: 0.999998 -0.00165166 -0.000372101 0.00165134 0.999997 -0.00175562 0.0003749 0.00175538 0.999999 0.142511 -0.0627433 -0.0951195
FixedParameters: 0 0 0

#Transform 34
Transform: AffineTransform_float_3_3
Parameters: 0.999999 -0.00119122 0.000340732 0.00119178 0.999996 -0.0022926 -0.000338269 0.0022924 0.999998 0.0641083 -0.0308107 -0.142281
FixedParameters: 0 0 0

#Transform 35
Transform: AffineTransform_float_3_3
Parameters: 0.999999 -0.00118246 0.000355807 0.00118354 0.999998 -0.00152758 -0.000354192 0.00152842 0.999999 0.0847554 -0.0962391 -0.0811967
FixedParameters: 0 0 0

#Transform 36
Transform: AffineTransform_float_3_3
Parameters: 1 -0.00114408 0.000356957 0.00114492 0.999996 -0.00258359 -0.000354044 0.00258341 0.999996 0.0860363 -0.00446942 -0.110512
FixedParameters: 0 0 0

#Transform 37
Transform: AffineTransform_float_3_3
Parameters: 0.999999 -0.00131982 0.000358369 0.00132118 0.999993 -0.00330853 -0.00035363 0.00330947 0.999995 0.0890212 -0.0641825 -0.116236
FixedParameters: 0 0 0

#Transform 38
Transform: AffineTransform_float_3_3
Parameters: 0.999999 -0.000878781 0.000208214 0.000880217 0.999982 -0.00592882 -0.000202786 0.00592818 0.999983 0.0803499 0.0142886 -0.228044
FixedParameters: 0 0 0

#Transform 39
Transform: AffineTransform_float_3_3
Parameters: 0.999999 -0.000646088 -0.000394602 0.000643915 0.999986 -0.00526826 0.000397398 0.00526874 0.999986 0.0889821 -0.00467631 -0.12561
FixedParameters: 0 0 0

#Transform 40
Transform: AffineTransform_float_3_3
Parameters: 0.999999 -0.00077515 -0.000263644 0.000774849 0.999991 -0.00433221 0.00026736 0.00433279 0.99999 0.097866 -0.0460807 -0.156489
FixedParameters: 0 0 0

#Transform 41
Transform: AffineTransform_float_3_3
Parameters: 0.999999 -6.31356e-05 -0.0010307 5.78637e-05 0.999987 -0.00498106 0.0010313 0.00498194 0.999987 0.119899 -0.00885594 -0.0550875
FixedParameters: 0 0 0

#Transform 42
Transform: AffineTransform_float_3_3
Parameters: 0.999997 2.00975e-05 -0.00267604 -2.49023e-05 0.999999 -0.00183194 0.00267596 0.00183206 0.999994 0.239487 -0.0335502 0.25461
FixedParameters: 0 0 0

#Transform 43
Transform: AffineTransform_float_3_3
Parameters: 0.999996 -0.00014942 -0.00279356 0.000141578 0.999996 -0.00301441 0.00279444 0.00301359 0.999991 0.244032 0.0169311 0.225825
FixedParameters: 0 0 0

#Transform 44
Transform: AffineTransform_float_3_3
Parameters: 0.999997 -0.000149002 -0.00270057 0.000141001 0.999995 -0.00296239 0.00270043 0.00296261 0.999992 0.242664 -0.00517641 0.215027
FixedParameters: 0 0 0

#Transform 45
Transform: AffineTransform_float_3_3
Parameters: 0.999995 -0.000148947 -0.00319564 0.000141053 0.999997 -0.00248746 0.00319536 0.00248654 0.999992 0.250281 -0.00183861 0.17823
FixedParameters: 0 0 0

#Transform 46
Transform: AffineTransform_float_3_3
Parameters: 0.999993 -0.000151868 -0.00367557 0.000141128 0.999995 -0.00295754 0.00367643 0.00295646 0.999989 0.278726 0.0120374 0.0548678
FixedParameters: 0 0 0

#Transform 47
Transform: AffineTransform_float_3_3
Parameters: 0.999989 0.000533589 -0.0046328 -0.000549415 0.999995 -0.00332649 0.0046312 0.00332851 0.999983 0.282543 -0.038187 -0.14647
FixedParameters: 0 0 0

#Transform 48
Transform: AffineTransform_float_3_3
Parameters: 0.999991 0.000532362 -0.00403923 -0.00054964 0.999992 -0.00411982 0.00403677 0.00412119 0.999984 0.232826 -0.00624766 -0.206791
FixedParameters: 0 0 0

#Transform 49
Transform: AffineTransform_float_3_3
Parameters: 0.999995 0.000641192 -0.00326135 -0.000652807 0.999993 -0.00362089 0.00325866 0.00362311 0.999988 0.175682 -0.00327612 -0.0467899
FixedParameters: 0 0 0

#Transform 50
Transform: AffineTransform_float_3_3
Parameters: 0.999993 0.000285958 -0.00370495 -0.000298041 0.999994 -0.00324992 0.00370405 0.00325108 0.999988 0.181432 0.0229549 -0.0476807
FixedParameters: 0 0 0

#Transform 51
Transform: AffineTransform_float_3_3
Parameters: 0.999988 -1.17737e-05 -0.00478299 8.22606e-06 0.999999 -0.000789048 0.00478301 0.000788953 0.999989 0.156215 0.223129 -0.233456
FixedParameters: 0 0 0

#Transform 52
Transform: AffineTransform_float_3_3
Parameters: 0.999988 0.0008186 -0.00478462 -0.000828399 0.999997 -0.00196306 0.00478238 0.00196694 0.999986 0.146385 -0.0387918 -0.142037
FixedParameters: 0 0 0

#Transform 53
Transform: AffineTransform_float_3_3
Parameters: 0.999996 0.00152663 -0.00234872 -0.00154337 0.999975 -0.0069824 0.00233828 0.0069866 0.999973 0.0682169 0.137597 -0.374014
FixedParameters: 0 0 0

#Transform 54
Transform: AffineTransform_float_3_3
Parameters: 0.999999 0.00123712 -0.000907236 -0.00124588 0.99995 -0.00985488 0.000894764 0.00985612 0.999951 0.0985115 0.0580533 -0.450578
FixedParameters: 0 0 0

#Transform 55
Transform: AffineTransform_float_3_3
Parameters: 0.999999 0.00172972 0.000465252 -0.00172329 0.999927 -0.0120148 -0.00048574 0.0120142 0.999927 0.0741433 0.136744 -0.478436
FixedParameters: 0 0 0

#Transform 56
Transform: AffineTransform_float_3_3
Parameters: 0.999999 0.000743018 2.99972e-06 -0.000742981 0.999991 -0.004038 -6.0002e-06 0.00403799 0.999992 0.115566 -0.0367712 -0.176826
FixedParameters: 0 0 0

#Transform 57
Transform: AffineTransform_float_3_3
Parameters: 1 0.000106066 0.000552796 -0.000104934 0.999998 -0.00192806 -0.000553203 0.00192794 0.999998 0.0997801 -0.0380211 -0.092268
FixedParameters: 0 0 0

#Transform 58
Transform: AffineTransform_float_3_3
Parameters: 1 0.000105808 -0.000429047 -0.000105192 1 -0.000447955 0.000428953 0.000448045 1 0.132167 -0.0951104 -0.132268
FixedParameters: 0 0 0

#Transform 59
Transform: AffineTransform_float_3_3
Parameters: 1 0.000815045 -0.000761024 -0.000816955 0.999999 -0.00125538 0.000759974 0.00125662 0.999999 0.0836111 -0.0387445 -0.161955
FixedParameters: 0 0 0

#Transform 60
Transform: AffineTransform_float_3_3
Parameters: 0.999997 0.000182754 -0.00264209 -0.000169245 0.999987 0.00520547 0.00264292 -0.00520454 0.999983 0.170274 -0.141539 0.213264
FixedParameters: 0 0 0

#Transform 61
Transform: AffineTransform_float_3_3
Parameters: 0.999996 0.000578532 -0.0025928 -0.000563468 0.999984 0.00560148 0.0025962 -0.00560052 0.999981 0.149207 -0.115013 0.201975
FixedParameters: 0 0 0

#Transform 62
Transform: AffineTransform_float_3_3
Parameters: 0.999996 0.000584631 -0.00296854 -0.000572372 0.999991 0.00425372 0.00297046 -0.00425228 0.999986 0.162914 -0.137847 0.145678
FixedParameters: 0 0 0

#Transform 63
Transform: AffineTransform_float_3_3
Parameters: 0.999997 0.000428231 -0.00240555 -0.000419771 0.999994 0.00342102 0.00240645 -0.00341998 0.999992 0.156931 -0.0939333 0.115384
FixedParameters: 0 0 0

#Transform 64
Transform: AffineTransform_float_3_3
Parameters: 0.999996 0.000839448 -0.0028907 -0.00082855 0.999992 0.00395941 0.0028943 -0.00395659 0.999988 0.18035 -0.120879 0.0583837
FixedParameters: 0 0 0

#Transform 65
Transform: AffineTransform_float_3_3
Parameters: 0.999998 0.000166943 -0.00163842 -0.000171057 0.999997 -0.00247572 0.00163858 0.00247628 0.999995 0.159988 0.0261541 -1.39419
FixedParameters: 0 0 0

#Transform 66
Transform: AffineTransform_float_3_3
Parameters: 0.999997 0.000864463 -0.00232432 -0.000868536 0.999998 -0.00152099 0.00232268 0.00152301 0.999996 0.0635488 0.0610545 -2.11251
FixedParameters: 0 0 0

#Transform 67
Transform: AffineTransform_float_3_3
Parameters: 0.999997 0.00108647 -0.00220274 -0.00109053 0.999998 -0.0015996 0.00220126 0.0016024 0.999997 0.0806678 -0.304509 -0.897851
FixedParameters: 0 0 0

#Transform 68
Transform: AffineTransform_float_3_3
Parameters: 0.999997 0.00239935 -0.00124979 -0.00240664 0.999978 -0.00615402 0.00123421 0.00615699 0.999981 0.0162478 -0.0423863 -0.701068
FixedParameters: 0 0 0

#Transform 69
Transform: AffineTransform_float_3_3
Parameters: 0.999998 0.00128556 -0.0018851 -0.00129344 0.999992 -0.00394958 0.00187991 0.00395243 0.999991 0.0638375 -0.12689 -0.579739
FixedParameters: 0 0 0

#Transform 70
Transform: AffineTransform_float_3_3
Parameters: 0.999997 0.00160545 -0.0017927 -0.00161356 0.999988 -0.00478112 0.0017853 0.00478388 0.999987 0.0695859 -0.0673949 -0.689418
FixedParameters: 0 0 0

#Transform 71
Transform: AffineTransform_float_3_3
Parameters: 0.999996 0.00159563 -0.00233911 -0.00160636 0.999989 -0.00443626 0.0023319 0.00443974 0.999988 0.0774046 -0.1389 -0.666319
FixedParameters: 0 0 0

#Transform 72
Transform: AffineTransform_float_3_3
Parameters: 0.999996 0.00144133 -0.00233986 -0.00145368 0.999984 -0.00542462 0.00233215 0.00542738 0.999982 0.0602487 -0.0672869 -0.68274
FixedParameters: 0 0 0

#Transform 73
Transform: AffineTransform_float_3_3
Parameters: 0.999997 0.00091128 -0.00233819 -0.000927718 0.999977 -0.00673085 0.00233181 0.00673314 0.999974 0.0944099 -0.105836 -0.736804
FixedParameters: 0 0 0

#Transform 74
Transform: AffineTransform_float_3_3
Parameters: 0.999999 0.000800473 -0.00161876 -0.000814528 0.999964 -0.00837269 0.00161224 0.0083743 0.999963 0.0990551 -0.069047 -0.79495
FixedParameters: 0 0 0

#Transform 75
Transform: AffineTransform_float_3_3
Parameters: 0.999997 0.000891489 -0.00219004 -0.00091051 0.99996 -0.00892403 0.00218196 0.00892597 0.999958 0.092511 -0.0840984 -0.827988
FixedParameters: 0 0 0

#Transform 76
Transform: AffineTransform_float_3_3
Parameters: 0.999998 0.00132381 -0.00136294 -0.00133719 0.999952 -0.00972519 0.00135006 0.0097268 0.999952 0.00671227 -0.0197789 -0.747225
FixedParameters: 0 0 0

#Transform 77
Transform: AffineTransform_float_3_3
Parameters: 0.999999 0.00100204 -0.000364239 -0.00100495 0.999966 -0.00820964 0.000355761 0.00821036 0.999966 0.0161254 -0.12969 -0.618166
FixedParameters: 0 0 0

#Transform 78
Transform: AffineTransform_float_3_3
Parameters: 0.999999 0.000327368 -0.000694203 -0.00033263 0.999977 -0.00668177 0.000691793 0.00668223 0.999978 0.0165281 -0.0642193 -0.449443
FixedParameters: 0 0 0

#Transform 79
Transform: AffineTransform_float_3_3
Parameters: 1 0.000260461 -0.00061551 -0.000263542 0.999984 -0.00575684 0.000614493 0.00575716 0.999983 0.0125501 -0.0955036 -0.424433
FixedParameters: 0 0 0

#Transform 80
Transform: AffineTransform_float_3_3
Parameters: 1 6.8295e-05 -0.000614423 -7.17084e-05 0.999982 -0.00603195 0.000614578 0.00603204 0.999981 0.0147799 -0.0830173 -0.367262
FixedParameters: 0 0 0

#Transform 81
Transform: AffineTransform_float_3_3
Parameters: 1 3.92797e-06 -1.10259e-05 -3.07187e-06 0.999978 -0.00653999 1.09801e-05 0.00653999 0.999978 0.00549813 -0.058764 -0.443838
FixedParameters: 0 0 0

#Transform 82
Transform: AffineTransform_float_3_3
Parameters: 1 0.000394954 -0.000485494 -0.000398043 0.99998 -0.00628981 0.000482506 0.00629019 0.99998 -0.00158033 -0.122722 -0.411571
FixedParameters: 0 0 0

#Transform 83
Transform: AffineTransform_float_3_3
Parameters: 1 0.000994953 -0.000455712 -0.000998049 0.999977 -0.00673555 0.000449287 0.00673645 0.999977 -0.0236104 -0.0663903 -0.42936
FixedParameters: 0 0 0

#Transform 84
Transform: AffineTransform_float_3_3
Parameters: 1 0.000670822 -0.00074886 -0.000674179 0.99999 -0.00425249 0.00074614 0.0042525 0.99999 -0.00855147 -0.146978 -0.365738
FixedParameters: 0 0 0

#Transform 85
Transform: AffineTransform_float_3_3
Parameters: 0.999999 0.00131495 -0.000699753 -0.00131805 0.999989 -0.00436908 0.000694248 0.00436992 0.99999 -0.0253147 -0.100274 -0.356771
FixedParameters: 0 0 0

#Transform 86
Transform: AffineTransform_float_3_3
Parameters: 0.999996 5.31331e-05 -0.00268124 -6.38654e-05 0.999992 -0.00405284 0.00268076 0.00405316 0.999988 -0.00206388 -0.147785 -0.485512
FixedParameters: 0 0 0

#Transform 87
Transform: AffineTransform_float_3_3
Parameters: 0.999993 4.65067e-05 -0.00377826 -6.34913e-05 0.99999 -0.0046298 0.00377775 0.00463021 0.999982 0.0433165 -0.137132 -0.463339
FixedParameters: 0 0 0

#Transform 88
Transform: AffineTransform_float_3_3
Parameters: 0.999995 -8.30394e-05 -0.00332866 6.79628e-05 0.99999 -0.00451825 0.00332834 0.00451775 0.999985 0.0986596 -0.110189 -0.456072
FixedParameters: 0 0 0

#Transform 89
Transform: AffineTransform_float_3_3
Parameters: 0.999997 -0.000379513 -0.00238551 0.000369487 0.999992 -0.00398789 0.00238649 0.00398611 0.999989 0.0838645 -0.1519 -0.37981
FixedParameters: 0 0 0

#Transform 90
Transform: AffineTransform_float_3_3
Parameters: 0.999999 0.000165111 -0.00182821 -0.000177887 0.999975 -0.00705169 0.00182679 0.00705232 0.999974 0.122507 -0.076958 -0.555506
FixedParameters: 0 0 0

#Transform 91
Transform: AffineTransform_float_3_3
Parameters: 0.999999 -0.00012857 -0.00143534 0.000120431 0.999986 -0.00527318 0.00143566 0.00527282 0.999985 0.105698 -0.127425 -0.523875
FixedParameters: 0 0 0

#Transform 92
Transform: AffineTransform_float_3_3
Parameters: 0.999999 -0.000382745 -0.00182437 0.000370257 0.999975 -0.00698168 0.00182663 0.00698031 0.999974 0.100026 -0.0593589 -0.600304
FixedParameters: 0 0 0

#Transform 93
Transform: AffineTransform_float_3_3
Parameters: 1 0.000566731 -0.000795062 -0.00057127 0.999986 -0.00538055 0.000791938 0.00538045 0.999985 0.0545031 -0.126231 -0.600471
FixedParameters: 0 0 0

#Transform 94
Transform: AffineTransform_float_3_3
Parameters: 0.999999 0.00087696 -0.000916849 -0.000882037 0.999985 -0.0055122 0.000911152 0.00551281 0.999985 0.0487065 -0.0950655 -0.565331
FixedParameters: 0 0 0

#Transform 95
Transform: AffineTransform_float_3_3
Parameters: 0.999999 0.000727823 -0.00159384 -0.00073418 0.999992 -0.00387984 0.00159116 0.00388017 0.999991 0.0610928 -0.159107 -0.555492
FixedParameters: 0 0 0

#Transform 96
Transform: AffineTransform_float_3_3
Parameters: 0.999998 9.77322e-05 -0.00173155 -0.000107266 0.999985 -0.00535382 0.00173045 0.00535318 0.999984 0.0910303 0.101653 -0.74752
FixedParameters: 0 0 0

#Transform 97
Transform: AffineTransform_float_3_3
Parameters: 0.999998 0.000579769 -0.00201439 -0.000588229 0.999992 -0.00408782 0.00201161 0.00408918 0.999989 0.0685229 -0.12261 -0.531697
FixedParameters: 0 0 0

#Transform 98
Transform: AffineTransform_float_3_3
Parameters: 0.999998 0.000144035 -0.00165799 -0.000154964 0.999978 -0.00661475 0.00165701 0.00661525 0.999976 0.0816536 -0.0240332 -0.65268
FixedParameters: 0 0 0

#Transform 99
Transform: AffineTransform_float_3_3
Parameters: 0.99999 0.00346436 0.00277656 -0.00344264 0.999964 -0.00766063 -0.00280344 0.00765036 0.999967 -0.0960969 -0.0832057 -0.716413
FixedParameters: 0 0 0

#Transform 100
Transform: AffineTransform_float_3_3
Parameters: 0.999997 0.00253694 0.000874114 -0.00253006 0.999966 -0.00785024 -0.000893888 0.00784876 0.999969 -0.0582833 -0.0542277 -0.679461
FixedParameters: 0 0 0

#Transform 101
Transform: AffineTransform_float_3_3
Parameters: 1 0.00103304 -0.000308639 -0.00103496 0.999979 -0.00641969 0.000302363 0.00641932 0.99998 0.0292391 -0.096834 -0.67895
FixedParameters: 0 0 0

#Transform 102
Transform: AffineTransform_float_3_3
Parameters: 1 0.0010332 -0.000308103 -0.00103481 0.999982 -0.00590168 0.000302898 0.00590231 0.999982 0.0292137 -0.0821606 -0.561126
FixedParameters: 0 0 0

#Transform 103
Transform: AffineTransform_float_3_3
Parameters: 1 0.000665661 -0.000787545 -0.000671343 0.999976 -0.00679947 0.000783454 0.00679952 0.999976 0.0343427 -0.0827777 -0.680955
FixedParameters: 0 0 0

#Transform 104
Transform: AffineTransform_float_3_3
Parameters: 0.999998 0.000631749 -0.00149893 -0.000641251 0.99998 -0.00617904 0.00149507 0.00617995 0.99998 0.0238735 -0.107116 -0.628265
FixedParameters: 0 0 0

#Transform 105
Transform: AffineTransform_float_3_3
Parameters: 0.999999 0.000446133 -0.00149828 -0.000456863 0.999973 -0.00725932 0.00149472 0.00726067 0.999972 0.0257213 -0.0731619 -0.767421
FixedParameters: 0 0 0

#Transform 106
Transform: AffineTransform_float_3_3
Parameters: 0.999999 0.000446607 -0.00149814 -0.000457392 0.999976 -0.00694432 0.00149486 0.00694467 0.999975 0.0364164 -0.107456 -0.706427
FixedParameters: 0 0 0

#Transform 107
Transform: AffineTransform_float_3_3
Parameters: 0.999998 0.000919022 -0.00150239 -0.000930974 0.999967 -0.00799161 0.00149461 0.00799238 0.999967 0.0199173 -0.0740629 -0.780157
FixedParameters: 0 0 0

#Transform 108
Transform: AffineTransform_float_3_3
Parameters: 0.999998 0.000772885 -0.00179072 -0.000786117 0.999973 -0.00733461 0.00178528 0.0073364 0.999972 0.0240783 -0.129039 -0.735428
FixedParameters: 0 0 0

#Transform 109
Transform: AffineTransform_float_3_3
Parameters: 0.999998 0.00110577 -0.00162608 -0.00111923 0.999966 -0.0081592 0.00161692 0.00816081 0.999966 -0.0339018 -0.0597701 -0.750896
FixedParameters: 0 0 0

#Transform 110
Transform: AffineTransform_float_3_3
Parameters: 0.999998 0.000858372 -0.00139796 -0.000867627 0.999976 -0.0069008 0.00139204 0.0069022 0.999975 -0.0129118 -0.114118 -0.656252
FixedParameters: 0 0 0

#Transform 111
Transform: AffineTransform_float_3_3
Parameters: 0.999999 0.00102893 -0.00114207 -0.00104007 0.999952 -0.00973282 0.00113193 0.00973418 0.999952 -0.0457415 0.0124656 -0.7421
FixedParameters: 0 0 0

#Transform 112
Transform: AffineTransform_float_3_3
Parameters: 0.999998 0.00043705 -0.00190369 -0.000456943 0.999945 -0.0104922 0.00189831 0.0104928 0.999943 0.0164996 -0.108907 -0.816763
FixedParameters: 0 0 0

#Transform 113
Transform: AffineTransform_float_3_3
Parameters: 0.999997 0.00117495 -0.00191022 -0.00119304 0.999955 -0.00947275 0.00189878 0.00947526 0.999954 -0.00407709 -0.0765263 -0.770862
FixedParameters: 0 0 0

#Transform 114
Transform: AffineTransform_float_3_3
Parameters: 0.999997 0.0010458 -0.00190797 -0.0010612 0.999963 -0.008508 0.00189904 0.00851001 0.999962 0.00622317 -0.0922097 -0.794655
FixedParameters: 0 0 0

#Transform 115
Transform: AffineTransform_float_3_3
Parameters: 0.999997 0.00114542 -0.00190904 -0.00116258 0.999962 -0.00870481 0.00189895 0.0087072 0.999961 -0.0154537 -0.0777767 -0.758326
FixedParameters: 0 0 0

#Transform 116
Transform: AffineTransform_float_3_3
Parameters: 0.999998 0.0011882 -0.00190956 -0.0012048 0.999961 -0.00882073 0.00189845 0.00882228 0.99996 -0.00179194 -0.0793478 -0.826551
FixedParameters: 0 0 0

#Transform 117
Transform: AffineTransform_float_3_3
Parameters: 0.999997 0.00078412 -0.00223771 -0.000802875 0.999964 -0.00844923 0.0022303 0.00845077 0.999962 0.0200955 -0.0806247 -0.748262
FixedParameters: 0 0 0

#Transform 118
Transform: AffineTransform_float_3_3
Parameters: 0.999997 0.0014369 -0.00191425 -0.0014571 0.999944 -0.0105402 0.00189874 0.0105438 0.999942 -6.38778e-05 -0.0215808 -0.901337
FixedParameters: 0 0 0

#Transform 119
Transform: AffineTransform_float_3_3
Parameters: 0.999998 0.00130457 -0.00190895 -0.00131944 0.999971 -0.00757951 0.00189905 0.0075815 0.99997 0.019118 -0.14368 -0.719951
FixedParameters: 0 0 0

#Transform 120
Transform: AffineTransform_float_3_3
Parameters: 0.999995 0.00136404 -0.00286703 -0.00138696 0.999967 -0.00802006 0.00285596 0.00802393 0.999963 0.00827896 -0.0750763 -0.807676
FixedParameters: 0 0 0

#Transform 121
Transform: AffineTransform_float_3_3
Parameters: 0.999996 0.00124451 -0.00276785 -0.0012645 0.999975 -0.00705354 0.00275915 0.00705647 0.999972 0.00740152 -0.129228 -0.738593
FixedParameters: 0 0 0

#Transform 122
Transform: AffineTransform_float_3_3
Parameters: 0.999996 0.000666037 -0.00266459 -0.000687958 0.999965 -0.0082502 0.00265842 0.0082518 0.999963 0.0241947 -0.0462803 -0.717117
FixedParameters: 0 0 0

#Transform 123
Transform: AffineTransform_float_3_3
Parameters: 0.999996 0.000440734 -0.00304208 -0.000468267 0.999959 -0.00896862 0.00303792 0.00896938 0.999955 0.0340351 -0.0803308 -0.816866
FixedParameters: 0 0 0

#Transform 124
Transform: AffineTransform_float_3_3
Parameters: 0.999995 0.000881656 -0.00304575 -0.000908336 0.999962 -0.00865828 0.00303725 0.00866172 0.999958 0.0264544 -0.0826446 -0.781463
FixedParameters: 0 0 0

#Transform 125
Transform: AffineTransform_float_3_3
Parameters: 0.999996 0.000420069 -0.00304199 -0.000447933 0.999957 -0.00918768 0.00303801 0.00918832 0.999953 0.0343672 -0.0282947 -0.820369
FixedParameters: 0 0 0

#Transform 126
Transform: AffineTransform_float_3_3
Parameters: 0.999992 2.6413e-06 -0.00394318 -3.73568e-05 0.99996 -0.00896692 0.00394282 0.00896708 0.999952 0.0693186 -0.0704441 -0.789719
FixedParameters: 0 0 0

#Transform 127
Transform: AffineTransform_float_3_3
Parameters: 0.999994 0.00072751 -0.00337073 -0.000758481 0.999958 -0.0090525 0.00336327 0.0090555 0.999954 0.0340352 -0.0231029 -0.771421
FixedParameters: 0 0 0

#Transform 128
Transform: AffineTransform_float_3_3
Parameters: 0.999996 0.00205714 -0.00219682 -0.00207586 0.99996 -0.00861748 0.00217919 0.00862252 0.999961 -0.0549823 -0.0725176 -0.772115
FixedParameters: 0 0 0

#Transform 129
Transform: AffineTransform_float_3_3
Parameters: 0.999996 0.00112299 -0.00251947 -0.00114401 0.999965 -0.00835415 0.00250953 0.00835685 0.999962 0.0117353 -0.0561308 -0.739039
FixedParameters: 0 0 0

#Transform 130
Transform: AffineTransform_float_3_3
Parameters: 0.999999 0.00134145 -0.000760899 -0.00135155 0.9999 -0.014032 0.000742108 0.014033 0.999902 -0.00575664 -0.0852937 -1.01126
FixedParameters: 0 0 0

#Transform 131
Transform: AffineTransform_float_3_3
Parameters: 0.999999 0.000683717 -0.00163079 -0.000702285 0.999936 -0.0112369 0.00162321 0.0112381 0.999935 0.0188325 -0.0386046 -0.869116
FixedParameters: 0 0 0

#Transform 132
Transform: AffineTransform_float_3_3
Parameters: 1 0.00022095 -0.000973297 -0.000235046 0.999896 -0.0144588 0.000969703 0.0144592 0.999895 0.0425537 -0.0972123 -1.0629
FixedParameters: 0 0 0

#Transform 133
Transform: AffineTransform_float_3_3
Parameters: 0.999999 0.000894003 -0.000456927 -0.000899997 0.999911 -0.0132966 0.000445072 0.0132964 0.999911 0.0286493 -0.0262856 -1.01436
FixedParameters: 0 0 0

#Transform 134
Transform: AffineTransform_float_3_3
Parameters: 0.999998 0.00107684 -0.00120176 -0.00109116 0.999919 -0.0126877 0.00118825 0.0126893 0.999919 0.0160056 -0.0413257 -0.932934
FixedParameters: 0 0 0

#Transform 135
Transform: AffineTransform_float_3_3
Parameters: 0.999999 0.000878124 -0.00119904 -0.000892875 0.999922 -0.0124629 0.00118796 0.0124641 0.999921 0.0135962 -0.0859077 -0.95638
FixedParameters: 0 0 0

#Transform 136
Transform: AffineTransform_float_3_3
Parameters: 0.999999 0.00100019 -0.00119965 -0.0010148 0.999932 -0.0115628 0.00118734 0.0115642 0.999933 -0.0160949 -0.0447814 -0.86557
FixedParameters: 0 0 0

#Transform 137
Transform: AffineTransform_float_3_3
Parameters: 0.999997 -0.000153128 -0.00215736 0.000128864 0.999932 -0.0116433 0.00215965 0.0116427 0.99993 0.154222 0.0656253 -0.699045
FixedParameters: 0 0 0

#Transform 138
Transform: AffineTransform_float_3_3
Parameters: 0.999998 2.80899e-05 -0.00193944 -4.9905e-05 0.999936 -0.0112979 0.00193856 0.0112981 0.999935 0.17457 0.0581569 -1.16879
FixedParameters: 0 0 0

#Transform 139
Transform: AffineTransform_float_3_3
Parameters: 0.999996 0.000779118 -0.00279637 -0.00081188 0.999931 -0.0117778 0.00278663 0.0117792 0.999926 0.180806 0.0447143 -1.15092
FixedParameters: 0 0 0

#Transform 140
Transform: AffineTransform_float_3_3
Parameters: 0.999995 0.000354554 -0.00295931 -0.000410442 0.999817 -0.0190959 0.0029517 0.0190961 0.999814 0.292067 0.363416 -1.09067
FixedParameters: 0 0 0

#Transform 141
Transform: AffineTransform_float_3_3
Parameters: 1 0.000487824 -0.0010343 -0.000503172 0.999891 -0.0147245 0.0010267 0.0147245 0.999891 0.110342 0.132269 -0.950271
FixedParameters: 0 0 0

#Transform 142
Transform: AffineTransform_float_3_3
Parameters: 0.999998 0.000268774 -0.00164796 -0.000292226 0.999901 -0.0141095 0.00164404 0.0141105 0.999899 0.155596 -0.0093246 -0.955682
FixedParameters: 0 0 0

#Transform 143
Transform: AffineTransform_float_3_3
Parameters: 1 0.000305992 -0.00108435 -0.000321003 0.999904 -0.0138677 0.00107965 0.0138683 0.999903 0.0647781 0.0486776 -0.859387
FixedParameters: 0 0 0

#Transform 144
Transform: AffineTransform_float_3_3
Parameters: 1 -0.000671288 -1.18851e-05 0.000671709 0.999862 -0.01656 2.31267e-05 0.01656 0.999863 0.0814615 0.0448166 -0.886737
FixedParameters: 0 0 0

#Transform 145
Transform: AffineTransform_float_3_3
Parameters: 0.999999 -0.000687445 -0.00106961 0.000671564 0.999882 -0.0152997 0.0010794 0.0152993 0.999883 0.0815557 0.127218 -1.132
FixedParameters: 0 0 0

#Transform 146
Transform: AffineTransform_float_3_3
Parameters: 0.999998 -0.000404635 -0.00154451 0.000379372 0.999863 -0.0165626 0.00155049 0.0165614 0.999861 0.052569 0.140666 -1.15112
FixedParameters: 0 0 0

#Transform 147
Transform: AffineTransform_float_3_3
Parameters: 0.999999 -0.000415069 -0.00143763 0.00039594 0.999913 -0.0132386 0.00144237 0.0132384 0.999912 0.0739785 0.0257867 -0.993175
FixedParameters: 0 0 0

#Transform 148
Transform: AffineTransform_float_3_3
Parameters: 0.999998 -0.000699041 -0.00177018 0.000670962 0.999875 -0.0157922 0.00178082 0.0157908 0.999873 0.0841303 0.0659711 -1.2647
FixedParameters: 0 0 0

#Transform 149
Transform: AffineTransform_float_3_3
Parameters: 0.999999 -0.000359041 -0.00177092 0.000332959 0.999892 -0.0146826 0.00177608 0.0146824 0.99989 0.0635259 -0.00511091 -1.24576
FixedParameters: 0 0 0

#Transform 150
Transform: AffineTransform_float_3_3
Parameters: 0.999998 -0.000707751 -0.00214422 0.000671254 0.999853 -0.0170915 0.00215579 0.0170905 0.999851 0.0990206 0.0439403 -1.34867
FixedParameters: 0 0 0

#Transform 151
Transform: AffineTransform_float_3_3
Parameters: 0.999998 -0.000972951 -0.00209064 0.000937043 0.999853 -0.017129 0.00210736 0.017127 0.999851 0.0886907 -0.000335753 -1.32754
FixedParameters: 0 0 0

#Transform 152
Transform: AffineTransform_float_3_3
Parameters: 0.999999 -0.000540988 -0.00178748 0.000512004 0.999869 -0.0161779 0.00179652 0.016177 0.999867 0.0556564 0.0125601 -1.26369
FixedParameters: 0 0 0

#Transform 153
Transform: AffineTransform_float_3_3
Parameters: 0.999999 -2.52829e-05 -0.00155379 -1.26949e-06 0.999857 -0.016913 0.0015532 0.016913 0.999856 0.0199648 0.012443 -1.28408
FixedParameters: 0 0 0

#Transform 154
Transform: AffineTransform_float_3_3
Parameters: 0.999999 -0.000295913 -0.00130522 0.000274092 0.999859 -0.0167564 0.00130978 0.0167566 0.999858 0.0154054 -0.015573 -1.2846
FixedParameters: 0 0 0

#Transform 155
Transform: AffineTransform_float_3_3
Parameters: 0.999997 0.000653357 -0.00244081 -0.00069563 0.999847 -0.0175114 0.00242819 0.0175126 0.999843 -0.195264 0.161546 -1.30745
FixedParameters: 0 0 0

#Transform 156
Transform: AffineTransform_float_3_3
Parameters: 0.999645 0.0195177 -0.0181304 -0.0196603 0.999777 -0.00770528 0.0179766 0.00805872 0.999806 -1.4445 1.5827 -2.35937
FixedParameters: 0 0 0

#Transform 157
Transform: AffineTransform_float_3_3
Parameters: 0.999817 0.0113749 -0.0153508 -0.0116411 0.999781 -0.0173595 0.0151502 0.0175345 0.999732 -0.914859 0.721404 -1.84337
FixedParameters: 0 0 0

#Transform 158
Transform: AffineTransform_float_3_3
Parameters: 0.999825 0.010475 -0.0155148 -0.010705 0.999833 -0.0148185 0.0153572 0.0149825 0.99977 -0.756291 0.277627 -1.72019
FixedParameters: 0 0 0

#Transform 159
Transform: AffineTransform_float_3_3
Parameters: 0.999855 0.00833692 -0.0148365 -0.0086521 0.999735 -0.0213017 0.0146555 0.0214263 0.999663 -0.621464 0.33625 -1.90115
FixedParameters: 0 0 0

#Transform 160
Transform: AffineTransform_float_3_3
Parameters: 0.999843 0.00814628 -0.0156973 -0.00843672 0.999793 -0.0185445 0.0155427 0.0186735 0.999705 -0.560396 0.282417 -1.80297
FixedParameters: 0 0 0

#Transform 161
Transform: AffineTransform_float_3_3
Parameters: 0.999899 0.0059874 -0.0128938 -0.00617558 0.999875 -0.0145588 0.0128042 0.0146371 0.999811 -0.353579 0.306064 -1.48703
FixedParameters: 0 0 0

#Transform 162
Transform: AffineTransform_float_3_3
Parameters: 0.999916 0.00452333 -0.012133 -0.00469466 0.99989 -0.0140742 0.012068 0.0141308 0.999828 -0.215778 0.35069 -1.52024
FixedParameters: 0 0 0

#Transform 163
Transform: AffineTransform_float_3_3
Parameters: 0.999924 0.00431131 -0.0115305 -0.00448069 0.999882 -0.0146434 0.0114665 0.0146945 0.999827 -0.192639 0.321395 -1.53003
FixedParameters: 0 0 0

#Transform 164
Transform: AffineTransform_float_3_3
Parameters: 0.999929 0.00436991 -0.0111353 -0.0045451 0.999865 -0.0157475 0.0110657 0.0157965 0.999814 -0.20889 0.340392 -1.54872
FixedParameters: 0 0 0

#Transform 165
Transform: AffineTransform_float_3_3
Parameters: 0.999924 0.00451454 -0.0114702 -0.00470047 0.999857 -0.0162823 0.0113949 0.0163347 0.999801 -0.190949 0.325575 -1.61134
FixedParameters: 0 0 0

#Transform 166
Transform: AffineTransform_float_3_3
Parameters: 0.999942 0.00421546 -0.00988667 -0.00437254 0.999863 -0.0159687 0.00981734 0.0160103 0.999823 -0.224708 0.333549 -1.42603
FixedParameters: 0 0 0

#Transform 167
Transform: AffineTransform_float_3_3
Parameters: 0.999929 0.00455812 -0.0110658 -0.00472389 0.999876 -0.0150108 0.0109962 0.0150622 0.999826 -0.237904 0.373125 -1.47315
FixedParameters: 0 0 0

#Transform 168
Transform: AffineTransform_float_3_3
Parameters: 0.999933 0.00349355 -0.0110195 -0.00366746 0.999869 -0.0157596 0.0109635 0.0157994 0.999815 -0.140325 0.30459 -1.48432
FixedParameters: 0 0 0

#Transform 169
Transform: AffineTransform_float_3_3
Parameters: 0.999932 0.00421591 -0.0108704 -0.00439309 0.999857 -0.0163194 0.0107996 0.0163656 0.999807 -0.175213 0.366509 -1.53413
FixedParameters: 0 0 0

#Transform 170
Transform: AffineTransform_float_3_3
Parameters: 0.999932 0.00398904 -0.0109457 -0.00415697 0.999874 -0.0153655 0.0108833 0.0154095 0.999822 -0.170626 0.286464 -1.49491
FixedParameters: 0 0 0

#Transform 171
Transform: AffineTransform_float_3_3
Parameters: 0.999943 0.00508175 -0.00931086 -0.00523525 0.999848 -0.0166182 0.00922514 0.0166658 0.999818 -0.239442 0.373027 -1.48643
FixedParameters: 0 0 0

#Transform 172
Transform: AffineTransform_float_3_3
Parameters: 0.999955 0.00524038 -0.00789427 -0.00537062 0.999847 -0.0166153 0.00780673 0.0166576 0.999831 -0.212677 0.267859 -1.53299
FixedParameters: 0 0 0

#Transform 173
Transform: AffineTransform_float_3_3
Parameters: 0.99995 0.00483486 -0.00877809 -0.00498113 0.999848 -0.0167031 0.00869591 0.0167459 0.999822 -0.185003 0.305912 -1.54342
FixedParameters: 0 0 0

#Transform 174
Transform: AffineTransform_float_3_3
Parameters: 0.999957 0.00464405 -0.00804542 -0.00477894 0.999847 -0.0168363 0.00796558 0.0168737 0.999826 -0.148174 0.281539 -1.59817
FixedParameters: 0 0 0

#Transform 175
Transform: AffineTransform_float_3_3
Parameters: 0.999965 0.00441492 -0.00719284 -0.00454409 0.999827 -0.01803 0.00711215 0.018062 0.999811 -0.180218 0.286983 -1.57151
FixedParameters: 0 0 0

#Transform 176
Transform: AffineTransform_float_3_3
Parameters: 0.999965 0.00424667 -0.00719614 -0.00437833 0.999823 -0.0183341 0.00711686 0.0183649 0.999806 -0.136013 0.290208 -1.5731
FixedParameters: 0 0 0

#Transform 177
Transform: AffineTransform_float_3_3
Parameters: 0.999974 0.00391343 -0.00614423 -0.00401357 0.999857 -0.0164428 0.00607878 0.0164672 0.999846 -0.104721 0.336581 -1.41644
FixedParameters: 0 0 0

#Transform 178
Transform: AffineTransform_float_3_3
Parameters: 0.999973 0.00402643 -0.00616177 -0.00411257 0.999895 -0.013939 0.00610422 0.013964 0.999884 -0.091994 0.261293 -1.33803
FixedParameters: 0 0 0

#Transform 179
Transform: AffineTransform_float_3_3
Parameters: 0.999956 0.00472407 -0.0080159 -0.00486194 0.999839 -0.0172768 0.00793309 0.0173142 0.999818 -0.20105 0.355115 -1.67785
FixedParameters: 0 0 0

#Transform 180
Transform: AffineTransform_float_3_3
Parameters: 0.999926 0.00487569 -0.0111872 -0.00506033 0.999851 -0.0165066 0.0111059 0.0165624 0.999801 -0.185601 0.134525 -1.73087
FixedParameters: 0 0 0

#Transform 181
Transform: AffineTransform_float_3_3
Parameters: 0.999949 0.00358657 -0.00944037 -0.00372345 0.999887 -0.0145816 0.00938764 0.0146154 0.999849 -0.139729 0.227838 -1.54895
FixedParameters: 0 0 0

#Transform 182
Transform: AffineTransform_float_3_3
Parameters: 0.999955 0.00346863 -0.00885039 -0.00359639 0.999888 -0.0145308 0.00879962 0.0145612 0.999856 -0.111115 0.163145 -1.5232
FixedParameters: 0 0 0

#Transform 183
Transform: AffineTransform_float_3_3
Parameters: 0.999957 0.00350331 -0.00867268 -0.00363068 0.999884 -0.0147511 0.00861933 0.0147818 0.999853 -0.105293 0.226963 -1.47526
FixedParameters: 0 0 0

#Transform 184
Transform: AffineTransform_float_3_3
Parameters: 0.999948 0.00245855 -0.0098922 -0.00261545 0.999871 -0.0158339 0.00985179 0.015859 0.999825 -0.036796 0.192561 -1.60711
FixedParameters: 0 0 0

#Transform 185
Transform: AffineTransform_float_3_3
Parameters: 0.999945 0.00223811 -0.0103146 -0.00240888 0.999859 -0.0165851 0.0102754 0.0166089 0.99981 -0.0270241 0.192643 -1.56829
FixedParameters: 0 0 0

#Transform 186
Transform: AffineTransform_float_3_3
Parameters: 0.999948 0.00216979 -0.00996541 -0.0023352 0.999859 -0.0165966 0.00992758 0.0166194 0.999812 -0.00842265 0.200877 -1.62681
FixedParameters: 0 0 0

#Transform 187
Transform: AffineTransform_float_3_3
Parameters: 0.999948 0.00220958 -0.00995999 -0.00236542 0.999873 -0.0157203 0.00992401 0.0157427 0.999827 -0.0374474 0.186557 -1.57835
FixedParameters: 0 0 0

#Transform 188
Transform: AffineTransform_float_3_3
