#Insight Transform File V1.0
#Transform 0
Transform: AffineTransform_float_3_3
Parameters: 0.999996 -0.00136296 0.00242198 0.00134504 0.999971 0.00740028 -0.00243202 -0.00739671 0.999969 -0.0234935 -0.0737963 0.259181
FixedParameters: 0 0 0

#Transform 1
Transform: AffineTransform_float_3_3
Parameters: 0.999997 -0.00157769 0.00145356 0.00156832 0.999976 0.00664129 -0.00146345 -0.0066387 0.999977 -0.0112132 -0.11699 0.318919
FixedParameters: 0 0 0

#Transform 2
Transform: AffineTransform_float_3_3
Parameters: 0.999997 -0.000624159 0.00227897 0.000612842 0.999988 0.00489341 -0.00228203 -0.00489259 0.999986 -0.0606002 -0.0169568 0.188688
FixedParameters: 0 0 0

#Transform 3
Transform: AffineTransform_float_3_3
Parameters: 0.999998 0.00036105 0.00189834 -0.000367949 0.999993 0.00366231 -0.00189667 -0.00366269 0.999992 -0.0817453 -0.0634848 -0.578049
FixedParameters: 0 0 0

#Transform 4
Transform: AffineTransform_float_3_3
Parameters: 0.999999 0.00100445 0.00102451 -0.00100755 0.999997 0.00249097 -0.00102149 -0.00249203 0.999997 -0.161269 -0.108274 -0.478351
FixedParameters: 0 0 0

#Transform 5
Transform: AffineTransform_float_3_3
Parameters: 0.999998 0.00113348 0.00122134 -0.00113552 0.999997 0.00206462 -0.00121866 -0.00206538 0.999997 -0.188434 -0.102264 -0.192897
FixedParameters: 0 0 0

#Transform 6
Transform: AffineTransform_float_3_3
Parameters: 0.999998 0.000594167 0.00160542 -0.000597832 0.999997 0.00238804 -0.00160358 -0.00238896 0.999996 -0.155161 -0.06049 -0.163519
FixedParameters: 0 0 0

#Transform 7
Transform: AffineTransform_float_3_3
Parameters: 0.999998 0.00059211 0.00226755 -0.000597894 0.999997 0.00259865 -0.00226645 -0.00259935 0.999994 -0.190654 0.00851904 -0.183632
FixedParameters: 0 0 0

#Transform 8
Transform: AffineTransform_float_3_3
Parameters: 0.999999 0.0005262 0.000658443 -0.000527799 0.999996 0.00273765 -0.000656558 -0.00273735 0.999996 -0.16163 0.0237279 -0.142435
FixedParameters: 0 0 0

#Transform 9
Transform: AffineTransform_float_3_3
Parameters: 0.999999 0.000287711 0.000736897 -0.000290289 0.999995 0.00310779 -0.000736101 -0.00310821 0.999995 -0.0804278 -0.053156 -0.0993718
FixedParameters: 0 0 0

#Transform 10
Transform: AffineTransform_float_3_3
Parameters: 0.999999 0.000150006 0.000960472 -0.000152993 0.999995 0.00311885 -0.000959527 -0.00311814 0.999994 -0.0566343 0.0207436 -0.0900774
FixedParameters: 0 0 0

#Transform 11
Transform: AffineTransform_float_3_3
Parameters: 0.999999 0.000284527 0.000876135 -0.000287472 0.999992 0.00396575 -0.000874866 -0.00396625 0.999992 -0.056546 0.0167678 -0.102195
FixedParameters: 0 0 0

#Transform 12
Transform: AffineTransform_float_3_3
Parameters: 0.999998 0.000153162 0.00174961 -0.000159839 0.999993 0.00390873 -0.00174939 -0.00390927 0.999991 -0.0444889 0.0314531 -0.233091
FixedParameters: 0 0 0

#Transform 13
Transform: AffineTransform_float_3_3
Parameters: 0.999999 -0.000276961 0.000663599 0.00027604 0.999999 0.00144818 -0.0006634 -0.00144782 0.999998 0.0153856 0.0292556 -0.235915
FixedParameters: 0 0 0

#Transform 14
Transform: AffineTransform_float_3_3
Parameters: 0.999999 -0.000531545 0.000724138 0.000528451 0.999993 0.00351138 -0.000726859 -0.00351061 0.999993 0.00835461 -0.0427119 -0.0100098
FixedParameters: 0 0 0

#Transform 15
Transform: AffineTransform_float_3_3
Parameters: 1 -0.000530932 0.000458773 0.000529067 0.999991 0.00420124 -0.000461227 -0.00420176 0.999991 0.0564286 -0.0329725 0.0569304
FixedParameters: 0 0 0

#Transform 16
Transform: AffineTransform_float_3_3
Parameters: 1 -0.000530164 0.000317062 0.000528837 0.999993 0.00365917 -0.000318937 -0.00365883 0.999994 0.0638281 -0.0242539 0.0537098
FixedParameters: 0 0 0

#Transform 17
Transform: AffineTransform_float_3_3
Parameters: 1 -0.000530444 0.000387029 0.000528556 0.999993 0.00372121 -0.000388969 -0.00372079 0.999993 0.0621341 -0.0393531 0.0607841
FixedParameters: 0 0 0

#Transform 18
Transform: AffineTransform_float_3_3
Parameters: 1 1.40302e-05 -1.29674e-05 -1.39698e-05 0.999998 0.002324 1.30325e-05 -0.002324 0.999998 0.0180953 0.0131309 -0.0492963
FixedParameters: 0 0 0

#Transform 19
Transform: AffineTransform_float_3_3
Parameters: 1 0.000134678 0.000308141 -0.000135322 1 0.00104396 -0.000307859 -0.00104404 1 -0.0126234 0.041658 -0.0749149
FixedParameters: 0 0 0

#Transform 20
Transform: AffineTransform_float_3_3
Parameters: 1 -5.09234e-05 0.00038901 5.10766e-05 1 -0.00019698 -0.00038899 0.00019702 1 -0.00655644 -0.00683614 -0.0450395
FixedParameters: 0 0 0

#Transform 21
Transform: AffineTransform_float_3_3
Parameters: 1 -0.000288761 0.000465528 0.000287238 0.999998 0.00163413 -0.00046647 -0.00163386 0.999998 0.0248117 0.0268882 0.102465
FixedParameters: 0 0 0

#Transform 22
Transform: AffineTransform_float_3_3
Parameters: 1 0.000516349 0.000313076 -0.000516651 0.999997 0.00208284 -0.000311925 -0.00208216 0.999998 0.0304205 0.0276147 0.0772042
FixedParameters: 0 0 0

#Transform 23
Transform: AffineTransform_float_3_3
Parameters: 0.999999 0.000655077 0.00139984 -0.000658921 0.999996 0.00280408 -0.00139716 -0.00280492 0.999995 -0.00351285 0.00957641 0.0800541
FixedParameters: 0 0 0

#Transform 24
Transform: AffineTransform_float_3_3
Parameters: 0.999999 0.000864248 0.000235769 -0.000864751 0.999994 0.0032028 -0.000233231 -0.0032032 0.999995 0.0967377 0.0217087 -0.0639925
FixedParameters: 0 0 0

#Transform 25
Transform: AffineTransform_float_3_3
Parameters: 1 0.000257606 0.000150676 -0.000257393 0.999997 0.00262196 -0.000149326 -0.00262204 0.999996 0.0741063 -0.0287449 0.0757818
FixedParameters: 0 0 0

#Transform 26
Transform: AffineTransform_float_3_3
Parameters: 1 0.000445052 -3.53503e-05 -0.000444947 0.999999 0.00146002 3.66497e-05 -0.00145998 0.999999 0.00556368 0.0257714 0.0767629
FixedParameters: 0 0 0

#Transform 27
Transform: AffineTransform_float_3_3
Parameters: 1 0.000567299 -0.000204172 -0.000567701 0.999999 0.00146012 0.00020483 -0.00146088 0.999999 -0.0270171 0.0266586 0.0776863
FixedParameters: 0 0 0

#Transform 28
Transform: AffineTransform_float_3_3
Parameters: 1 0.000259231 -0.000614482 -0.00025777 0.999998 0.00200216 0.000614517 -0.00200184 0.999998 0.00054123 0.00846914 0.0510738
FixedParameters: 0 0 0

#Transform 29
Transform: AffineTransform_float_3_3
Parameters: 0.999999 0.000464671 -0.000612491 -0.000464329 1 0.00109629 0.000612509 -0.00109572 0.999999 -0.033391 0.0203425 0.0559414
FixedParameters: 0 0 0

#Transform 30
Transform: AffineTransform_float_3_3
Parameters: 0.999999 0.00031497 -0.000667543 -0.000314029 0.999999 0.00145321 0.000668457 -0.00145279 0.999998 -0.0122228 0.021887 0.0810025
FixedParameters: 0 0 0

#Transform 31
Transform: AffineTransform_float_3_3
Parameters: 0.999998 0.000751875 -0.00151356 -0.000750124 0.999999 0.000579136 0.00151343 -0.000577862 0.999998 0.00627946 0.0732286 0.0347133
FixedParameters: 0 0 0

#Transform 32
Transform: AffineTransform_float_3_3
Parameters: 0.999999 0.000633029 -0.00128749 -0.00063197 0.999999 0.000799814 0.00128851 -0.000799185 0.999999 -0.00160254 0.00866209 0.103092
FixedParameters: 0 0 0

#Transform 33
Transform: AffineTransform_float_3_3
Parameters: 0.999998 0.000258526 -0.00189393 -0.000257473 1 0.000278488 0.00189407 -0.000277511 0.999998 0.0377733 0.0688304 0.0934033
FixedParameters: 0 0 0

#Transform 34
Transform: AffineTransform_float_3_3
Parameters: 0.999997 0.000257565 -0.00212805 -0.000257433 1 -0.000203453 0.00212795 0.000204548 0.999997 0.028006 0.0805388 0.0977184
FixedParameters: 0 0 0

#Transform 35
Transform: AffineTransform_float_3_3
Parameters: 0.999997 3.20437e-05 -0.00245801 -3.39561e-05 1 -0.000388918 0.00245799 0.00038908 0.999997 0.0583811 0.123901 0.011084
FixedParameters: 0 0 0

#Transform 36
Transform: AffineTransform_float_3_3
Parameters: 0.999997 0.000257596 -0.00245804 -0.000257405 1 -0.000164368 0.00245796 0.000164634 0.999997 0.0745965 0.0954628 -0.00357349
FixedParameters: 0 0 0

#Transform 37
Transform: AffineTransform_float_3_3
Parameters: 0.999996 0.000677813 -0.00245833 -0.000679187 0.999999 -0.000482332 0.00245767 0.000483667 0.999997 0.0208273 0.0832083 0.0136735
FixedParameters: 0 0 0

#Transform 38
Transform: AffineTransform_float_3_3
Parameters: 0.999997 0.00081723 -0.00201791 -0.000816768 0.999999 0.000115648 0.00201809 -0.000113351 0.999998 -0.020121 0.0889631 0.134023
FixedParameters: 0 0 0

#Transform 39
Transform: AffineTransform_float_3_3
Parameters: 0.999997 0.000801037 -0.00228199 -0.000800963 0.999999 1.68278e-05 0.00228201 -1.51721e-05 0.999998 -0.0258593 0.0758004 0.135795
FixedParameters: 0 0 0

#Transform 40
Transform: AffineTransform_float_3_3
Parameters: 0.999996 0.00107122 -0.00256533 -0.00107178 1 -0.000304252 0.00256467 0.000306749 0.999996 -0.04256 0.0838209 0.0584306
FixedParameters: 0 0 0

#Transform 41
Transform: AffineTransform_float_3_3
Parameters: 0.999996 0.000837309 -0.00292048 -0.000838691 1 -0.000577553 0.00292051 0.000580448 0.999995 -0.0106382 0.114391 0.0680991
FixedParameters: 0 0 0

#Transform 42
Transform: AffineTransform_float_3_3
Parameters: 0.999995 0.000807989 -0.00300635 -0.00081301 0.999999 -0.00166556 0.00300465 0.00166844 0.999994 0.0248262 0.154555 -0.00805325
FixedParameters: 0 0 0

#Transform 43
Transform: AffineTransform_float_3_3
Parameters: 0.999993 0.00111331 -0.00358029 -0.00112669 0.999992 -0.00382499 0.00357572 0.00382901 0.999987 0.00148197 0.162334 -0.0350511
FixedParameters: 0 0 0

#Transform 44
Transform: AffineTransform_float_3_3
Parameters: 0.999994 0.0011156 -0.00329987 -0.0011274 0.999994 -0.0034553 0.00329512 0.0034587 0.999988 -0.0369152 0.144782 -0.0613442
FixedParameters: 0 0 0

#Transform 45
Transform: AffineTransform_float_3_3
Parameters: 0.999995 0.000682986 -0.00329788 -0.000692011 0.999996 -0.00273273 0.00329512 0.00273527 0.999991 0.0320105 0.177157 -0.0861119
FixedParameters: 0 0 0

#Transform 46
Transform: AffineTransform_float_3_3
Parameters: 0.999994 0.000809297 -0.0032979 -0.000816702 0.999997 -0.00233532 0.0032951 0.00233768 0.999992 -0.0157993 0.126096 -0.0109454
FixedParameters: 0 0 0

#Transform 47
Transform: AffineTransform_float_3_3
Parameters: 0.999996 0.00112073 -0.00286146 -0.00112727 0.999997 -0.00218878 0.00285954 0.00219221 0.999993 -0.0405744 0.148526 -0.00119066
FixedParameters: 0 0 0

#Transform 48
Transform: AffineTransform_float_3_3
Parameters: 0.999995 0.00111661 -0.00289203 -0.00112738 0.999993 -0.00359176 0.00288797 0.00359524 0.99999 -0.0233784 0.198391 -0.114071
FixedParameters: 0 0 0

#Transform 49
Transform: AffineTransform_float_3_3
Parameters: 0.999995 0.000671199 -0.00312156 -0.000682801 0.999992 -0.00378189 0.00311844 0.00378311 0.999988 0.0385518 0.195181 -0.182797
FixedParameters: 0 0 0

#Transform 50
Transform: AffineTransform_float_3_3
Parameters: 0.999993 5.89779e-05 -0.00360024 -7.2024e-05 0.999994 -0.00361677 0.00360076 0.00361724 0.999987 0.0517453 0.136719 -0.100531
FixedParameters: 0 0 0

#Transform 51
Transform: AffineTransform_float_3_3
Parameters: 0.999995 0.000531982 -0.00316087 -0.000543019 0.999994 -0.0034863 0.00315913 0.0034877 0.999989 0.00704635 0.178699 -0.0690282
FixedParameters: 0 0 0

#Transform 52
Transform: AffineTransform_float_3_3
Parameters: 0.999996 0.000409632 -0.00299843 -0.000420369 0.999994 -0.00345775 0.00299756 0.00345924 0.999989 -0.00695144 0.197997 -0.105395
FixedParameters: 0 0 0

#Transform 53
Transform: AffineTransform_float_3_3
Parameters: 0.999996 0.000512921 -0.00259581 -0.000521081 0.999993 -0.00349866 0.00259419 0.00349934 0.99999 -0.0395541 0.177346 -0.126496
FixedParameters: 0 0 0

#Transform 54
Transform: AffineTransform_float_3_3
Parameters: 0.999995 0.000521101 -0.00291633 -0.000533899 0.99999 -0.00442446 0.00291366 0.00442554 0.999986 -0.0303772 0.256689 -0.220572
FixedParameters: 0 0 0

#Transform 55
Transform: AffineTransform_float_3_3
Parameters: 0.999993 0.000870912 -0.00369882 -0.000887087 0.99999 -0.00434975 0.00369517 0.00435325 0.999983 -0.0505523 0.224863 -0.157919
FixedParameters: 0 0 0

#Transform 56
Transform: AffineTransform_float_3_3
Parameters: 0.999993 0.000885651 -0.00342979 -0.00090435 0.999986 -0.00535193 0.00342521 0.00535507 0.99998 -0.0325817 0.297276 -0.194956
FixedParameters: 0 0 0

#Transform 57
Transform: AffineTransform_float_3_3
Parameters: 0.999995 0.000846301 -0.0029912 -0.000860695 0.999987 -0.00491545 0.00298681 0.00491855 0.999984 -0.0571258 0.254496 -0.196684
FixedParameters: 0 0 0

#Transform 58
Transform: AffineTransform_float_3_3
Parameters: 0.999993 0.000912614 -0.00360323 -0.000933383 0.999983 -0.00565968 0.00359778 0.00566332 0.999978 -0.0524977 0.135942 -0.0168538
FixedParameters: 0 0 0

#Transform 59
Transform: AffineTransform_float_3_3
Parameters: 0.999993 0.00122081 -0.00352265 -0.00123719 0.999988 -0.00459767 0.00351735 0.00460233 0.999983 -0.102441 0.246913 -0.108817
FixedParameters: 0 0 0

#Transform 60
Transform: AffineTransform_float_3_3
Parameters: 0.999997 0.00187142 -0.00160869 -0.00187758 0.99999 -0.00410099 0.00160131 0.00410401 0.999991 -0.172642 0.235011 -0.0483001
FixedParameters: 0 0 0

#Transform 61
Transform: AffineTransform_float_3_3
Parameters: 0.999993 0.00215453 -0.00281858 -0.00216747 0.999988 -0.00442892 0.00280842 0.00443508 0.999986 -0.164771 0.171512 -0.0281255
FixedParameters: 0 0 0

#Transform 62
Transform: AffineTransform_float_3_3
Parameters: 0.999993 0.00148531 -0.00361848 -0.00150069 0.99999 -0.00433761 0.00361152 0.0043424 0.999984 -0.166219 0.195923 -0.108899
FixedParameters: 0 0 0

#Transform 63
Transform: AffineTransform_float_3_3
Parameters: 0.999994 0.00168025 -0.00300785 -0.00169576 0.999985 -0.00524293 0.00299915 0.00524807 0.999981 -0.142246 0.213538 -0.169678
FixedParameters: 0 0 0

#Transform 64
Transform: AffineTransform_float_3_3
Parameters: 0.999997 0.000533673 -0.00265388 -0.000538329 0.999998 -0.00163058 0.00265313 0.00163142 0.999995 -0.0551523 0.128005 -0.521599
FixedParameters: 0 0 0

#Transform 65
Transform: AffineTransform_float_3_3
Parameters: 1 0.00107941 -0.000329952 -0.00107959 0.999998 -0.00180765 0.00032805 0.00180736 0.999999 -0.234651 -0.0904156 -0.336346
FixedParameters: 0 0 0

#Transform 66
Transform: AffineTransform_float_3_3
Parameters: 0.999997 0.00128159 -0.00241847 -0.00129041 0.999993 -0.00347789 0.00241453 0.00348111 0.999991 -0.178502 0.0822599 -0.22741
FixedParameters: 0 0 0

#Transform 67
Transform: AffineTransform_float_3_3
Parameters: 0.999988 -0.000114866 -0.0048638 0.000106131 0.999999 -0.00182354 0.0048642 0.00182246 0.999986 -0.0779416 -0.0524811 -0.13344
FixedParameters: 0 0 0

#Transform 68
Transform: AffineTransform_float_3_3
Parameters: 0.99999 0.00131454 -0.0042628 -0.00133046 0.999992 -0.00362536 0.0042582 0.00363063 0.999985 -0.162098 0.0975501 -0.208325
FixedParameters: 0 0 0

#Transform 69
Transform: AffineTransform_float_3_3
Parameters: 0.999993 0.000799044 -0.00370348 -0.000814959 0.999991 -0.00430901 0.00370052 0.00431199 0.999984 -0.132644 0.165466 -0.274935
FixedParameters: 0 0 0

#Transform 70
Transform: AffineTransform_float_3_3
Parameters: 0.999995 0.00100987 -0.00306935 -0.00102012 0.999994 -0.00329889 0.00306565 0.00330211 0.99999 -0.185759 0.0772522 -0.0101573
FixedParameters: 0 0 0

#Transform 71
Transform: AffineTransform_float_3_3
Parameters: 0.999993 0.00117558 -0.00354451 -0.00119843 0.999979 -0.0063308 0.00353748 0.0063352 0.999973 -0.114856 0.272325 -0.605242
FixedParameters: 0 0 0

#Transform 72
Transform: AffineTransform_float_3_3
Parameters: 0.99999 0.00178859 -0.00405685 -0.00181341 0.99998 -0.0060207 0.00404615 0.0060283 0.999973 -0.152722 0.174347 -0.45841
FixedParameters: 0 0 0

#Transform 73
Transform: AffineTransform_float_3_3
Parameters: 0.999992 0.00182356 -0.00357402 -0.00184444 0.999981 -0.00600446 0.00356298 0.00601154 0.999975 -0.196141 0.203083 -0.348578
FixedParameters: 0 0 0

#Transform 74
Transform: AffineTransform_float_3_3
Parameters: 0.999992 0.00188687 -0.00357584 -0.00191114 0.999976 -0.00675822 0.00356316 0.00676478 0.999971 -0.208777 0.250087 -0.36006
FixedParameters: 0 0 0

#Transform 75
Transform: AffineTransform_float_3_3
Parameters: 0.99999 0.00195706 -0.00384483 -0.00198393 0.999974 -0.00701544 0.00383017 0.00702356 0.999968 -0.153123 0.296719 -0.467374
FixedParameters: 0 0 0

#Transform 76
Transform: AffineTransform_float_3_3
Parameters: 0.999992 0.00175164 -0.00362638 -0.00177436 0.999977 -0.00644861 0.00361562 0.00645538 0.999972 -0.155747 0.193632 -0.347843
FixedParameters: 0 0 0

#Transform 77
Transform: AffineTransform_float_3_3
Parameters: 0.999991 0.00197565 -0.00372556 -0.00200136 0.999975 -0.0068136 0.00371244 0.00682139 0.99997 -0.174305 0.271579 -0.404458
FixedParameters: 0 0 0

#Transform 78
Transform: AffineTransform_float_3_3
Parameters: 0.999993 0.00181979 -0.003275 -0.00184221 0.999973 -0.00709702 0.003262 0.00710299 0.99997 -0.210078 0.267416 -0.396229
FixedParameters: 0 0 0

#Transform 79
Transform: AffineTransform_float_3_3
Parameters: 0.999991 0.00188518 -0.0037576 -0.00191383 0.999968 -0.00768188 0.0037434 0.00768913 0.999964 -0.201279 0.312926 -0.466101
FixedParameters: 0 0 0

#Transform 80
Transform: AffineTransform_float_3_3
Parameters: 0.999992 0.00191059 -0.00368235 -0.00193841 0.999971 -0.00745393 0.00366865 0.00746108 0.999966 -0.20414 0.273235 -0.403182
FixedParameters: 0 0 0

#Transform 81
Transform: AffineTransform_float_3_3
Parameters: 0.99999 0.00183517 -0.00392755 -0.00186583 0.999968 -0.00785975 0.00391345 0.00786726 0.999962 -0.201189 0.339879 -0.439693
FixedParameters: 0 0 0

#Transform 82
Transform: AffineTransform_float_3_3
Parameters: 0.999991 0.00238407 -0.00370379 -0.00241294 0.999967 -0.00782814 0.00368521 0.00783686 0.999962 -0.249582 0.312177 -0.418503
FixedParameters: 0 0 0

#Transform 83
Transform: AffineTransform_float_3_3
Parameters: 0.999901 0.00333462 -0.0136208 -0.00330938 0.999992 0.00190326 0.0136262 -0.00185774 0.999906 -0.259177 0.36966 -0.327903
FixedParameters: 0 0 0

#Transform 84
Transform: AffineTransform_float_3_3
Parameters: 0.999953 0.00123567 -0.00962486 -0.00120234 0.999993 0.00339873 0.00962913 -0.00338726 0.999948 -0.0240381 0.139675 -0.0828383
FixedParameters: 0 0 0

#Transform 85
Transform: AffineTransform_float_3_3
Parameters: 0.999954 0.00155682 -0.00948295 -0.00153217 0.999996 0.00262465 0.00948704 -0.00260935 0.999951 -0.127864 0.120718 -0.158818
FixedParameters: 0 0 0

#Transform 86
Transform: AffineTransform_float_3_3
Parameters: 0.999968 0.00200006 -0.00773073 -0.00199894 0.999998 0.000145458 0.00773128 -0.000129541 0.99997 -0.168795 0.195667 -0.359075
FixedParameters: 0 0 0

#Transform 87
Transform: AffineTransform_float_3_3
Parameters: 0.999958 -0.00876899 -0.00270576 0.00877201 0.999961 0.00110131 0.00269624 -0.00112469 0.999995 0.453467 0.285094 -0.469517
FixedParameters: 0 0 0

#Transform 88
Transform: AffineTransform_float_3_3
Parameters: 0.999968 -0.00630191 -0.00497332 0.00629809 0.99998 -0.000600342 0.00497669 0.000569656 0.999988 0.335636 0.210557 -0.357971
FixedParameters: 0 0 0

#Transform 89
Transform: AffineTransform_float_3_3
Parameters: 0.999973 -0.00502684 -0.00536603 0.00502917 0.999988 0.000390024 0.00536397 -0.000416975 0.999985 0.263954 0.186892 -0.264225
FixedParameters: 0 0 0

#Transform 90
Transform: AffineTransform_float_3_3
Parameters: 0.999977 -0.00457736 -0.00514102 0.00457365 0.99999 -0.000663529 0.00514398 0.000640469 0.999986 0.234815 0.212718 -0.288366
FixedParameters: 0 0 0

#Transform 91
Transform: AffineTransform_float_3_3
Parameters: 0.999979 -0.00421279 -0.00502367 0.00421022 0.999991 -0.000564163 0.00502534 0.000543841 0.999987 0.219005 0.200583 -0.318289
FixedParameters: 0 0 0

#Transform 92
Transform: AffineTransform_float_3_3
Parameters: 0.999973 -0.00486332 -0.00540771 0.00486368 0.999988 -7.23033e-05 0.00540729 4.57039e-05 0.999986 0.281159 0.198304 -0.353394
FixedParameters: 0 0 0

#Transform 93
Transform: AffineTransform_float_3_3
Parameters: 0.999974 -0.00469092 -0.00559726 0.00469607 0.999988 0.000893738 0.00559274 -0.000920259 0.999984 0.275487 0.284444 -0.379059
FixedParameters: 0 0 0

#Transform 94
Transform: AffineTransform_float_3_3
Parameters: 0.999988 0.000394841 -0.0047836 -0.00039016 1 0.00101288 0.0047834 -0.00101112 0.999988 0.0655371 0.238098 -0.377823
FixedParameters: 0 0 0

#Transform 95
Transform: AffineTransform_float_3_3
Parameters: 0.999971 0.00768933 0.000490782 -0.00769069 0.99997 0.00140027 -0.000480219 -0.00140373 0.999999 -0.33757 0.247499 -0.371814
FixedParameters: 0 0 0

#Transform 96
Transform: AffineTransform_float_3_3
Parameters: 0.999983 0.00579665 -0.000311493 -0.00579734 0.999982 -0.00111921 0.000305508 0.00112079 1 -0.258512 0.159174 -0.422228
FixedParameters: 0 0 0

#Transform 97
Transform: AffineTransform_float_3_3
Parameters: 0.999997 0.00257637 -0.000905384 -0.00257962 0.999988 -0.00402668 0.000894616 0.00402932 0.999991 -0.0690209 0.260622 -0.497333
FixedParameters: 0 0 0

#Transform 98
Transform: AffineTransform_float_3_3
Parameters: 0.999994 -0.000546848 -0.00319772 0.00051515 0.999951 -0.00995171 0.00320329 0.00995031 0.999946 0.094284 0.349143 -0.172772
FixedParameters: 0 0 0

#Transform 99
Transform: AffineTransform_float_3_3
Parameters: 0.999996 3.33593e-05 -0.00299748 -6.26356e-05 0.999951 -0.00988885 0.00299653 0.00988914 0.999946 -0.000101187 0.366389 -1.48544
FixedParameters: 0 0 0

#Transform 100
Transform: AffineTransform_float_3_3
Parameters: 0.999993 -7.37818e-05 -0.00373433 1.92223e-05 0.999897 -0.0144002 0.00373467 0.0143998 0.99989 0.0248601 0.408026 -1.5209
FixedParameters: 0 0 0

#Transform 101
Transform: AffineTransform_float_3_3
Parameters: 0.999994 -0.000242012 -0.00326786 0.000194983 0.999896 -0.0143797 0.00327114 0.0143783 0.999892 0.0206589 0.407204 -1.50844
FixedParameters: 0 0 0

#Transform 102
Transform: AffineTransform_float_3_3
Parameters: 0.999994 -0.00106166 -0.00330282 0.00102334 0.999931 -0.0116845 0.00331518 0.0116816 0.999927 0.0418808 0.270049 -1.37205
FixedParameters: 0 0 0

#Transform 103
Transform: AffineTransform_float_3_3
Parameters: 0.999992 -0.00106936 -0.00385544 0.00102264 0.999928 -0.012007 0.00386756 0.012003 0.999921 -0.0112851 0.346631 -1.46319
FixedParameters: 0 0 0

#Transform 104
Transform: AffineTransform_float_3_3
Parameters: 0.999993 -0.000887822 -0.0036871 0.000850178 0.999947 -0.0102472 0.0036959 0.0102438 0.99994 -0.0711599 0.305836 -1.1641
FixedParameters: 0 0 0

#Transform 105
Transform: AffineTransform_float_3_3
Parameters: 0.999988 -0.0004217 -0.00486079 0.00037031 0.999944 -0.0106319 0.00486421 0.0106301 0.999931 0.0257508 0.327208 -1.2297
FixedParameters: 0 0 0

#Transform 106
Transform: AffineTransform_float_3_3
Parameters: 0.999987 0.000241407 -0.00511405 -0.000299591 0.999937 -0.0112636 0.00511095 0.0112654 0.999924 0.0148998 0.301816 -1.15723
FixedParameters: 0 0 0

#Transform 107
Transform: AffineTransform_float_3_3
Parameters: 0.999987 0.000405717 -0.00520887 -0.000463284 0.999938 -0.0111927 0.00520414 0.0111953 0.999924 0.00620447 0.344124 -1.09626
FixedParameters: 0 0 0

#Transform 108
Transform: AffineTransform_float_3_3
Parameters: 0.999986 0.000383299 -0.0052865 -0.000440706 0.999941 -0.0109178 0.0052825 0.0109202 0.999927 -0.0051116 0.275455 -1.14948
FixedParameters: 0 0 0

#Transform 109
Transform: AffineTransform_float_3_3
Parameters: 0.99999 0.000749811 -0.00431358 -0.000803191 0.999923 -0.0123416 0.00430441 0.0123453 0.999914 -0.109743 0.334418 -1.34871
FixedParameters: 0 0 0

#Transform 110
Transform: AffineTransform_float_3_3
Parameters: 0.999991 0.000832448 -0.00421435 -0.000887549 0.999913 -0.0131974 0.00420265 0.0132006 0.999904 -0.113329 0.366592 -1.36125
FixedParameters: 0 0 0

#Transform 111
Transform: AffineTransform_float_3_3
Parameters: 0.99999 0.00116489 -0.00447772 -0.00123112 0.99989 -0.0147906 0.00446027 0.0147963 0.99988 -0.135617 0.391609 -1.50112
FixedParameters: 0 0 0

#Transform 112
Transform: AffineTransform_float_3_3
Parameters: 0.999986 0.00182058 -0.00492974 -0.00189342 0.999886 -0.0149299 0.00490227 0.0149391 0.999877 -0.140692 0.430952 -1.45992
FixedParameters: 0 0 0

#Transform 113
Transform: AffineTransform_float_3_3
Parameters: 0.999986 0.00136443 -0.00508417 -0.00144057 0.999885 -0.0150879 0.00506284 0.0150941 0.999874 -0.156391 0.434675 -1.47514
FixedParameters: 0 0 0

#Transform 114
Transform: AffineTransform_float_3_3
Parameters: 0.999984 0.00152656 -0.0053535 -0.00161044 0.999876 -0.0156176 0.00532849 0.0156254 0.999863 -0.139997 0.467271 -1.56676
FixedParameters: 0 0 0

#Transform 115
Transform: AffineTransform_float_3_3
Parameters: 0.999985 0.00153317 -0.00528604 -0.00161683 0.999873 -0.0158917 0.00526096 0.0159003 0.999859 -0.153469 0.441468 -1.5652
FixedParameters: 0 0 0

#Transform 116
Transform: AffineTransform_float_3_3
Parameters: 0.999981 0.00149177 -0.00588342 -0.00158523 0.999873 -0.015873 0.00585956 0.015882 0.999856 -0.133866 0.426369 -1.41102
FixedParameters: 0 0 0

#Transform 117
Transform: AffineTransform_float_3_3
Parameters: 0.999984 0.00129025 -0.00561339 -0.00137974 0.999871 -0.0160135 0.00559162 0.0160215 0.999856 -0.14189 0.438817 -1.55531
FixedParameters: 0 0 0

#Transform 118
Transform: AffineTransform_float_3_3
Parameters: 0.999982 0.0016824 -0.00572205 -0.0017756 0.999867 -0.0162161 0.00569395 0.0162269 0.999852 -0.169959 0.410475 -1.45823
FixedParameters: 0 0 0

#Transform 119
Transform: AffineTransform_float_3_3
Parameters: 0.99998 0.0014645 -0.00604789 -0.0015555 0.999884 -0.0151529 0.00602511 0.0151621 0.999867 -0.158769 0.435629 -1.44026
FixedParameters: 0 0 0

#Transform 120
Transform: AffineTransform_float_3_3
Parameters: 0.999983 0.00170694 -0.00554493 -0.00178906 0.999889 -0.0148283 0.00551907 0.0148377 0.999874 -0.179629 0.375253 -1.33789
FixedParameters: 0 0 0

#Transform 121
Transform: AffineTransform_float_3_3
Parameters: 0.999983 0.001562 -0.00561546 -0.00164399 0.999891 -0.014627 0.00559155 0.014636 0.999878 -0.150672 0.423201 -1.36026
FixedParameters: 0 0 0

#Transform 122
Transform: AffineTransform_float_3_3
Parameters: 0.999982 0.00105178 -0.00591744 -0.00113023 0.999912 -0.0132315 0.00590356 0.0132374 0.999895 -0.0995273 0.38301 -1.37758
FixedParameters: 0 0 0

#Transform 123
Transform: AffineTransform_float_3_3
Parameters: 0.999986 0.00170483 -0.00502651 -0.00176716 0.999921 -0.0123903 0.00500448 0.0123987 0.99991 -0.193024 0.395832 -1.35675
FixedParameters: 0 0 0

#Transform 124
Transform: AffineTransform_float_3_3
Parameters: 0.999982 0.00199702 -0.00555229 -0.00207398 0.999902 -0.0138947 0.0055237 0.0139053 0.999888 -0.19248 0.417358 -1.43798
FixedParameters: 0 0 0

#Transform 125
Transform: AffineTransform_float_3_3
Parameters: 0.999984 0.00144296 -0.00546453 -0.00151504 0.999911 -0.0132019 0.00544547 0.0132101 0.999898 -0.153491 0.399885 -1.44242
FixedParameters: 0 0 0

#Transform 126
Transform: AffineTransform_float_3_3
Parameters: 0.999984 0.0011972 -0.00555887 -0.00127279 0.999906 -0.0136522 0.00554114 0.0136589 0.999892 -0.155535 0.410478 -1.41939
FixedParameters: 0 0 0

#Transform 127
Transform: AffineTransform_float_3_3
Parameters: 0.999982 0.00161342 -0.00588215 -0.00169859 0.999893 -0.0145743 0.00585786 0.0145837 0.999876 -0.153368 0.434915 -1.43858
FixedParameters: 0 0 0

#Transform 128
Transform: AffineTransform_float_3_3
Parameters: 0.999983 0.0018306 -0.00564639 -0.0019124 0.999891 -0.0146235 0.00561863 0.0146335 0.999877 -0.162441 0.39805 -1.42937
FixedParameters: 0 0 0

#Transform 129
Transform: AffineTransform_float_3_3
Parameters: 0.999985 0.00156772 -0.00538671 -0.00164727 0.99989 -0.0147444 0.00536229 0.0147536 0.999877 -0.158892 0.455771 -1.38147
FixedParameters: 0 0 0

#Transform 130
Transform: AffineTransform_float_3_3
Parameters: 0.999985 0.00163174 -0.00534812 -0.00171526 0.999877 -0.0156011 0.00532188 0.0156099 0.999864 -0.0807817 0.517186 -1.43454
FixedParameters: 0 0 0

#Transform 131
Transform: AffineTransform_float_3_3
Parameters: 0.999983 0.00168503 -0.00546995 -0.00176397 0.999894 -0.0144646 0.00544505 0.0144744 0.999881 -0.0758459 0.459879 -1.35016
FixedParameters: 0 0 0

#Transform 132
Transform: AffineTransform_float_3_3
Parameters: 0.999981 0.00194597 -0.00588542 -0.00202702 0.999903 -0.0137933 0.00585759 0.0138057 0.999888 -0.0925198 0.389155 -1.28594
FixedParameters: 0 0 0

#Transform 133
Transform: AffineTransform_float_3_3
Parameters: 0.999982 0.00188865 -0.00582039 -0.00197334 0.99989 -0.0146928 0.00579162 0.0147042 0.999875 -0.144196 0.401124 -1.41331
FixedParameters: 0 0 0

#Transform 134
Transform: AffineTransform_float_3_3
Parameters: 0.999976 0.00196601 -0.00665193 -0.00207099 0.999873 -0.0158136 0.00662006 0.0158274 0.999853 -0.0974776 0.45899 -1.44809
FixedParameters: 0 0 0

#Transform 135
Transform: AffineTransform_float_3_3
Parameters: 0.999973 0.00205401 -0.00697944 -0.00215797 0.999887 -0.0149233 0.00694755 0.0149387 0.999865 -0.0983911 0.375576 -1.38044
FixedParameters: 0 0 0

#Transform 136
Transform: AffineTransform_float_3_3
Parameters: 0.999978 0.00200253 -0.00629551 -0.00209947 0.99988 -0.0153551 0.00626349 0.0153679 0.999863 -0.13507 0.407577 -1.44229
FixedParameters: 0 0 0

#Transform 137
Transform: AffineTransform_float_3_3
Parameters: 0.999978 0.002246 -0.00634853 -0.00234401 0.999877 -0.0154715 0.00631348 0.0154855 0.99986 -0.160487 0.448849 -1.48608
FixedParameters: 0 0 0

#Transform 138
Transform: AffineTransform_float_3_3
Parameters: 0.999974 0.00175096 -0.00690982 -0.00186002 0.999871 -0.0159506 0.00688019 0.0159635 0.999849 -0.168712 0.393155 -1.52594
FixedParameters: 0 0 0

#Transform 139
Transform: AffineTransform_float_3_3
Parameters: 0.999955 -8.95969e-05 -0.00951078 -6.16018e-05 0.999873 -0.0159381 0.00951122 0.0159379 0.999827 -0.116199 0.283593 -1.58278
FixedParameters: 0 0 0

#Transform 140
Transform: AffineTransform_float_3_3
Parameters: 0.999972 0.00144129 -0.00743285 -0.0015647 0.999862 -0.0165298 0.00740714 0.0165411 0.999835 -0.19511 0.355333 -1.61015
FixedParameters: 0 0 0

#Transform 141
Transform: AffineTransform_float_3_3
Parameters: 0.999972 0.00136955 -0.00745176 -0.00149845 0.99985 -0.0172593 0.00742724 0.0172697 0.999824 -0.177688 0.413824 -1.63833
FixedParameters: 0 0 0

#Transform 142
Transform: AffineTransform_float_3_3
Parameters: 0.999975 0.0017667 -0.0069287 -0.00188231 0.999857 -0.0168154 0.00689831 0.0168276 0.999834 -0.220145 0.373844 -1.56719
FixedParameters: 0 0 0

#Transform 143
Transform: AffineTransform_float_3_3
Parameters: 0.999973 0.00179403 -0.00712031 -0.00191396 0.999855 -0.0168778 0.0070887 0.0168912 0.999832 -0.219106 0.405171 -1.56416
FixedParameters: 0 0 0

#Transform 144
Transform: AffineTransform_float_3_3
Parameters: 0.999975 0.00184693 -0.00679334 -0.00196208 0.999854 -0.0169711 0.00676166 0.0169839 0.999833 -0.232218 0.463852 -1.54765
FixedParameters: 0 0 0

#Transform 145
Transform: AffineTransform_float_3_3
Parameters: 0.999975 0.00156091 -0.00691276 -0.0016751 0.999862 -0.0165298 0.00688624 0.0165412 0.99984 -0.2511 0.397703 -1.53621
FixedParameters: 0 0 0

#Transform 146
Transform: AffineTransform_float_3_3
Parameters: 0.999978 0.00161059 -0.00650171 -0.00171042 0.999879 -0.0154682 0.00647631 0.0154788 0.999859 -0.231242 0.406303 -1.57692
FixedParameters: 0 0 0

#Transform 147
Transform: AffineTransform_float_3_3
Parameters: 0.999971 0.00158655 -0.00745458 -0.00171046 0.999859 -0.0167187 0.00742744 0.0167303 0.999833 -0.183449 0.388723 -1.64554
FixedParameters: 0 0 0

#Transform 148
Transform: AffineTransform_float_3_3
Parameters: 0.999975 0.00172509 -0.00683044 -0.00183392 0.999871 -0.0159709 0.00680257 0.0159831 0.999849 -0.221256 0.363606 -1.55016
FixedParameters: 0 0 0

#Transform 149
Transform: AffineTransform_float_3_3
Parameters: 0.999976 0.00178454 -0.00678518 -0.00189147 0.999873 -0.0158656 0.00675583 0.0158775 0.999851 -0.229594 0.404752 -1.52434
FixedParameters: 0 0 0

#Transform 150
Transform: AffineTransform_float_3_3
Parameters: 0.99997 0.00147847 -0.00753287 -0.00160054 0.999868 -0.0161534 0.00750811 0.0161646 0.999841 -0.189827 0.454397 -1.65394
FixedParameters: 0 0 0

#Transform 151
Transform: AffineTransform_float_3_3
Parameters: 0.999976 0.00177378 -0.00680231 -0.00187921 0.999878 -0.0154926 0.00677369 0.0155054 0.999857 -0.246582 0.396952 -1.50048
FixedParameters: 0 0 0

#Transform 152
Transform: AffineTransform_float_3_3
Parameters: 0.999974 0.00196652 -0.00701938 -0.00208247 0.999862 -0.0164818 0.00698561 0.0164962 0.999839 -0.213736 0.479138 -1.48326
FixedParameters: 0 0 0

#Transform 153
Transform: AffineTransform_float_3_3
Parameters: 0.999974 0.00198064 -0.00701749 -0.00208835 0.999878 -0.0154678 0.00698552 0.0154822 0.999855 -0.233443 0.395792 -1.41492
FixedParameters: 0 0 0

#Transform 154
Transform: AffineTransform_float_3_3
Parameters: 0.999974 0.00198074 -0.00692787 -0.00208926 0.999876 -0.0156539 0.00689613 0.0156681 0.999854 -0.235428 0.390663 -1.46064
FixedParameters: 0 0 0

#Transform 155
Transform: AffineTransform_float_3_3
Parameters: 0.999973 0.00215495 -0.00702234 -0.00227005 0.999862 -0.0164175 0.00698565 0.0164325 0.99984 -0.23553 0.437292 -1.47442
FixedParameters: 0 0 0

#Transform 156
Transform: AffineTransform_float_3_3
Parameters: 0.999987 0.00297138 -0.00399597 -0.00302762 0.999897 -0.0139861 0.00395402 0.0139979 0.999894 -0.250779 0.361616 -1.62243
FixedParameters: 0 0 0

#Transform 157
Transform: AffineTransform_float_3_3
Parameters: 0.999987 0.00335284 -0.00385369 -0.00340814 0.99989 -0.014396 0.00380431 0.0144089 0.999889 -0.292423 0.355952 -1.43998
FixedParameters: 0 0 0

#Transform 158
Transform: AffineTransform_float_3_3
Parameters: 0.999986 0.00358095 -0.00394 -0.00364805 0.999847 -0.0171449 0.003878 0.0171591 0.999846 -0.346183 0.445723 -1.45929
FixedParameters: 0 0 0

#Transform 159
Transform: AffineTransform_float_3_3
Parameters: 0.999982 0.00361749 -0.00482947 -0.00370252 0.999838 -0.0176054 0.00476552 0.0176236 0.999834 -0.336295 0.468904 -1.51064
FixedParameters: 0 0 0

#Transform 160
Transform: AffineTransform_float_3_3
Parameters: 0.999981 0.00331301 -0.00506837 -0.00340798 0.999816 -0.0188491 0.00500462 0.0188659 0.999809 -0.328281 0.49983 -1.53652
FixedParameters: 0 0 0

#Transform 161
Transform: AffineTransform_float_3_3
Parameters: 0.999981 0.00287945 -0.0054636 -0.00298855 0.999796 -0.0199641 0.00540539 0.0199799 0.999786 -0.311969 0.517733 -1.61363
FixedParameters: 0 0 0

#Transform 162
Transform: AffineTransform_float_3_3
Parameters: 0.999982 0.00289728 -0.00524309 -0.00299972 0.999801 -0.0196906 0.00518492 0.0197064 0.999793 -0.318012 0.511372 -1.55949
FixedParameters: 0 0 0

#Transform 163
Transform: AffineTransform_float_3_3
Parameters: 0.999979 0.00288121 -0.00577877 -0.0029998 0.999782 -0.0206551 0.00571823 0.0206719 0.99977 -0.304035 0.546603 -1.64762
FixedParameters: 0 0 0

#Transform 164
Transform: AffineTransform_float_3_3
Parameters: 0.999981 0.00247584 -0.00554283 -0.00259316 0.999772 -0.02123 0.00548917 0.021244 0.99976 -0.304439 0.533953 -1.61682
FixedParameters: 0 0 0

#Transform 165
Transform: AffineTransform_float_3_3
Parameters: 0.999981 0.00247031 -0.00577206 -0.00259269 0.999769 -0.0213454 0.00571794 0.0213605 0.999755 -0.29848 0.563774 -1.62753
FixedParameters: 0 0 0

#Transform 166
Transform: AffineTransform_float_3_3
Parameters: 0.999976 0.00244697 -0.00659405 -0.00259303 0.999749 -0.0222294 0.00653796 0.0222455 0.999731 -0.254964 0.582049 -1.70587
FixedParameters: 0 0 0

#Transform 167
Transform: AffineTransform_float_3_3
Parameters: 0.999977 0.00245319 -0.0063161 -0.00259282 0.999749 -0.0222221 0.00626091 0.0222389 0.999733 -0.277076 0.558612 -1.67947
FixedParameters: 0 0 0

#Transform 168
Transform: AffineTransform_float_3_3
Parameters: 0.999976 0.00273818 -0.00625799 -0.00287982 0.999736 -0.0227665 0.00619402 0.0227835 0.999721 -0.275468 0.602635 -1.63533
FixedParameters: 0 0 0

#Transform 169
Transform: AffineTransform_float_3_3
Parameters: 0.999977 0.00244744 -0.00640553 -0.00259255 0.999737 -0.0228149 0.00634749 0.0228311 0.999719 -0.261303 0.646811 -1.68101
FixedParameters: 0 0 0

#Transform 170
Transform: AffineTransform_float_3_3
Parameters: 0.99998 0.0024676 -0.0058386 -0.00259241 0.999764 -0.0215693 0.00578441 0.0215837 0.999751 -0.297017 0.502243 -1.6381
FixedParameters: 0 0 0

#Transform 171
Transform: AffineTransform_float_3_3
Parameters: 0.999965 0.000679331 -0.00826616 -0.000833672 0.999825 -0.0187228 0.00825183 0.0187282 0.99979 -0.205602 0.47561 -1.68394
FixedParameters: 0 0 0

#Transform 172
Transform: AffineTransform_float_3_3
Parameters: 0.999976 0.00219198 -0.00667672 -0.00233801 0.999757 -0.0219419 0.00662628 0.0219571 0.999737 -0.258305 0.636966 -1.71918
FixedParameters: 0 0 0

#Transform 173
Transform: AffineTransform_float_3_3
Parameters: 0.999976 0.00229779 -0.00645426 -0.0024362 0.999763 -0.0216438 0.00640275 0.0216592 0.999745 -0.284024 0.554873 -1.65464
FixedParameters: 0 0 0

#Transform 174
Transform: AffineTransform_float_3_3
Parameters: 0.999977 0.00227765 -0.0064006 -0.00242234 0.999737 -0.022794 0.00634641 0.022809 0.999719 -0.267702 0.618224 -1.70908
FixedParameters: 0 0 0

#Transform 175
Transform: AffineTransform_float_3_3
Parameters: 0.999981 0.0021706 -0.00580603 -0.0023004 0.999747 -0.0223741 0.00575595 0.0223869 0.999733 -0.298116 0.56913 -1.66922
FixedParameters: 0 0 0

#Transform 176
Transform: AffineTransform_float_3_3
Parameters: 0.999977 0.00221626 -0.006396 -0.00236075 0.99974 -0.0227124 0.006344 0.0227266 0.999721 -0.270879 0.598876 -1.73444
FixedParameters: 0 0 0

#Transform 177
Transform: AffineTransform_float_3_3
Parameters: 0.999979 0.00215576 -0.00611974 -0.00230025 0.999718 -0.0236624 0.00606726 0.0236756 0.999702 -0.263614 0.621786 -1.74142
FixedParameters: 0 0 0

#Transform 178
Transform: AffineTransform_float_3_3
Parameters: 0.999979 0.0025036 -0.00601208 -0.0026414 0.999733 -0.0229556 0.00595292 0.0229704 0.999719 -0.297955 0.599509 -1.69275
FixedParameters: 0 0 0

#Transform 179
Transform: AffineTransform_float_3_3
Parameters: 0.999975 0.00258095 -0.0066171 -0.00274204 0.999698 -0.0244455 0.0065519 0.0244635 0.99968 -0.223351 0.687244 -1.82698
FixedParameters: 0 0 0

#Transform 180
Transform: AffineTransform_float_3_3
Parameters: 0.999977 0.00264912 -0.00623862 -0.00279189 0.999732 -0.0230061 0.00617638 0.0230229 0.999716 -0.279932 0.568584 -1.69526
FixedParameters: 0 0 0

#Transform 181
Transform: AffineTransform_float_3_3
Parameters: 0.999978 0.00245871 -0.00616722 -0.00260028 0.999732 -0.0230075 0.00610877 0.0230225 0.999717 -0.278702 0.620472 -1.71313
FixedParameters: 0 0 0

#Transform 182
Transform: AffineTransform_float_3_3
Parameters: 0.999977 0.00264697 -0.00621677 -0.00279204 0.999722 -0.0234382 0.00615323 0.0234548 0.999706 -0.280209 0.587799 -1.73318
FixedParameters: 0 0 0

#Transform 183
Transform: AffineTransform_float_3_3
Parameters: 0.999979 0.00235913 -0.00607618 -0.00249986 0.999729 -0.0231153 0.00601981 0.0231297 0.999715 -0.310585 0.610582 -1.74296
FixedParameters: 0 0 0

#Transform 184
Transform: AffineTransform_float_3_3
Parameters: 0.99998 0.00223478 -0.00588675 -0.0023742 0.999715 -0.0237495 0.00583124 0.0237635 0.9997 -0.302219 0.680168 -1.75651
FixedParameters: 0 0 0

#Transform 185
Transform: AffineTransform_float_3_3
Parameters: 0.999977 0.00231019 -0.00628673 -0.00245381 0.999734 -0.0229631 0.00623228 0.0229789 0.999717 -0.280869 0.587224 -1.72222
FixedParameters: 0 0 0

#Transform 186
Transform: AffineTransform_float_3_3
Parameters: 0.99998 0.00224222 -0.00588392 -0.00237376 0.999745 -0.0224865 0.00583108 0.0224995 0.99973 -0.280342 0.668427 -1.70835
FixedParameters: 0 0 0

#Transform 187
Transform: AffineTransform_float_3_3
Parameters: 0.99998 0.00223367 -0.00600409 -0.00237433 0.999722 -0.0234682 0.0059499 0.0234818 0.999706 -0.277028 0.589094 -1.78811
FixedParameters: 0 0 0

#Transform 188
Transform: AffineTransform_float_3_3
Parameters: 0.999975 0.00221362 -0.00662774 -0.00237436 0.999702 -0.0242889 0.00657125 0.0243041 0.999683 -0.275835 0.685557 -1.84248
FixedParameters: 0 0 0

#Transform 189
Transform: AffineTransform_float_3_3
