# transform file transforms/talairach.lta
# created by oesteban on Wed Mar 11 12:54:47 2026

type      = 0 # LINEAR_VOX_TO_VOX
nxforms   = 1
mean      = 127.0000 130.0000 117.0000
sigma     = 10000.0000
1 4 4
1.050343394279480e+00 -1.420243410393596e-03 -2.864214475266635e-04 -7.619880676269531e+00 
-1.271775341592729e-03 1.140969157218933e+00 2.385183721780777e-01 -4.959807205200195e+01 
1.044152759277495e-05 -2.734391689300537e-01 9.774277210235596e-01 3.343007659912109e+01 
0.000000000000000e+00 0.000000000000000e+00 0.000000000000000e+00 1.000000000000000e+00 
src volume info
valid = 1  # volume info valid
filename = nu.mgz
volume = 256 256 256
voxelsize = 1.000000000000000e+00 1.000000000000000e+00 1.000000000000000e+00
xras   = -9.999999403953552e-01 0.000000000000000e+00 0.000000000000000e+00
yras   = 0.000000000000000e+00 0.000000000000000e+00 -9.999999403953552e-01
zras   = 0.000000000000000e+00 9.999999403953552e-01 0.000000000000000e+00
cras   = 5.250015258789062e-01 1.050796508789062e+00 -4.688598632812500e+00
dst volume info
valid = 1  # volume info valid
filename = /opt/freesurfer/average/RB_all_2020-01-02.gca
volume = 256 256 256
voxelsize = 1.000000000000000e+00 1.000000000000000e+00 1.000000000000000e+00
xras   = -1.000000000000000e+00 0.000000000000000e+00 0.000000000000000e+00
yras   = 0.000000000000000e+00 0.000000000000000e+00 -1.000000000000000e+00
zras   = 0.000000000000000e+00 1.000000000000000e+00 0.000000000000000e+00
cras   = 0.000000000000000e+00 0.000000000000000e+00 0.000000000000000e+00
