#Insight Transform File V1.0
#Transform 0
Transform: AffineTransform_float_3_3
Parameters: 1 0 0 0 1 0.000291 0 -0.000291 1 0 -0.00936724 0.0479782
FixedParameters: 0 0 0

#Transform 1
Transform: AffineTransform_float_3_3
Parameters: 0.999999 -0.00042592 0.000568311 0.000425078 0.999998 0.00161924 -0.000569688 -0.00161876 0.999998 -0.0323639 -0.0327493 0.0982923
FixedParameters: 0 0 0

#Transform 2
Transform: AffineTransform_float_3_3
Parameters: 1 -5.69999e-05 -1.1856e-07 5.69999e-05 0.999998 0.00208 -1.1856e-07 -0.00208 0.999998 -0.0177695 -0.0441631 0.0757131
FixedParameters: 0 0 0

#Transform 3
Transform: AffineTransform_float_3_3
Parameters: 1 0.000205999 4.5423e-07 -0.000205999 0.999997 0.002205 4.5423e-07 -0.002205 0.999997 -0.0125918 -0.00921421 0.0367211
FixedParameters: 0 0 0

#Transform 4
Transform: AffineTransform_float_3_3
Parameters: 0.999999 0.000293316 -0.000736477 -0.000291683 0.999999 0.00178622 0.000737522 -0.00178679 0.999998 0.000514811 -0.0530102 -0.0084764
FixedParameters: 0 0 0

#Transform 5
Transform: AffineTransform_float_3_3
Parameters: 1 0.000292723 -0.000523596 -0.000292277 0.999999 0.00138015 0.000524404 -0.00137985 0.999999 0.0178916 0.00769991 -0.0130232
FixedParameters: 0 0 0

#Transform 6
Transform: AffineTransform_float_3_3
Parameters: 1 -0.000182109 -0.00062626 0.000182891 0.999999 0.00142289 0.00062574 -0.00142311 0.999999 0.0369685 -0.0515619 -0.0651432
FixedParameters: 0 0 0

#Transform 7
Transform: AffineTransform_float_3_3
Parameters: 1 -0.000302 -3.42468e-07 0.000302 1 0.001134 -3.42468e-07 -0.001134 1 0.0402137 -0.00216711 -0.0743126
FixedParameters: 0 0 0

#Transform 8
Transform: AffineTransform_float_3_3
Parameters: 1 -0.00029 -2.0822e-07 0.00029 0.999999 0.000718 -2.0822e-07 -0.000718 0.999999 0.0354484 -0.0346699 -0.116654
FixedParameters: 0 0 0

#Transform 9
Transform: AffineTransform_float_3_3
Parameters: 0.999999 0.000292951 -0.000680591 -0.000292048 0.999999 0.0013972 0.000681408 -0.0013968 0.999999 0.0229557 0.000950791 -0.109407
FixedParameters: 0 0 0

#Transform 10
Transform: AffineTransform_float_3_3
Parameters: 1 -9.9e-05 -1.02762e-07 9.9e-05 1 0.001038 -1.02762e-07 -0.001038 1 -0.00563848 -0.0330045 -0.143085
FixedParameters: 0 0 0

#Transform 11
Transform: AffineTransform_float_3_3
Parameters: 1 -6.48966e-05 -0.000123055 6.51033e-05 0.999999 0.000839991 0.000122945 -0.000840007 0.999999 0.0142744 0.0131136 -0.14529
FixedParameters: 0 0 0

#Transform 12
Transform: AffineTransform_float_3_3
Parameters: 1 -0.000136 -1.30832e-07 0.000136 0.999999 0.000961999 -1.30832e-07 -0.000961999 0.999999 0.0284398 -0.0483647 -0.144019
FixedParameters: 0 0 0

#Transform 13
Transform: AffineTransform_float_3_3
Parameters: 1 7.5e-05 3.75e-08 -7.5e-05 1 0.0005 3.75e-08 -0.0005 1 0.0321629 0.0114475 -0.140027
FixedParameters: 0 0 0

#Transform 14
Transform: AffineTransform_float_3_3
Parameters: 1 -0.000105 -1.008e-07 0.000105 0.999999 0.000959999 -1.008e-07 -0.000959999 0.999999 0.0264139 -0.0411275 -0.125627
FixedParameters: 0 0 0

#Transform 15
Transform: AffineTransform_float_3_3
Parameters: 1 -0.000144098 0.000220936 0.000143902 1 0.000445032 -0.000221064 -0.000444968 1 0.0361807 -0.00974431 -0.146835
FixedParameters: 0 0 0

#Transform 16
Transform: AffineTransform_float_3_3
Parameters: 1 0.00029302 -0.000598502 -0.00029198 0.999998 0.00170417 0.000598498 -0.00170382 0.999999 0.0509498 -0.0815012 -0.0749707
FixedParameters: 0 0 0

#Transform 17
Transform: AffineTransform_float_3_3
Parameters: 1 0.000358338 -0.000532773 -0.000357662 0.999999 0.00063419 0.000532227 -0.000633809 0.999999 0.0723359 0.0160417 -0.097042
FixedParameters: 0 0 0

#Transform 18
Transform: AffineTransform_float_3_3
Parameters: 1 0.000292 3.85732e-07 -0.000292 0.999999 0.001321 3.85732e-07 -0.001321 0.999999 0.0582218 -0.071058 -0.111732
FixedParameters: 0 0 0

#Transform 19
Transform: AffineTransform_float_3_3
Parameters: 0.999999 0.000903 5.16516e-07 -0.000903 1 0.000572 -4.83483e-07 -0.000572001 1 0.0334994 0.0025623 -0.119965
FixedParameters: 0 0 0

#Transform 20
Transform: AffineTransform_float_3_3
Parameters: 1 0.001166 4.664e-09 -0.001166 1 4e-06 4.664e-09 -4e-06 1 0.0340024 0.0207831 -0.152048
FixedParameters: 0 0 0

#Transform 21
Transform: AffineTransform_float_3_3
Parameters: 0.999999 0.000748 5.81944e-07 -0.000748001 1 0.000778 -4.18055e-07 -0.000778001 0.999999 0.0352017 -0.0195664 -0.106457
FixedParameters: 0 0 0

#Transform 22
Transform: AffineTransform_float_3_3
Parameters: 1 0.000748189 -0.0007068 -0.000748811 0.999999 0.000267529 0.0007062 -0.000266472 0.999999 0.0257065 0.036028 -0.177515
FixedParameters: 0 0 0

#Transform 23
Transform: AffineTransform_float_3_3
Parameters: 0.999999 0.00100556 -0.000887368 -0.00100444 1 0.000629892 0.000887633 -0.000629108 1 0.0142763 -0.0224195 -0.135299
FixedParameters: 0 0 0

#Transform 24
Transform: AffineTransform_float_3_3
Parameters: 1 0.000747921 -0.000880067 -0.000748079 0.999999 -8.93416e-05 0.000879933 8.96581e-05 0.999999 0.0386267 0.0582416 -0.143278
FixedParameters: 0 0 0

#Transform 25
Transform: AffineTransform_float_3_3
Parameters: 1 0.000748233 -0.000602712 -0.000748768 0.999999 0.000385451 0.000603289 -0.000385549 0.999999 0.0327273 -0.0108101 -0.138051
FixedParameters: 0 0 0

#Transform 26
Transform: AffineTransform_float_3_3
Parameters: 0.999999 0.00137088 -0.000778218 -0.00137112 0.999999 -0.000158933 0.000777781 0.000160066 0.999999 0.0229031 0.0699364 -0.148765
FixedParameters: 0 0 0

#Transform 27
Transform: AffineTransform_float_3_3
Parameters: 0.999999 0.00135095 -0.000603106 -0.00135105 0.999999 -7.81853e-05 0.000602894 7.88146e-05 1 0.0285507 -0.0141537 -0.178602
FixedParameters: 0 0 0

#Transform 28
Transform: AffineTransform_float_3_3
Parameters: 1 0.0010489 -0.000548185 -0.0010481 1 -0.000176426 0.000547815 0.000176575 1 0.0339763 0.0429745 -0.160574
FixedParameters: 0 0 0

#Transform 29
Transform: AffineTransform_float_3_3
Parameters: 1 0.00105821 -0.000602629 -0.00105779 1 0.000350638 0.000603371 -0.000350362 1 0.0317958 -0.0452559 -0.172425
FixedParameters: 0 0 0

#Transform 30
Transform: AffineTransform_float_3_3
Parameters: 0.999999 0.00120742 -0.000602153 -0.00120758 0.999999 0.000701728 0.000602847 -0.000701272 0.999999 0.0386539 -0.00620886 -0.181749
FixedParameters: 0 0 0

#Transform 31
Transform: AffineTransform_float_3_3
Parameters: 1 0.00105857 -0.000601993 -0.00105743 0.999999 0.000952638 0.000603008 -0.000952363 1 0.0318073 -0.048118 -0.189987
FixedParameters: 0 0 0

#Transform 32
Transform: AffineTransform_float_3_3
Parameters: 1 0.00114603 -0.000278897 -0.00114598 1 9.03197e-05 0.000278104 -9.06814e-05 1 0.0119116 0.0559112 -0.172375
FixedParameters: 0 0 0

#Transform 33
Transform: AffineTransform_float_3_3
Parameters: 0.999999 0.00144626 -0.000602371 -0.00144574 0.999999 0.000434871 0.000603628 -0.000434127 0.999999 0.0189286 0.0100373 -0.195642
FixedParameters: 0 0 0

#Transform 34
Transform: AffineTransform_float_3_3
Parameters: 1 0.00105802 -0.000357947 -0.00105798 1 5.03788e-05 0.000358053 -4.96212e-05 1 0.0153363 0.0512254 -0.165168
FixedParameters: 0 0 0

#Transform 35
Transform: AffineTransform_float_3_3
Parameters: 0.999999 0.00131906 -0.000276715 -0.00131894 0.999999 0.000216365 0.000277286 -0.000216634 1 0.000161202 0.0026629 -0.179641
FixedParameters: 0 0 0

#Transform 36
Transform: AffineTransform_float_3_3
Parameters: 0.999998 0.00170302 -0.000370904 -0.00170298 0.999999 5.66318e-05 0.000371095 -5.53681e-05 1 0.00870527 0.0588168 -0.149063
FixedParameters: 0 0 0

#Transform 37
Transform: AffineTransform_float_3_3
Parameters: 0.999999 0.0011628 -0.000603386 -0.0011632 1 -0.000331298 0.000603615 0.000331702 1 0.013253 0.00496561 -0.16935
FixedParameters: 0 0 0

#Transform 38
Transform: AffineTransform_float_3_3
Parameters: 1 0.00105753 -0.00060382 -0.00105747 0.999999 -0.000775362 0.000603179 0.000776638 0.999999 0.00590122 0.0634448 -0.120114
FixedParameters: 0 0 0

#Transform 39
Transform: AffineTransform_float_3_3
Parameters: 1 0.0010572 -0.000604406 -0.0010578 0.999998 -0.00132936 0.000603593 0.00133064 0.999999 0.00789153 0.0834043 -0.141993
FixedParameters: 0 0 0

#Transform 40
Transform: AffineTransform_float_3_3
Parameters: 0.999999 0.0010567 -0.0008586 -0.0010573 0.999999 -0.00151309 0.0008564 0.00151391 0.999998 -0.00136834 0.0722714 -0.136922
FixedParameters: 0 0 0

#Transform 41
Transform: AffineTransform_float_3_3
Parameters: 0.999999 0.00105579 -0.00152254 -0.00105721 0.999999 -0.00145239 0.00152046 0.00145461 0.999998 -0.00739623 0.109843 -0.0046101
FixedParameters: 0 0 0

#Transform 42
Transform: AffineTransform_float_3_3
Parameters: 0.999998 0.00112596 -0.00176131 -0.00112804 0.999998 -0.00116002 0.00175969 0.00116198 0.999998 0.0170966 0.077689 0.0174344
FixedParameters: 0 0 0

#Transform 43
Transform: AffineTransform_float_3_3
Parameters: 0.999998 0.000844056 -0.00176189 -0.000847944 0.999997 -0.00223851 0.00176011 0.00224049 0.999996 0.0245623 0.161572 -0.110125
FixedParameters: 0 0 0

#Transform 44
Transform: AffineTransform_float_3_3
Parameters: 0.999999 0.000993194 -0.000953979 -0.000996805 0.999991 -0.00399705 0.000950023 0.00399795 0.999992 -0.0070566 0.147188 -0.157354
FixedParameters: 0 0 0

#Transform 45
Transform: AffineTransform_float_3_3
Parameters: 0.999999 0.000858791 -0.00123932 -0.000865207 0.999987 -0.00501793 0.00123467 0.00501906 0.999986 0.014217 0.249784 -0.159921
FixedParameters: 0 0 0

#Transform 46
Transform: AffineTransform_float_3_3
Parameters: 0.999999 0.000958824 -0.000798828 -0.000962177 0.999991 -0.00398523 0.000795172 0.00398576 0.999991 -0.0115802 0.14942 -0.149857
FixedParameters: 0 0 0

#Transform 47
Transform: AffineTransform_float_3_3
Parameters: 1 0.000954469 -0.000506797 -0.000956528 0.999987 -0.00501852 0.000501207 0.00501848 0.999988 -0.016759 0.263486 -0.167798
FixedParameters: 0 0 0

#Transform 48
Transform: AffineTransform_float_3_3
Parameters: 0.999999 0.00118796 -0.000501859 -0.00119004 0.999991 -0.0040864 0.000497141 0.00408659 0.999991 -0.0195974 0.171667 -0.180775
FixedParameters: 0 0 0

#Transform 49
Transform: AffineTransform_float_3_3
Parameters: 0.999999 0.000887202 -0.000408922 -0.000888797 0.99999 -0.00441564 0.000405079 0.00441636 0.99999 -0.0123043 0.221336 -0.2108
FixedParameters: 0 0 0

#Transform 50
Transform: AffineTransform_float_3_3
Parameters: 1 0.00091559 -0.000534154 -0.000917415 0.99999 -0.00453051 0.000530849 0.00453049 0.999989 -0.0164887 0.168233 -0.216281
FixedParameters: 0 0 0

#Transform 51
Transform: AffineTransform_float_3_3
Parameters: 0.999999 0.000817739 -0.000479874 -0.000820262 0.999989 -0.00473061 0.000476124 0.00473139 0.999988 -0.0158463 0.252363 -0.197674
FixedParameters: 0 0 0

#Transform 52
Transform: AffineTransform_float_3_3
Parameters: 0.999999 0.00106997 -0.000688737 -0.00107304 0.999989 -0.00442026 0.000684264 0.00442073 0.99999 -0.016299 0.191992 -0.214991
FixedParameters: 0 0 0

#Transform 53
Transform: AffineTransform_float_3_3
Parameters: 1 0.000883258 -0.000566301 -0.000885742 0.999988 -0.0048615 0.000561701 0.0048615 0.999988 -0.0161232 0.21987 -0.186664
FixedParameters: 0 0 0

#Transform 54
Transform: AffineTransform_float_3_3
Parameters: 1 0.00101326 -0.000377705 -0.00101474 0.999988 -0.00463862 0.000373297 0.00463938 0.999989 -0.0256988 0.194579 -0.201289
FixedParameters: 0 0 0

#Transform 55
Transform: AffineTransform_float_3_3
Parameters: 0.999998 0.000793921 -0.00176257 -0.000804081 0.999984 -0.0057246 0.00175843 0.00572641 0.999982 0.0212681 0.234382 -0.154228
FixedParameters: 0 0 0

#Transform 56
Transform: AffineTransform_float_3_3
Parameters: 0.999997 0.000470249 -0.00214052 -0.000485754 0.999973 -0.00736397 0.00213748 0.00736502 0.99997 0.0370259 0.309898 -0.255677
FixedParameters: 0 0 0

#Transform 57
Transform: AffineTransform_float_3_3
Parameters: 0.999998 0.000935916 -0.00170502 -0.000945085 0.999986 -0.0053354 0.00169998 0.0053366 0.999985 0.00166384 0.287283 -0.139867
FixedParameters: 0 0 0

#Transform 58
Transform: AffineTransform_float_3_3
Parameters: 0.999997 0.00117926 -0.00193574 -0.00118674 0.999992 -0.00400371 0.00193126 0.00400529 0.99999 0.00684936 0.127865 -0.448144
FixedParameters: 0 0 0

#Transform 59
Transform: AffineTransform_float_3_3
Parameters: 0.999996 0.00232913 -0.0018977 -0.00233687 0.999988 -0.00415558 0.0018883 0.00416041 0.999989 -0.0107333 0.140967 -0.568385
FixedParameters: 0 0 0

#Transform 60
Transform: AffineTransform_float_3_3
Parameters: 0.999995 0.00178266 -0.00284025 -0.00179134 0.999994 -0.00293793 0.00283474 0.00294307 0.999991 0.0294913 0.108105 -0.498683
FixedParameters: 0 0 0

#Transform 61
Transform: AffineTransform_float_3_3
Parameters: 0.999995 0.00124099 -0.00266369 -0.00125102 0.999992 -0.00376169 0.00265931 0.00376432 0.99999 0.0160677 0.110567 -0.0874027
FixedParameters: 0 0 0

#Transform 62
Transform: AffineTransform_float_3_3
Parameters: 0.999995 0.00110004 -0.00313728 -0.00111496 0.999988 -0.00476953 0.00313172 0.00477347 0.999983 0.0456625 0.267375 -0.128107
FixedParameters: 0 0 0

#Transform 63
Transform: AffineTransform_float_3_3
Parameters: 0.999996 0.00109613 -0.0026635 -0.00110687 0.999991 -0.00408307 0.0026585 0.00408593 0.999988 0.0305103 0.176071 -0.145449
FixedParameters: 0 0 0

#Transform 64
Transform: AffineTransform_float_3_3
Parameters: 0.999996 0.000842786 -0.0026629 -0.000854214 0.999989 -0.00458874 0.00265911 0.00459126 0.999986 0.0331741 0.242986 -0.122323
FixedParameters: 0 0 0

#Transform 65
Transform: AffineTransform_float_3_3
Parameters: 0.999994 0.00140689 -0.00318317 -0.0014231 0.999986 -0.0050625 0.00317583 0.0050675 0.999982 0.0168331 0.222918 -0.214173
FixedParameters: 0 0 0

#Transform 66
Transform: AffineTransform_float_3_3
Parameters: 0.999997 0.00130348 -0.00233132 -0.00132052 0.999974 -0.00709895 0.00232168 0.00710205 0.999972 0.016096 0.330166 -0.254312
FixedParameters: 0 0 0

#Transform 67
Transform: AffineTransform_float_3_3
Parameters: 0.999996 0.00156845 -0.00232755 -0.00158355 0.999977 -0.00669334 0.00231745 0.00669666 0.999975 0.0035028 0.232611 -0.259637
FixedParameters: 0 0 0

#Transform 68
Transform: AffineTransform_float_3_3
Parameters: 0.999996 0.00117148 -0.00263805 -0.00118452 0.999986 -0.0051309 0.00263196 0.00513411 0.999984 0.027187 0.281627 -0.197639
FixedParameters: 0 0 0

#Transform 69
Transform: AffineTransform_float_3_3
Parameters: 0.999996 0.00139917 -0.00251892 -0.00140783 0.999993 -0.00350647 0.00251408 0.00350953 0.99999 0.00576583 0.177045 -0.175215
FixedParameters: 0 0 0

#Transform 70
Transform: AffineTransform_float_3_3
Parameters: 0.999995 0.00145615 -0.00272046 -0.00146985 0.999986 -0.00509503 0.00271254 0.00509898 0.999984 0.0189804 0.296875 -0.186093
FixedParameters: 0 0 0

#Transform 71
Transform: AffineTransform_float_3_3
Parameters: 0.999996 0.00116129 -0.00261668 -0.00117372 0.999988 -0.00486395 0.00261132 0.00486605 0.999984 0.0156408 0.231893 -0.188153
FixedParameters: 0 0 0

#Transform 72
Transform: AffineTransform_float_3_3
Parameters: 0.999997 0.000943643 -0.00250645 -0.000958356 0.999983 -0.00573362 0.00250055 0.00573538 0.999981 0.025657 0.297846 -0.212598
FixedParameters: 0 0 0

#Transform 73
Transform: AffineTransform_float_3_3
Parameters: 0.999996 0.00094567 -0.00241886 -0.000958331 0.999986 -0.0051017 0.00241414 0.0051033 0.999984 0.022661 0.216547 -0.188799
FixedParameters: 0 0 0

#Transform 74
Transform: AffineTransform_float_3_3
Parameters: 0.999997 0.000864683 -0.00232699 -0.000877317 0.999983 -0.00572798 0.00232201 0.00573003 0.999981 0.0205539 0.315578 -0.173869
FixedParameters: 0 0 0

#Transform 75
Transform: AffineTransform_float_3_3
Parameters: 0.999998 0.000947585 -0.00213166 -0.000958416 0.999987 -0.00488997 0.00212734 0.00489203 0.999986 0.0135294 0.240254 -0.203129
FixedParameters: 0 0 0

#Transform 76
Transform: AffineTransform_float_3_3
Parameters: 0.999998 0.000852959 -0.00191894 -0.000864041 0.999983 -0.00576035 0.00191405 0.00576164 0.999981 0.00769537 0.299856 -0.21927
FixedParameters: 0 0 0

#Transform 77
Transform: AffineTransform_float_3_3
Parameters: 0.999997 0.000981429 -0.00191892 -0.000990571 0.999987 -0.00499311 0.00191408 0.00499489 0.999985 0.00627439 0.229917 -0.220311
FixedParameters: 0 0 0

#Transform 78
Transform: AffineTransform_float_3_3
Parameters: 1 0.000201564 -0.00114352 -0.000210439 0.999972 -0.00738176 0.00114248 0.00738223 0.999972 -0.0838096 0.42746 -0.264149
FixedParameters: 0 0 0

#Transform 79
Transform: AffineTransform_float_3_3
Parameters: 0.999998 0.000918584 -0.00173057 -0.000929419 0.999982 -0.00602741 0.00172543 0.0060296 0.999981 -0.0404615 0.279519 -0.328922
FixedParameters: 0 0 0

#Transform 80
Transform: AffineTransform_float_3_3
Parameters: 0.999997 0.00157715 -0.00186183 -0.00158386 0.999992 -0.00368606 0.00185617 0.00368894 0.999992 -0.0344017 0.128384 -0.216072
FixedParameters: 0 0 0

#Transform 81
Transform: AffineTransform_float_3_3
Parameters: 0.999997 0.00114864 -0.00182429 -0.00115637 0.999989 -0.0045899 0.00181971 0.0045921 0.999988 -0.02867 0.208441 -0.186531
FixedParameters: 0 0 0

#Transform 82
Transform: AffineTransform_float_3_3
Parameters: 0.999998 0.0009196 -0.00212952 -0.000929398 0.999987 -0.00488803 0.00212448 0.00488996 0.999986 -0.00666424 0.275861 -0.190078
FixedParameters: 0 0 0

#Transform 83
Transform: AffineTransform_float_3_3
Parameters: 0.999997 0.000888781 -0.00250337 -0.000901224 0.999987 -0.00488476 0.00249963 0.00488624 0.999985 -0.00621911 0.306935 -0.177213
FixedParameters: 0 0 0

#Transform 84
Transform: AffineTransform_float_3_3
Parameters: 0.999997 0.000889747 -0.00235029 -0.000901253 0.999988 -0.0047919 0.00234571 0.0047931 0.999986 -0.0112579 0.208909 -0.214515
FixedParameters: 0 0 0

#Transform 85
Transform: AffineTransform_float_3_3
Parameters: 0.999998 0.000547841 -0.00222578 -0.000559162 0.999988 -0.00501677 0.00222322 0.00501723 0.999985 -0.0759475 0.291132 -0.187624
FixedParameters: 0 0 0

#Transform 86
Transform: AffineTransform_float_3_3
Parameters: 0.999993 0.00153358 -0.00337567 -0.00154642 0.999992 -0.0036798 0.00337033 0.00368519 0.999987 -0.0788585 0.181197 -0.24372
FixedParameters: 0 0 0

#Transform 87
Transform: AffineTransform_float_3_3
Parameters: 0.999996 0.00129526 -0.00279078 -0.00131374 0.999976 -0.00672437 0.00278223 0.00672864 0.999974 -0.0283222 0.34239 -0.275913
FixedParameters: 0 0 0

#Transform 88
Transform: AffineTransform_float_3_3
Parameters: 0.999996 0.00118832 -0.0027883 -0.00120368 0.999986 -0.00526967 0.0027817 0.00527233 0.999982 -0.0367895 0.234913 -0.215937
FixedParameters: 0 0 0

#Transform 89
Transform: AffineTransform_float_3_3
Parameters: 0.999996 0.000791107 -0.00278743 -0.000809888 0.999976 -0.00678277 0.00278157 0.00678523 0.999973 -0.032414 0.352939 -0.208848
FixedParameters: 0 0 0

#Transform 90
Transform: AffineTransform_float_3_3
Parameters: 0.999996 0.000796218 -0.00247248 -0.000809779 0.999984 -0.00557802 0.00246752 0.00557999 0.999982 -0.0183194 0.252868 -0.1939
FixedParameters: 0 0 0

#Transform 91
Transform: AffineTransform_float_3_3
Parameters: 0.999997 0.000796292 -0.00241656 -0.000809711 0.999984 -0.00567706 0.00241244 0.00567894 0.999981 -0.0149363 0.277961 -0.204558
FixedParameters: 0 0 0

#Transform 92
Transform: AffineTransform_float_3_3
Parameters: 0.999995 0.000858336 -0.00278687 -0.000873662 0.999984 -0.00562359 0.00278213 0.00562641 0.999981 -0.00543269 0.26834 -0.216376
FixedParameters: 0 0 0

#Transform 93
Transform: AffineTransform_float_3_3
Parameters: 0.999998 0.000874366 -0.00209375 -0.000887637 0.999979 -0.00652016 0.00208826 0.00652184 0.999976 -0.00148401 0.331161 -0.22911
FixedParameters: 0 0 0

#Transform 94
Transform: AffineTransform_float_3_3
Parameters: 0.999997 0.00122644 -0.00241893 -0.00124056 0.999984 -0.00561302 0.00241207 0.00561598 0.999982 -0.0185977 0.283724 -0.188266
FixedParameters: 0 0 0

#Transform 95
Transform: AffineTransform_float_3_3
Parameters: 0.999996 0.00107165 -0.00239302 -0.00108535 0.999984 -0.00558642 0.00238697 0.00558857 0.999981 -0.0126137 0.305009 -0.174619
FixedParameters: 0 0 0

#Transform 96
Transform: AffineTransform_float_3_3
Parameters: 0.999996 0.00115164 -0.0024877 -0.00116636 0.999982 -0.00577712 0.0024813 0.00577988 0.99998 -0.0156307 0.291293 -0.176214
FixedParameters: 0 0 0

#Transform 97
Transform: AffineTransform_float_3_3
Parameters: 0.999996 0.00114138 -0.00236214 -0.00115361 0.999985 -0.00534629 0.00235586 0.00534971 0.999983 -0.0157452 0.285656 -0.164382
FixedParameters: 0 0 0

#Transform 98
Transform: AffineTransform_float_3_3
Parameters: 0.999997 0.000796559 -0.00237655 -0.000809438 0.999983 -0.00566009 0.00237146 0.00566191 0.999981 -0.015507 0.295604 -0.141153
FixedParameters: 0 0 0

#Transform 99
Transform: AffineTransform_float_3_3
Parameters: 0.999995 0.00125304 -0.00274441 -0.00126696 0.999986 -0.00508955 0.00273858 0.00509246 0.999984 -0.00852581 0.263759 -0.18451
FixedParameters: 0 0 0

#Transform 100
Transform: AffineTransform_float_3_3
Parameters: 0.999996 -2.09682e-05 -0.00280692 4.03122e-06 0.999981 -0.00604503 0.00280708 0.00604496 0.999978 0.0552151 0.333375 -0.25034
FixedParameters: 0 0 0

#Transform 101
Transform: AffineTransform_float_3_3
Parameters: 0.999997 9.77782e-05 -0.00270755 -0.000111221 0.999986 -0.00525372 0.00270645 0.00525328 0.999982 0.0506727 0.260552 -0.233898
FixedParameters: 0 0 0

#Transform 102
Transform: AffineTransform_float_3_3
Parameters: 0.999997 0.000572423 -0.00237107 -0.000584575 0.999985 -0.00530663 0.00236793 0.00530837 0.999983 0.0230305 0.276752 -0.207136
FixedParameters: 0 0 0

#Transform 103
Transform: AffineTransform_float_3_3
Parameters: 0.999996 0.000919944 -0.00261335 -0.000935056 0.999983 -0.00576658 0.00260765 0.00576842 0.99998 0.028848 0.297805 -0.212055
FixedParameters: 0 0 0

#Transform 104
Transform: AffineTransform_float_3_3
Parameters: 0.999996 0.000957385 -0.00240546 -0.00097161 0.999983 -0.00566468 0.00239953 0.00566731 0.999981 0.0296522 0.262199 -0.211165
FixedParameters: 0 0 0

#Transform 105
Transform: AffineTransform_float_3_3
Parameters: 0.999997 0.000912715 -0.00237654 -0.000927282 0.999982 -0.00601682 0.00237046 0.00601919 0.999979 0.0292128 0.333538 -0.199966
FixedParameters: 0 0 0

#Transform 106
Transform: AffineTransform_float_3_3
Parameters: 0.999998 0.00065847 -0.00193995 -0.00067053 0.999982 -0.00594871 0.00193605 0.00595029 0.999981 0.0220835 0.258229 -0.265981
FixedParameters: 0 0 0

#Transform 107
Transform: AffineTransform_float_3_3
Parameters: 0.999999 0.00132055 -0.000247838 -0.00132145 0.999981 -0.00593168 0.000240167 0.00593132 0.999983 -0.0625027 0.290083 -0.275318
FixedParameters: 0 0 0

#Transform 108
Transform: AffineTransform_float_3_3
Parameters: 0.999998 0.00121022 -0.00171195 -0.00121978 0.999983 -0.00572192 0.00170505 0.00572408 0.999982 -0.0134972 0.324252 -0.182057
FixedParameters: 0 0 0

#Transform 109
Transform: AffineTransform_float_3_3
Parameters: 0.999998 0.000881491 -0.00168102 -0.000891509 0.999983 -0.00566451 0.00167598 0.00566549 0.999983 0.000666829 0.268658 -0.195642
FixedParameters: 0 0 0

#Transform 110
Transform: AffineTransform_float_3_3
Parameters: 0.999998 0.000934038 -0.00211133 -0.000945961 0.999984 -0.00567202 0.00210567 0.00567398 0.999981 0.00235964 0.283373 -0.187646
FixedParameters: 0 0 0

#Transform 111
Transform: AffineTransform_float_3_3
Parameters: 0.999997 0.00110479 -0.00227996 -0.00111721 0.999985 -0.00536247 0.00227404 0.00536453 0.999983 0.0255218 0.277534 -0.152686
FixedParameters: 0 0 0

#Transform 112
Transform: AffineTransform_float_3_3
Parameters: 0.999998 0.000726045 -0.00216439 -0.00073896 0.999982 -0.00599141 0.00216061 0.00599258 0.999979 0.039815 0.301396 -0.150003
FixedParameters: 0 0 0

#Transform 113
Transform: AffineTransform_float_3_3
Parameters: 0.999997 0.00104583 -0.00226506 -0.00106017 0.999977 -0.00670562 0.00225794 0.00670738 0.999975 0.0339574 0.351008 -0.121315
FixedParameters: 0 0 0

#Transform 114
Transform: AffineTransform_float_3_3
Parameters: 0.999998 0.000728147 -0.00194809 -0.000738851 0.999984 -0.00557557 0.00194391 0.00557743 0.999982 0.0120929 0.226213 -0.111424
FixedParameters: 0 0 0

#Transform 115
Transform: AffineTransform_float_3_3
Parameters: 0.999997 0.000910465 -0.00222858 -0.000924532 0.999981 -0.00607996 0.00222242 0.00608204 0.999979 0.0236131 0.306637 -0.166974
FixedParameters: 0 0 0

#Transform 116
Transform: AffineTransform_float_3_3
Parameters: 0.999997 0.00072874 -0.00207962 -0.000739261 0.999988 -0.00493648 0.00207637 0.00493853 0.999985 0.0179449 0.205058 -0.136227
FixedParameters: 0 0 0

#Transform 117
Transform: AffineTransform_float_3_3
Parameters: 0.999997 0.00072471 -0.00243829 -0.000738289 0.999983 -0.00586522 0.00243371 0.00586678 0.99998 0.0487954 0.350993 -0.252365
FixedParameters: 0 0 0

#Transform 118
Transform: AffineTransform_float_3_3
Parameters: 0.999995 0.000642285 -0.0031309 -0.000661715 0.999982 -0.00597996 0.0031271 0.00598204 0.999977 0.0725476 0.291243 -0.485338
FixedParameters: 0 0 0

#Transform 119
Transform: AffineTransform_float_3_3
Parameters: 0.999999 -0.0012259 -0.000864096 0.00122111 0.999984 -0.00564306 0.000870904 0.00564194 0.999983 0.0825104 0.259969 -0.299321
FixedParameters: 0 0 0

#Transform 120
Transform: AffineTransform_float_3_3
Parameters: 0.999997 -0.00174414 -0.00138304 0.00173686 0.999985 -0.00515041 0.00139196 0.00514759 0.999986 0.129684 0.280725 -0.266061
FixedParameters: 0 0 0

#Transform 121
Transform: AffineTransform_float_3_3
Parameters: 0.999998 0.00018406 -0.00188889 -0.000192942 0.999989 -0.00473464 0.00188811 0.00473436 0.999987 0.0569057 0.293389 -0.172143
FixedParameters: 0 0 0

#Transform 122
Transform: AffineTransform_float_3_3
Parameters: 0.999999 0.000126113 -0.00143653 -0.000131886 0.999991 -0.00409981 0.00143547 0.00409918 0.99999 0.0444872 0.17357 -0.17361
FixedParameters: 0 0 0

#Transform 123
Transform: AffineTransform_float_3_3
Parameters: 0.999999 -7.11081e-05 -0.00126662 6.38953e-05 0.999985 -0.00561109 0.00126638 0.00561092 0.999984 0.0760291 0.31465 -0.182548
FixedParameters: 0 0 0

#Transform 124
Transform: AffineTransform_float_3_3
Parameters: 1 -0.000404005 -0.00104207 0.000398991 0.999989 -0.00479842 0.00104493 0.00479758 0.999988 0.0900324 0.24406 -0.194574
FixedParameters: 0 0 0

#Transform 125
Transform: AffineTransform_float_3_3
Parameters: 1 -0.000498154 -0.00104155 0.000492844 0.999987 -0.00494252 0.00104445 0.00494248 0.999987 0.0797188 0.266598 -0.219965
FixedParameters: 0 0 0

#Transform 126
Transform: AffineTransform_float_3_3
Parameters: 1 -0.000262796 -0.00106058 0.000257202 0.999985 -0.00546128 0.00106242 0.00546073 0.999985 0.0835012 0.30418 -0.209372
FixedParameters: 0 0 0

#Transform 127
Transform: AffineTransform_float_3_3
Parameters: 0.999999 -0.000498631 -0.000838852 0.000495368 0.999991 -0.00432342 0.000841149 0.00432259 0.999991 0.0675687 0.210046 -0.197379
FixedParameters: 0 0 0

#Transform 128
Transform: AffineTransform_float_3_3
Parameters: 1 -0.00108034 -0.000478743 0.00107765 0.999987 -0.00487152 0.000484256 0.00487148 0.999988 0.132232 0.297721 -0.209141
FixedParameters: 0 0 0

#Transform 129
Transform: AffineTransform_float_3_3
Parameters: 1 -0.00093749 -0.000546754 0.00093451 0.99999 -0.00453551 0.000551244 0.00453549 0.999989 0.116517 0.220609 -0.199354
FixedParameters: 0 0 0

#Transform 130
Transform: AffineTransform_float_3_3
Parameters: 0.999999 -0.000766218 -0.00116694 0.000759786 0.999985 -0.00531989 0.00117006 0.00531911 0.999985 0.161141 0.316469 -0.191909
FixedParameters: 0 0 0

#Transform 131
Transform: AffineTransform_float_3_3
Parameters: 0.999998 -0.000768286 -0.00148274 0.000759713 0.999984 -0.00558014 0.00148726 0.00557987 0.999984 0.140177 0.271758 -0.195131
FixedParameters: 0 0 0

#Transform 132
Transform: AffineTransform_float_3_3
Parameters: 0.999999 -0.000765411 -0.0010571 0.000759589 0.999986 -0.00510981 0.0010609 0.00510919 0.999987 0.13277 0.293512 -0.189822
FixedParameters: 0 0 0

#Transform 133
Transform: AffineTransform_float_3_3
Parameters: 0.999999 -0.000766103 -0.00111182 0.000759895 0.999984 -0.00547985 0.00111618 0.00547815 0.999985 0.122297 0.284782 -0.193805
FixedParameters: 0 0 0

#Transform 134
Transform: AffineTransform_float_3_3
Parameters: 0.999999 -0.00099245 -0.00104384 0.000986554 0.999986 -0.00520903 0.00104815 0.00520796 0.999986 0.12567 0.28052 -0.190957
FixedParameters: 0 0 0

#Transform 135
Transform: AffineTransform_float_3_3
Parameters: 0.999999 -0.000766007 -0.00104462 0.000759997 0.999983 -0.0057388 0.00104838 0.0057372 0.999983 0.127888 0.308752 -0.191282
FixedParameters: 0 0 0

#Transform 136
Transform: AffineTransform_float_3_3
Parameters: 0.999999 -0.000764755 -0.00104554 0.000760249 0.99999 -0.0045398 0.00104846 0.0045392 0.999989 0.117567 0.257093 -0.183718
FixedParameters: 0 0 0

#Transform 137
Transform: AffineTransform_float_3_3
Parameters: 0.999999 -0.00076581 -0.00104477 0.000760195 0.999985 -0.0055498 0.00104824 0.0055492 0.999984 0.122371 0.303731 -0.202488
FixedParameters: 0 0 0

#Transform 138
Transform: AffineTransform_float_3_3
Parameters: 0.999999 -0.000235687 -0.00127096 0.000229312 0.99999 -0.0044733 0.00127204 0.0044727 0.999989 0.115331 0.241413 -0.200897
FixedParameters: 0 0 0

#Transform 139
Transform: AffineTransform_float_3_3
Parameters: 0.999998 -0.000414544 -0.00158679 0.000405455 0.999985 -0.00538065 0.0015892 0.00538035 0.999985 0.134763 0.305476 -0.192783
FixedParameters: 0 0 0

#Transform 140
Transform: AffineTransform_float_3_3
Parameters: 0.999999 -0.000766824 -0.00137421 0.000760178 0.999988 -0.00495905 0.00137779 0.00495795 0.999987 0.12793 0.249188 -0.223242
FixedParameters: 0 0 0

#Transform 141
Transform: AffineTransform_float_3_3
Parameters: 0.999999 -0.000767208 -0.00132987 0.000759791 0.999985 -0.00541202 0.00133413 0.00541099 0.999985 0.125762 0.293926 -0.227857
FixedParameters: 0 0 0

#Transform 142
Transform: AffineTransform_float_3_3
Parameters: 0.999999 -0.000657694 -0.00104544 0.000651308 0.999985 -0.00543768 0.00104856 0.00543631 0.999984 0.115055 0.283865 -0.228156
FixedParameters: 0 0 0

#Transform 143
Transform: AffineTransform_float_3_3
Parameters: 0.999999 -0.000766006 -0.00104462 0.000759999 0.999984 -0.0057368 0.00104838 0.0057362 0.999983 0.109142 0.269803 -0.204794
FixedParameters: 0 0 0

#Transform 144
Transform: AffineTransform_float_3_3
Parameters: 0.999999 -0.000765913 -0.00104469 0.00076009 0.999984 -0.0056498 0.00104831 0.0056482 0.999984 0.116729 0.280258 -0.211003
FixedParameters: 0 0 0

#Transform 145
Transform: AffineTransform_float_3_3
Parameters: 0.999999 -0.000693834 -0.00104515 0.000688167 0.999984 -0.00557172 0.00104885 0.00557128 0.999984 0.109423 0.275142 -0.18152
FixedParameters: 0 0 0

#Transform 146
Transform: AffineTransform_float_3_3
Parameters: 0.999999 -0.00076563 -0.000984648 0.000759373 0.999983 -0.00570575 0.000988349 0.00570525 0.999983 0.118477 0.303272 -0.228378
FixedParameters: 0 0 0

#Transform 147
Transform: AffineTransform_float_3_3
Parameters: 0.999999 -0.000276963 -0.000996634 0.000272035 0.999987 -0.00497627 0.000998366 0.00497672 0.999987 0.0689104 0.244177 -0.192883
FixedParameters: 0 0 0

#Transform 148
Transform: AffineTransform_float_3_3
Parameters: 1 -0.000277987 -0.00104743 0.000272015 0.999983 -0.00571229 0.00104857 0.00571171 0.999983 0.0383818 0.291596 -0.200631
FixedParameters: 0 0 0

#Transform 149
Transform: AffineTransform_float_3_3
Parameters: 0.999999 -0.00069765 -0.00104525 0.000691352 0.999985 -0.00539573 0.00104875 0.00539527 0.999985 0.0754219 0.284632 -0.181094
FixedParameters: 0 0 0

#Transform 150
Transform: AffineTransform_float_3_3
Parameters: 1 -0.000278412 -0.00104732 0.000272591 0.999982 -0.00611629 0.00104869 0.00611671 0.99998 0.0619264 0.298823 -0.204998
FixedParameters: 0 0 0

#Transform 151
Transform: AffineTransform_float_3_3
Parameters: 0.999999 -2.72958e-05 -0.00145687 1.97034e-05 0.999984 -0.00569403 0.00145714 0.00569396 0.999982 0.0487607 0.304014 -0.183996
FixedParameters: 0 0 0

#Transform 152
Transform: AffineTransform_float_3_3
Parameters: 0.999999 0.000193204 -0.00148417 -0.000201795 0.999983 -0.00592871 0.00148283 0.0059293 0.999982 0.0472216 0.310617 -0.20293
FixedParameters: 0 0 0

#Transform 153
Transform: AffineTransform_float_3_3
Parameters: 0.999998 0.000193254 -0.00159608 -0.000201746 0.999985 -0.00548168 0.00159492 0.00548131 0.999983 0.0593463 0.305246 -0.169044
FixedParameters: 0 0 0

#Transform 154
Transform: AffineTransform_float_3_3
Parameters: 0.999998 0.000192395 -0.00161217 -0.000201604 0.999982 -0.00595968 0.00161083 0.00596032 0.999981 0.0513069 0.298077 -0.193692
FixedParameters: 0 0 0

#Transform 155
Transform: AffineTransform_float_3_3
Parameters: 0.999998 -4.8688e-05 -0.00161776 3.93106e-05 0.999985 -0.00537007 0.00161823 0.00536993 0.999985 0.0637019 0.304445 -0.181356
FixedParameters: 0 0 0

#Transform 156
Transform: AffineTransform_float_3_3
Parameters: 0.999999 -0.000257521 -0.00180153 0.000247475 0.999983 -0.00583846 0.00180348 0.00583755 0.999982 0.0722649 0.29621 -0.186553
FixedParameters: 0 0 0

#Transform 157
Transform: AffineTransform_float_3_3
Parameters: 0.999998 -0.000240485 -0.00171683 0.000232515 0.999988 -0.00494041 0.00171817 0.00494059 0.999987 0.0730718 0.269047 -0.185787
FixedParameters: 0 0 0

#Transform 158
Transform: AffineTransform_float_3_3
Parameters: 0.999999 -0.000203369 -0.00153091 0.000195637 0.999985 -0.00546431 0.00153109 0.00546469 0.999984 0.0790721 0.312986 -0.197267
FixedParameters: 0 0 0

#Transform 159
Transform: AffineTransform_float_3_3
Parameters: 0.999999 -0.000260119 -0.00139169 0.000252879 0.999987 -0.00511336 0.00139331 0.00511264 0.999986 0.0673355 0.263874 -0.192249
FixedParameters: 0 0 0

#Transform 160
Transform: AffineTransform_float_3_3
Parameters: 0.999999 0.000224842 -0.00130925 -0.000232157 0.999985 -0.0054697 0.00130775 0.0054703 0.999984 0.0423289 0.301483 -0.21335
FixedParameters: 0 0 0

#Transform 161
Transform: AffineTransform_float_3_3
Parameters: 0.999999 0.00044309 -0.00136227 -0.000449907 0.999987 -0.00507539 0.00135973 0.00507661 0.999986 0.0424663 0.264003 -0.209349
FixedParameters: 0 0 0

#Transform 162
Transform: AffineTransform_float_3_3
Parameters: 1 -0.000208742 -0.00104787 0.000203262 0.999985 -0.00547722 0.00104813 0.00547679 0.999985 0.0642404 0.321465 -0.213243
FixedParameters: 0 0 0

#Transform 163
Transform: AffineTransform_float_3_3
Parameters: 0.999998 -0.000346073 -0.00160607 0.000336926 0.999984 -0.00564655 0.00160793 0.00564545 0.999983 0.0892747 0.286351 -0.215428
FixedParameters: 0 0 0

#Transform 164
Transform: AffineTransform_float_3_3
Parameters: 0.999999 -0.000360414 -0.00128594 0.000352587 0.999984 -0.00576046 0.00128805 0.00576054 0.999982 0.0846258 0.308064 -0.223449
FixedParameters: 0 0 0

#Transform 165
Transform: AffineTransform_float_3_3
Parameters: 0.999999 -0.000165144 -0.00156916 0.000157852 0.999986 -0.00518825 0.00157084 0.00518875 0.999986 0.0808974 0.271803 -0.219751
FixedParameters: 0 0 0

#Transform 166
Transform: AffineTransform_float_3_3
Parameters: 0.999998 0.000104571 -0.00170167 -0.000114431 0.999981 -0.00612981 0.00170133 0.00613019 0.99998 0.0774285 0.336814 -0.215112
FixedParameters: 0 0 0

#Transform 167
Transform: AffineTransform_float_3_3
Parameters: 0.999998 0.000105768 -0.00173259 -0.000114235 0.999986 -0.00532981 0.00173242 0.00532919 0.999985 0.0750541 0.259585 -0.212094
FixedParameters: 0 0 0

#Transform 168
Transform: AffineTransform_float_3_3
Parameters: 0.999999 0.000106466 -0.00145165 -0.000114536 0.999982 -0.00587984 0.00145135 0.00588016 0.999981 0.0681851 0.3611 -0.185546
FixedParameters: 0 0 0

#Transform 169
Transform: AffineTransform_float_3_3
Parameters: 0.999999 0.000107736 -0.00133761 -0.000114268 0.999985 -0.00543286 0.0013374 0.00543215 0.999985 0.0584654 0.254328 -0.18128
FixedParameters: 0 0 0

#Transform 170
Transform: AffineTransform_float_3_3
Parameters: 0.999999 0.000106201 -0.00148566 -0.000114801 0.999983 -0.00592384 0.00148535 0.00592417 0.999982 0.0715038 0.352567 -0.186111
FixedParameters: 0 0 0

#Transform 171
Transform: AffineTransform_float_3_3
Parameters: 0.999999 -0.000205938 -0.00131894 0.000199062 0.999986 -0.00525827 0.00132007 0.00525774 0.999986 0.0640449 0.269126 -0.179355
FixedParameters: 0 0 0

#Transform 172
Transform: AffineTransform_float_3_3
Parameters: 0.999998 -0.000150538 -0.00163815 0.000140462 0.999983 -0.00582124 0.00163884 0.00582076 0.999981 0.0856203 0.333071 -0.199415
FixedParameters: 0 0 0

#Transform 173
Transform: AffineTransform_float_3_3
Parameters: 0.999999 0.000107151 -0.00155356 -0.000114851 0.999987 -0.00505283 0.00155344 0.00505317 0.999986 0.0581267 0.264516 -0.196701
FixedParameters: 0 0 0

#Transform 174
Transform: AffineTransform_float_3_3
Parameters: 0.999998 0.000105177 -0.00161967 -0.000114825 0.999981 -0.00606582 0.00161933 0.00606618 0.999981 0.0774633 0.34159 -0.227563
FixedParameters: 0 0 0

#Transform 175
Transform: AffineTransform_float_3_3
Parameters: 0.999999 0.000107379 -0.00148557 -0.000114623 0.999987 -0.00513083 0.00148543 0.00513116 0.999985 0.0719327 0.24489 -0.184963
FixedParameters: 0 0 0

#Transform 176
Transform: AffineTransform_float_3_3
Parameters: 0.999999 0.000106169 -0.00146167 -0.000114827 0.999981 -0.00604284 0.00146033 0.00604316 0.99998 0.0839122 0.364962 -0.163088
FixedParameters: 0 0 0

#Transform 177
Transform: AffineTransform_float_3_3
Parameters: 0.999998 -0.000175181 -0.00190009 0.000165819 0.999985 -0.00535732 0.00190092 0.00535667 0.999984 0.104065 0.256087 -0.158007
FixedParameters: 0 0 0

#Transform 178
Transform: AffineTransform_float_3_3
Parameters: 1 -0.000312871 -0.00114114 0.00030613 0.999982 -0.00601635 0.00114286 0.00601565 0.999982 0.112678 0.341113 -0.179021
FixedParameters: 0 0 0

#Transform 179
Transform: AffineTransform_float_3_3
Parameters: 0.999999 -3.21655e-05 -0.00145284 2.48392e-05 0.999984 -0.00562004 0.00145216 0.00561996 0.999983 0.0886431 0.300256 -0.172266
FixedParameters: 0 0 0

#Transform 180
Transform: AffineTransform_float_3_3
Parameters: 0.999999 -0.000315744 -0.00173325 0.000306257 0.999984 -0.00561954 0.00173475 0.00561846 0.999982 0.106636 0.344424 -0.143812
FixedParameters: 0 0 0

#Transform 181
Transform: AffineTransform_float_3_3
Parameters: 0.999998 -0.000298484 -0.00158843 0.000290513 0.999985 -0.00533846 0.00159057 0.00533853 0.999984 0.0960737 0.264926 -0.139078
FixedParameters: 0 0 0

#Transform 182
Transform: AffineTransform_float_3_3
Parameters: 0.999998 -0.000400726 -0.00168595 0.000391279 0.999986 -0.00517267 0.00168705 0.00517233 0.999985 0.131791 0.336594 -0.140738
FixedParameters: 0 0 0

#Transform 183
Transform: AffineTransform_float_3_3
Parameters: 0.999998 -0.000207299 -0.00163197 0.0001997 0.999987 -0.00508433 0.00163304 0.00508367 0.999985 0.0885764 0.246593 -0.146308
FixedParameters: 0 0 0

#Transform 184
Transform: AffineTransform_float_3_3
Parameters: 0.999998 0.000105347 -0.00162565 -0.000114655 0.999983 -0.00593882 0.00162535 0.00593918 0.999981 0.0956039 0.360049 -0.155031
FixedParameters: 0 0 0

#Transform 185
Transform: AffineTransform_float_3_3
Parameters: 0.999998 4.01293e-05 -0.00165724 -4.88693e-05 0.999985 -0.00535293 0.00165676 0.00535307 0.999985 0.0829404 0.284101 -0.149213
FixedParameters: 0 0 0

#Transform 186
Transform: AffineTransform_float_3_3
Parameters: 0.999998 -0.000334214 -0.0015941 0.000324785 0.999984 -0.00577753 0.0015959 0.00577648 0.999982 0.0925677 0.346054 -0.153477
FixedParameters: 0 0 0

#Transform 187
Transform: AffineTransform_float_3_3
Parameters: 0.999999 0.000105365 -0.00173761 -0.000114632 0.999984 -0.00554581 0.00173639 0.00554619 0.999983 0.0911143 0.271861 -0.151563
FixedParameters: 0 0 0

#Transform 188
Transform: AffineTransform_float_3_3
Parameters: 0.999999 -0.000386362 -0.00149211 0.000378638 0.999988 -0.00493157 0.00149388 0.00493043 0.999986 0.0937355 0.313461 -0.144407
FixedParameters: 0 0 0

#Transform 189
Transform: AffineTransform_float_3_3
