#Insight Transform File V1.0
#Transform 0
Transform: AffineTransform_float_3_3
Parameters: 0.999998 -0.00112523 -0.00125848 0.00112777 0.999997 0.00220558 0.00125551 -0.00220642 0.999997 0.132059 -0.111177 0.129137
FixedParameters: 0 0 0

#Transform 1
Transform: AffineTransform_float_3_3
Parameters: 0.999999 -0.000777452 -0.000577739 0.000778548 0.999999 0.000949551 0.000577261 -0.00094945 1 0.0946263 -0.0287282 0.137061
FixedParameters: 0 0 0

#Transform 2
Transform: AffineTransform_float_3_3
Parameters: 0.999999 -0.000978218 0.000184845 0.00097778 0.999999 0.00118118 -0.000186155 -0.00118082 1 0.0417652 -0.0822848 0.109714
FixedParameters: 0 0 0

#Transform 3
Transform: AffineTransform_float_3_3
Parameters: 1 -0.000459733 -0.000388315 0.000460266 0.999999 0.000685821 0.000388684 -0.000686178 0.999999 0.0496989 0.00836872 0.136942
FixedParameters: 0 0 0

#Transform 4
Transform: AffineTransform_float_3_3
Parameters: 1 -0.000459972 -2.2581e-05 0.000460029 0.999999 0.00126299 2.2419e-05 -0.00126301 0.999999 0.0202682 -0.0694899 0.0895744
FixedParameters: 0 0 0

#Transform 5
Transform: AffineTransform_float_3_3
Parameters: 1 -0.000459939 -6.9402e-05 0.000460061 0.999999 0.000873967 6.95979e-05 -0.000874031 0.999999 0.0387117 -0.0166968 0.0931134
FixedParameters: 0 0 0

#Transform 6
Transform: AffineTransform_float_3_3
Parameters: 1 -0.000460411 0.000247235 0.000459588 0.999998 0.00166311 -0.000247764 -0.00166288 0.999998 0.0141494 -0.0826634 0.0938118
FixedParameters: 0 0 0

#Transform 7
Transform: AffineTransform_float_3_3
Parameters: 0.999998 -0.00111545 -0.00162076 0.00111755 0.999998 0.00157219 0.00161825 -0.00157381 0.999998 0.142719 -0.0174212 0.0973133
FixedParameters: 0 0 0

#Transform 8
Transform: AffineTransform_float_3_3
Parameters: 0.999996 -0.000892633 -0.0026708 0.000898366 0.999997 0.00200861 0.0026692 -0.00201139 0.999995 0.134224 -0.0904496 0.0818701
FixedParameters: 0 0 0

#Transform 9
Transform: AffineTransform_float_3_3
Parameters: 0.999998 -0.000469618 -0.00166239 0.000471382 0.999999 0.000831217 0.00166261 -0.000831782 0.999999 0.0859413 -0.0161928 -0.0411398
FixedParameters: 0 0 0

#Transform 10
Transform: AffineTransform_float_3_3
Parameters: 0.999999 -0.000111568 -0.00155318 0.000114432 0.999999 0.00156582 0.00155282 -0.00156617 0.999997 0.0479624 -0.0794476 0.0621645
FixedParameters: 0 0 0

#Transform 11
Transform: AffineTransform_float_3_3
Parameters: 1 -8.16736e-05 -0.0010741 8.33263e-05 0.999999 0.00123491 0.0010739 -0.00123509 0.999998 0.0328961 -0.0593145 0.0359562
FixedParameters: 0 0 0

#Transform 12
Transform: AffineTransform_float_3_3
Parameters: 0.999999 0.00020569 -0.000911844 -0.000205309 0.999999 0.000757188 0.000912156 -0.000756813 1 0.0215876 -0.0241401 0.115371
FixedParameters: 0 0 0

#Transform 13
Transform: AffineTransform_float_3_3
Parameters: 1 4.61172e-05 -9.89455e-05 -4.68828e-05 1 0.00118401 9.90556e-05 -0.001184 1 -0.00194943 -0.0701958 0.107536
FixedParameters: 0 0 0

#Transform 14
Transform: AffineTransform_float_3_3
Parameters: 1 0.000221065 -9.88545e-05 -0.000220935 1 0.000658022 9.91454e-05 -0.000657978 1 0.0191357 -0.000512039 0.0585593
FixedParameters: 0 0 0

#Transform 15
Transform: AffineTransform_float_3_3
Parameters: 1 0.000178174 0.000650227 -0.000178826 0.999999 0.00127088 -0.000649773 -0.00127112 0.999999 -0.0183424 -0.0496636 0.109849
FixedParameters: 0 0 0

#Transform 16
Transform: AffineTransform_float_3_3
Parameters: 1 0.000251025 0.000356982 -0.000250975 1 -7.00896e-05 -0.000357018 6.99104e-05 1 -0.00899727 0.0245439 0.0600092
FixedParameters: 0 0 0

#Transform 17
Transform: AffineTransform_float_3_3
Parameters: 1 0.000497804 0.000389251 -0.000498196 0.999999 0.000504806 -0.000388749 -0.000504193 1 -0.0126807 -0.0107476 0.107683
FixedParameters: 0 0 0

#Transform 18
Transform: AffineTransform_float_3_3
Parameters: 0.999999 -0.000481793 -0.000818122 0.000482207 1 0.000253605 0.000817877 -0.000253394 0.999999 0.0577024 -0.00827334 0.0139477
FixedParameters: 0 0 0

#Transform 19
Transform: AffineTransform_float_3_3
Parameters: 0.999999 -0.000683156 -0.000273609 0.000682843 0.999999 -0.000572187 0.00027439 0.000571812 1 0.064664 0.044297 0.0459184
FixedParameters: 0 0 0

#Transform 20
Transform: AffineTransform_float_3_3
Parameters: 1 -9.02403e-06 -8.19974e-05 8.97597e-06 1 -0.000293001 8.20026e-05 0.000292999 1 -0.00327563 0.00675525 -0.00533097
FixedParameters: 0 0 0

#Transform 21
Transform: AffineTransform_float_3_3
Parameters: 1 4.897e-05 -8.20179e-05 -4.903e-05 1 -0.000365996 8.19821e-05 0.000366004 1 -0.00392649 0.020653 0.0677529
FixedParameters: 0 0 0

#Transform 22
Transform: AffineTransform_float_3_3
Parameters: 1 0.000186874 0.000250094 -0.000187126 1 0.000503953 -0.000249906 -0.000503047 1 -0.0360707 -0.0358509 0.0488199
FixedParameters: 0 0 0

#Transform 23
Transform: AffineTransform_float_3_3
Parameters: 1 -1.70633e-05 -8.19868e-05 1.69367e-05 0.999999 -0.000772001 8.20131e-05 0.000771998 0.999999 -0.00321298 0.0622266 0.0216658
FixedParameters: 0 0 0

#Transform 24
Transform: AffineTransform_float_3_3
Parameters: 1 1.66243e-05 0.000426015 -1.73757e-05 0.999999 0.000881993 -0.000425985 -0.000882007 1 -0.0406667 -0.0550088 0.0190488
FixedParameters: 0 0 0

#Transform 25
Transform: AffineTransform_float_3_3
Parameters: 1 3.19809e-05 -8.20075e-05 -3.20191e-05 1 -0.000232997 8.19925e-05 0.000233003 1 -0.00370622 0.0354722 -0.0598158
FixedParameters: 0 0 0

#Transform 26
Transform: AffineTransform_float_3_3
Parameters: 1 -0.000140943 -8.20971e-05 0.000141056 1 0.000688988 8.19028e-05 -0.000689011 1 -0.00182705 -0.0376486 0.0360383
FixedParameters: 0 0 0

#Transform 27
Transform: AffineTransform_float_3_3
Parameters: 1 2.99068e-06 3.90007e-05 -3.00932e-06 1 0.000239 -3.89993e-05 -0.000239 1 -0.0075496 0.0112486 -0.0425197
FixedParameters: 0 0 0

#Transform 28
Transform: AffineTransform_float_3_3
Parameters: 1 2.81331e-05 -0.000483992 -2.88669e-05 1 0.000275014 0.000484008 -0.000274986 1 0.00299818 0.00022351 0.0394344
FixedParameters: 0 0 0

#Transform 29
Transform: AffineTransform_float_3_3
Parameters: 1 -3.48535e-05 -0.000654008 3.51465e-05 1 0.000223977 0.000653992 -0.000224023 1 0.0168284 -0.0303833 -0.0178753
FixedParameters: 0 0 0

#Transform 30
Transform: AffineTransform_float_3_3
Parameters: 0.999999 -7.40499e-06 -0.000982997 7.59499e-06 1 -0.000412008 0.000983003 0.000411993 1 0.0240363 0.0359218 0.0490789
FixedParameters: 0 0 0

#Transform 31
Transform: AffineTransform_float_3_3
Parameters: 1 4.93369e-05 -0.000698976 -4.8663e-05 1 0.000482034 0.000699023 -0.000481965 0.999999 0.0174204 -0.0445163 0.00674988
FixedParameters: 0 0 0

#Transform 32
Transform: AffineTransform_float_3_3
Parameters: 0.999999 0.000252753 -0.000738084 -0.000253247 1 -0.000334813 0.000737915 0.000334186 0.999999 0.0188927 0.0377004 0.0526776
FixedParameters: 0 0 0

#Transform 33
Transform: AffineTransform_float_3_3
Parameters: 1 0.000307045 -4.67058e-05 -0.000306955 1 0.000958014 4.72941e-05 -0.000957986 0.999999 -0.0204194 -0.0716535 0.0694123
FixedParameters: 0 0 0

#Transform 34
Transform: AffineTransform_float_3_3
Parameters: 0.999999 0.000662034 -0.000562959 -0.000661965 1 6.23727e-05 0.000563041 -6.16272e-05 1 0.0059491 0.0206717 0.0523049
FixedParameters: 0 0 0

#Transform 35
Transform: AffineTransform_float_3_3
Parameters: 0.999999 0.000661742 0.000394431 -0.000662256 0.999999 0.000651739 -0.000393568 -0.00065226 0.999999 -0.0363351 -0.0402391 0.109004
FixedParameters: 0 0 0

#Transform 36
Transform: AffineTransform_float_3_3
Parameters: 0.999999 0.000726941 -0.000563076 -0.000727058 0.999999 -0.000104591 0.000562924 0.000104409 1 -0.019154 0.0357657 0.0479488
FixedParameters: 0 0 0

#Transform 37
Transform: AffineTransform_float_3_3
Parameters: 1 0.000722303 -0.000864746 -0.000721696 0.999999 0.000351624 0.000865253 -0.000350375 0.999999 -0.0244475 -0.0182948 0.0707199
FixedParameters: 0 0 0

#Transform 38
Transform: AffineTransform_float_3_3
Parameters: 0.999998 0.00102394 -0.00183359 -0.00102506 1 -0.000579122 0.00183241 0.000580878 0.999998 -0.0430924 0.107384 -0.0631265
FixedParameters: 0 0 0

#Transform 39
Transform: AffineTransform_float_3_3
Parameters: 0.999997 0.000662945 -0.00244774 -0.000662053 0.999999 0.000387622 0.00244726 -0.000385379 0.999997 -0.0438716 0.0620057 0.0253546
FixedParameters: 0 0 0

#Transform 40
Transform: AffineTransform_float_3_3
Parameters: 0.999998 0.000596315 -0.0019506 -0.000594684 0.999999 0.000675161 0.0019504 -0.000673838 0.999998 -0.0135626 0.0233119 -0.0139925
FixedParameters: 0 0 0

#Transform 41
Transform: AffineTransform_float_3_3
Parameters: 0.999999 -0.000277166 -0.000826617 0.000278835 0.999998 0.00221977 0.000826383 -0.00222023 0.999997 -0.00676773 -0.0734132 0.32314
FixedParameters: 0 0 0

#Transform 42
Transform: AffineTransform_float_3_3
Parameters: 0.999999 -0.000299233 -0.00133417 0.000299768 1 0.0005756 0.00133383 -0.0005754 0.999999 0.0365932 -0.051288 0.151399
FixedParameters: 0 0 0

#Transform 43
Transform: AffineTransform_float_3_3
Parameters: 0.999999 0.000331953 -0.00150801 -0.000332048 1 -3.14993e-05 0.00150799 3.15006e-05 0.999999 0.0240779 -0.04452 0.0882796
FixedParameters: 0 0 0

#Transform 44
Transform: AffineTransform_float_3_3
Parameters: 0.999998 0.00100834 -0.00169439 -0.00100866 1 -0.000388292 0.00169461 0.000389709 0.999998 0.00114818 -0.0249956 0.0428383
FixedParameters: 0 0 0

#Transform 45
Transform: AffineTransform_float_3_3
Parameters: 1 0.000597437 -0.00104932 -0.000598562 0.999999 -0.000535372 0.00104868 0.000536627 1 0.0236273 -0.0106363 0.0770479
FixedParameters: 0 0 0

#Transform 46
Transform: AffineTransform_float_3_3
Parameters: 0.999999 0.000529213 -0.00133471 -0.000530788 0.999999 -0.00133929 0.00133429 0.00133971 0.999998 0.0514537 -0.00101021 -0.0527415
FixedParameters: 0 0 0

#Transform 47
Transform: AffineTransform_float_3_3
Parameters: 0.999998 0.000559443 -0.00162185 -0.000558556 1 0.000273906 0.00162115 -0.000273093 0.999998 0.0848446 -0.0339704 0.191372
FixedParameters: 0 0 0

#Transform 48
Transform: AffineTransform_float_3_3
Parameters: 0.999998 0.000216957 -0.00157746 -0.000213044 0.999997 0.00250834 0.00157754 -0.00250766 0.999995 0.108378 -0.179218 0.25914
FixedParameters: 0 0 0

#Transform 49
Transform: AffineTransform_float_3_3
Parameters: 0.999999 0.000559659 -0.00175979 -0.000559341 1 0.000374985 0.00176021 -0.000374016 0.999999 0.118876 -0.100834 0.202855
FixedParameters: 0 0 0

#Transform 50
Transform: AffineTransform_float_3_3
Parameters: 0.999999 0.000559861 -0.00136065 -0.000559139 0.999999 0.000632761 0.00136135 -0.000632238 0.999999 0.0784686 -0.119999 0.230301
FixedParameters: 0 0 0

#Transform 51
Transform: AffineTransform_float_3_3
Parameters: 0.999999 0.000558848 -0.000716118 -0.000559151 1 -0.0002116 0.000715881 0.0002124 0.999999 0.0751035 -0.0449899 0.186217
FixedParameters: 0 0 0

#Transform 52
Transform: AffineTransform_float_3_3
Parameters: 1 0.000135257 -0.00102797 -0.000134743 1 0.000250139 0.00102803 -0.000249861 1 0.103049 -0.0781629 0.230347
FixedParameters: 0 0 0

#Transform 53
Transform: AffineTransform_float_3_3
Parameters: 1 0.000340543 -0.00115114 -0.000340457 1 -0.000396608 0.00115087 0.000397392 1 0.103931 -0.0470286 0.188188
FixedParameters: 0 0 0

#Transform 54
Transform: AffineTransform_float_3_3
Parameters: 0.999999 0.000678261 -0.00133737 -0.000678738 0.999999 -0.000552093 0.00133663 0.000552907 0.999999 0.106798 -0.00378754 0.198377
FixedParameters: 0 0 0

#Transform 55
Transform: AffineTransform_float_3_3
Parameters: 1 0.00055902 -0.000990989 -0.00055898 1 2.05539e-05 0.000991011 -1.9446e-05 0.999999 0.084559 -0.105477 0.22142
FixedParameters: 0 0 0

#Transform 56
Transform: AffineTransform_float_3_3
Parameters: 1 0.000558411 -0.000973339 -0.00055859 0.999999 -0.000605457 0.000973663 0.000605544 1 0.100246 -0.0156724 0.192114
FixedParameters: 0 0 0

#Transform 57
Transform: AffineTransform_float_3_3
Parameters: 0.999999 0.000559077 -0.000692937 -0.000558922 1 0.000112387 0.000693062 -0.000111613 1 0.0741781 -0.0854987 0.256195
FixedParameters: 0 0 0

#Transform 58
Transform: AffineTransform_float_3_3
Parameters: 1 0.000559005 -0.000164981 -0.000558994 1 3.30922e-05 0.000165019 -3.39078e-05 1 0.0560994 -0.0569906 0.201416
FixedParameters: 0 0 0

#Transform 59
Transform: AffineTransform_float_3_3
Parameters: 0.999999 0.000638156 -0.00077387 -0.000638843 1 0.000202494 0.000774128 -0.000201506 0.999999 0.0761897 -0.0684033 0.270834
FixedParameters: 0 0 0

#Transform 60
Transform: AffineTransform_float_3_3
Parameters: 1 0.000559015 -5.48468e-05 -0.000558985 1 0.000274031 5.51531e-05 -0.000273969 1 0.0351751 -0.107273 0.245311
FixedParameters: 0 0 0

#Transform 61
Transform: AffineTransform_float_3_3
Parameters: 0.999999 0.000558876 -0.00046215 -0.000559124 1 -0.000268742 0.00046285 0.000268259 1 0.0663391 -0.0254309 0.248853
FixedParameters: 0 0 0

#Transform 62
Transform: AffineTransform_float_3_3
Parameters: 1 0.000559157 -0.000239634 -0.000558843 0.999999 0.000654134 0.000239365 -0.000653866 1 0.0330554 -0.103423 0.30115
FixedParameters: 0 0 0

#Transform 63
Transform: AffineTransform_float_3_3
Parameters: 0.999999 0.000558942 -0.000496065 -0.000559058 1 -0.000116723 0.000495934 0.000117277 1 0.0606833 -0.0493993 0.226423
FixedParameters: 0 0 0

#Transform 64
Transform: AffineTransform_float_3_3
Parameters: 1 0.000558752 -0.000856163 -0.000559249 1 -0.000290521 0.000855838 0.000290478 0.999999 0.0799246 -0.0583099 0.247187
FixedParameters: 0 0 0

#Transform 65
Transform: AffineTransform_float_3_3
Parameters: 1 0.00109397 -0.000427088 -0.00109404 1 -8.05328e-05 0.000426912 8.04671e-05 1 0.0385489 -0.059881 0.233709
FixedParameters: 0 0 0

#Transform 66
Transform: AffineTransform_float_3_3
Parameters: 1 0.00100183 -0.000499349 -0.00100217 1 -0.0003475 0.000499652 0.000347501 1 0.0528735 -0.0047273 0.28881
FixedParameters: 0 0 0

#Transform 67
Transform: AffineTransform_float_3_3
Parameters: 1 0.000952206 -0.000431548 -0.000951795 1 0.000475411 0.000432453 -0.000475589 1 0.0199663 -0.10284 0.30667
FixedParameters: 0 0 0

#Transform 68
Transform: AffineTransform_float_3_3
Parameters: 1 0.00107394 -0.000423163 -0.00107306 1 -0.000151546 0.000422838 0.000151454 1 0.0298669 -0.0430769 0.27555
FixedParameters: 0 0 0

#Transform 69
Transform: AffineTransform_float_3_3
Parameters: 0.999999 0.00128889 0.000412345 -0.00128911 0.999999 0.000267469 -0.000411655 -0.000267531 1 -0.0332056 -0.0799007 0.349153
FixedParameters: 0 0 0

#Transform 70
Transform: AffineTransform_float_3_3
Parameters: 0.999999 0.00128872 0.000538673 -0.00128828 0.999999 0.000522306 -0.000538327 -0.000522694 0.999999 -0.0266607 -0.0885961 0.323888
FixedParameters: 0 0 0

#Transform 71
Transform: AffineTransform_float_3_3
Parameters: 0.999998 0.00172046 -0.000827039 -0.00171954 0.999999 0.000559424 0.000827961 -0.000557577 1 -0.0257034 -0.0562599 0.373896
FixedParameters: 0 0 0

#Transform 72
Transform: AffineTransform_float_3_3
Parameters: 0.999995 0.00193713 -0.00258141 -0.00193087 0.999996 0.002374 0.00258659 -0.002369 0.999994 -0.0625459 -0.15507 0.434393
FixedParameters: 0 0 0

#Transform 73
Transform: AffineTransform_float_3_3
Parameters: 0.999997 0.00172184 -0.00185029 -0.00172016 0.999998 0.000994186 0.00185171 -0.000990815 0.999998 -0.0510067 -0.0824418 0.403212
FixedParameters: 0 0 0

#Transform 74
Transform: AffineTransform_float_3_3
Parameters: 0.999995 0.000763831 -0.00330104 -0.000763167 0.999999 -4.9481e-05 0.00330096 5.25216e-05 0.999994 0.0790898 -0.0659389 0.345095
FixedParameters: 0 0 0

#Transform 75
Transform: AffineTransform_float_3_3
Parameters: 0.999989 0.00125084 -0.00457316 -0.00123316 0.999991 0.00390168 0.00457784 -0.00389632 0.999982 0.13589 -0.324142 0.185098
FixedParameters: 0 0 0

#Transform 76
Transform: AffineTransform_float_3_3
Parameters: 0.999991 0.00198018 -0.0037067 -0.00197381 0.999996 0.00167133 0.0037103 -0.00166367 0.999991 0.0923134 -0.274192 0.120441
FixedParameters: 0 0 0

#Transform 77
Transform: AffineTransform_float_3_3
Parameters: 0.999991 0.00184988 -0.00382336 -0.00183411 0.999989 0.00415405 0.00383165 -0.00414695 0.999984 0.0947098 -0.423964 0.251046
FixedParameters: 0 0 0

#Transform 78
Transform: AffineTransform_float_3_3
Parameters: 0.999994 0.00164793 -0.00323746 -0.00163707 0.999993 0.00337532 0.00324354 -0.00336968 0.999989 0.0844371 -0.341067 0.295509
FixedParameters: 0 0 0

#Transform 79
Transform: AffineTransform_float_3_3
Parameters: 0.999995 0.0018428 -0.00264188 -0.0018342 0.999993 0.00332986 0.00264812 -0.00332514 0.999991 0.0328733 -0.325106 0.23404
FixedParameters: 0 0 0

#Transform 80
Transform: AffineTransform_float_3_3
Parameters: 0.999996 0.00184163 -0.00245831 -0.00183437 0.999993 0.00310152 0.0024647 -0.00309747 0.999992 0.0138488 -0.277138 0.239949
FixedParameters: 0 0 0

#Transform 81
Transform: AffineTransform_float_3_3
Parameters: 0.999995 0.00235972 -0.00183036 -0.00235327 0.99999 0.00366832 0.00183864 -0.00366367 0.999991 -0.0101919 -0.263547 0.242505
FixedParameters: 0 0 0

#Transform 82
Transform: AffineTransform_float_3_3
Parameters: 0.999994 0.00174315 -0.00320574 -0.00172686 0.999984 0.00534257 0.00321527 -0.00533743 0.99998 0.0440137 -0.303017 0.269266
FixedParameters: 0 0 0

#Transform 83
Transform: AffineTransform_float_3_3
Parameters: 0.999992 0.00193148 -0.00363983 -0.00191553 0.999989 0.00425001 0.00364817 -0.00424299 0.999985 0.0440262 -0.380223 0.220579
FixedParameters: 0 0 0

#Transform 84
Transform: AffineTransform_float_3_3
Parameters: 0.999991 0.0022224 -0.00362281 -0.0022096 0.99999 0.00369804 0.00363119 -0.00368996 0.999986 0.0445182 -0.317507 0.20204
FixedParameters: 0 0 0

#Transform 85
Transform: AffineTransform_float_3_3
Parameters: 0.999992 0.00261929 -0.00278241 -0.00260771 0.999989 0.00405329 0.00279258 -0.00404672 0.999988 0.0128933 -0.362704 0.308578
FixedParameters: 0 0 0

#Transform 86
Transform: AffineTransform_float_3_3
Parameters: 0.999996 0.00208755 -0.00161858 -0.00208145 0.999989 0.00403838 0.00162742 -0.00403561 0.99999 -0.0302454 -0.375636 0.380618
FixedParameters: 0 0 0

#Transform 87
Transform: AffineTransform_float_3_3
Parameters: 0.999997 0.00208299 -0.000483517 -0.00208101 0.999989 0.00407501 0.000491483 -0.00407398 0.999991 -0.0605565 -0.342691 0.422774
FixedParameters: 0 0 0

#Transform 88
Transform: AffineTransform_float_3_3
Parameters: 0.999997 0.00208276 -0.000484506 -0.00208124 0.999992 0.00360002 0.000491495 -0.00359899 0.999994 -0.054068 -0.299975 0.456188
FixedParameters: 0 0 0

#Transform 89
Transform: AffineTransform_float_3_3
Parameters: 0.999996 0.00274704 -0.000291367 -0.00274696 0.99999 0.00350781 0.000300634 -0.00350619 0.999994 -0.0678042 -0.268352 0.504492
FixedParameters: 0 0 0

#Transform 90
Transform: AffineTransform_float_3_3
Parameters: 0.999997 0.002396 3.4723e-06 -0.002396 0.999991 0.003536 4.47229e-06 -0.003536 0.999993 -0.0794986 -0.299924 0.484721
FixedParameters: 0 0 0

#Transform 91
Transform: AffineTransform_float_3_3
Parameters: 0.999997 0.0025267 0.000112007 -0.0025273 0.999993 0.00277273 -0.000104992 -0.00277327 0.999996 -0.0793354 -0.2385 0.527329
FixedParameters: 0 0 0

#Transform 92
Transform: AffineTransform_float_3_3
Parameters: 0.999997 0.00233365 0.000480628 -0.00233436 0.999993 0.00283889 -0.000474373 -0.00284012 0.999996 -0.0962628 -0.241678 0.567373
FixedParameters: 0 0 0

#Transform 93
Transform: AffineTransform_float_3_3
Parameters: 0.999996 0.00278053 0.000496312 -0.00278147 0.999991 0.00298763 -0.000488689 -0.00298937 0.999996 -0.0953598 -0.241581 0.575813
FixedParameters: 0 0 0

#Transform 94
Transform: AffineTransform_float_3_3
Parameters: 0.999994 0.00318898 0.000662783 -0.00319102 0.99999 0.0030659 -0.000653216 -0.0030681 0.999995 -0.117807 -0.205065 0.595
FixedParameters: 0 0 0

#Transform 95
Transform: AffineTransform_float_3_3
Parameters: 0.999995 0.0029513 0.00119716 -0.0029547 0.999991 0.00310148 -0.00118784 -0.00310552 0.999995 -0.137883 -0.232688 0.643278
FixedParameters: 0 0 0

#Transform 96
Transform: AffineTransform_float_3_3
Parameters: 0.999995 0.0028909 0.00119312 -0.00289311 0.999995 0.00176756 -0.00118788 -0.00177044 0.999997 -0.127023 -0.152895 0.627204
FixedParameters: 0 0 0

#Transform 97
Transform: AffineTransform_float_3_3
Parameters: 0.999995 0.00274545 0.00119618 -0.00274955 0.999992 0.00297572 -0.00118782 -0.00297927 0.999995 -0.11891 -0.215911 0.662602
FixedParameters: 0 0 0

#Transform 98
Transform: AffineTransform_float_3_3
Parameters: 0.999995 0.00268491 0.00119496 -0.00268809 0.999993 0.0025888 -0.00118804 -0.0025922 0.999996 -0.126775 -0.212068 0.614155
FixedParameters: 0 0 0

#Transform 99
Transform: AffineTransform_float_3_3
Parameters: 0.999996 0.00278001 0.00119498 -0.00278299 0.999993 0.00250869 -0.00118802 -0.00251231 0.999996 -0.138807 -0.169398 0.682809
FixedParameters: 0 0 0

#Transform 100
Transform: AffineTransform_float_3_3
Parameters: 0.999994 0.00318777 0.00119664 -0.00319123 0.999991 0.0027082 -0.00118736 -0.0027118 0.999995 -0.164818 -0.20757 0.651851
FixedParameters: 0 0 0

#Transform 101
Transform: AffineTransform_float_3_3
Parameters: 0.999995 0.00303476 0.00106341 -0.00303724 0.999993 0.00210878 -0.00105659 -0.00211222 0.999997 -0.134488 -0.140538 0.682599
FixedParameters: 0 0 0

#Transform 102
Transform: AffineTransform_float_3_3
Parameters: 0.999993 0.0031866 0.0015988 -0.0031914 0.999991 0.00275592 -0.0015902 -0.00276108 0.999995 -0.154671 -0.197558 0.692973
FixedParameters: 0 0 0

#Transform 103
Transform: AffineTransform_float_3_3
Parameters: 0.999994 0.00303257 0.00115241 -0.00303543 0.999993 0.00211051 -0.00114659 -0.00211349 0.999997 -0.123525 -0.153057 0.671737
FixedParameters: 0 0 0

#Transform 104
Transform: AffineTransform_float_3_3
Parameters: 0.999994 0.00318781 0.00132768 -0.00319119 0.999992 0.00240578 -0.00131932 -0.00241022 0.999996 -0.145247 -0.173718 0.699982
FixedParameters: 0 0 0

#Transform 105
Transform: AffineTransform_float_3_3
Parameters: 0.999994 0.00318797 0.00133129 -0.00319103 0.999993 0.00228277 -0.00132371 -0.00228724 0.999997 -0.145485 -0.181418 0.631823
FixedParameters: 0 0 0

#Transform 106
Transform: AffineTransform_float_3_3
Parameters: 0.999994 0.0031248 0.00136636 -0.00312821 0.999993 0.00235074 -0.00135865 -0.00235426 0.999997 -0.145879 -0.166151 0.707708
FixedParameters: 0 0 0

#Transform 107
Transform: AffineTransform_float_3_3
Parameters: 0.999993 0.00339611 0.00190275 -0.00340089 0.999991 0.00257055 -0.00189425 -0.00257745 0.999995 -0.202437 -0.20448 0.674025
FixedParameters: 0 0 0

#Transform 108
Transform: AffineTransform_float_3_3
Parameters: 0.999993 0.00324235 0.00148301 -0.00324665 0.999991 0.0024672 -0.00147499 -0.0024718 0.999996 -0.158331 -0.152939 0.729977
FixedParameters: 0 0 0

#Transform 109
Transform: AffineTransform_float_3_3
Parameters: 0.999991 0.00365527 0.00187027 -0.00365973 0.99999 0.00253118 -0.00186073 -0.00253782 0.999995 -0.210469 -0.185618 0.681654
FixedParameters: 0 0 0

#Transform 110
Transform: AffineTransform_float_3_3
Parameters: 0.999991 0.00365657 0.00185278 -0.00365943 0.999991 0.00185123 -0.00184622 -0.00185776 0.999996 -0.19121 -0.107231 0.659318
FixedParameters: 0 0 0

#Transform 111
Transform: AffineTransform_float_3_3
Parameters: 0.999992 0.00365475 0.00202052 -0.00365925 0.99999 0.00260063 -0.00201048 -0.00260737 0.999994 -0.222204 -0.176421 0.700264
FixedParameters: 0 0 0

#Transform 112
Transform: AffineTransform_float_3_3
Parameters: 0.999991 0.00365666 0.00185261 -0.00365934 0.999991 0.00180323 -0.00184639 -0.00180977 0.999996 -0.197512 -0.125453 0.64702
FixedParameters: 0 0 0

#Transform 113
Transform: AffineTransform_float_3_3
Parameters: 0.999997 0.00245327 0.000647758 -0.00245373 0.999997 0.00112341 -0.00064524 -0.00112559 0.999999 -0.105448 -0.080638 0.576214
FixedParameters: 0 0 0

#Transform 114
Transform: AffineTransform_float_3_3
Parameters: 0.999996 0.00287074 0.000821414 -0.00287226 0.999994 0.00153565 -0.000817587 -0.00153835 0.999999 -0.133646 -0.141435 0.580092
FixedParameters: 0 0 0

#Transform 115
Transform: AffineTransform_float_3_3
Parameters: 0.999992 0.00345675 0.00192984 -0.00346025 0.999992 0.00168433 -0.00192416 -0.00169066 0.999996 -0.206834 -0.116282 0.650767
FixedParameters: 0 0 0

#Transform 116
Transform: AffineTransform_float_3_3
Parameters: 0.999992 0.00389832 0.00141222 -0.00390169 0.999989 0.00261651 -0.00140178 -0.00262249 0.999995 -0.23352 -0.21691 0.559603
FixedParameters: 0 0 0

#Transform 117
Transform: AffineTransform_float_3_3
Parameters: 0.999991 0.00389842 0.00173606 -0.00390158 0.999991 0.00206325 -0.00172794 -0.00206976 0.999997 -0.232221 -0.144164 0.54275
FixedParameters: 0 0 0

#Transform 118
Transform: AffineTransform_float_3_3
Parameters: 0.999991 0.00389666 0.00197059 -0.00390134 0.999988 0.00271234 -0.00195941 -0.00271966 0.999995 -0.253344 -0.196328 0.643349
FixedParameters: 0 0 0

#Transform 119
Transform: AffineTransform_float_3_3
Parameters: 0.99999 0.00372739 0.00250138 -0.0037326 0.99999 0.00224069 -0.00249262 -0.00225031 0.999995 -0.255241 -0.16002 0.590363
FixedParameters: 0 0 0

#Transform 120
Transform: AffineTransform_float_3_3
Parameters: 0.99999 0.00389702 0.00226956 -0.00390197 0.99999 0.00219117 -0.00226143 -0.00220084 0.999995 -0.253325 -0.150899 0.660198
FixedParameters: 0 0 0

#Transform 121
Transform: AffineTransform_float_3_3
Parameters: 0.99999 0.00377925 0.00231605 -0.00378575 0.999988 0.00291726 -0.00230495 -0.00292574 0.999993 -0.248938 -0.200687 0.645424
FixedParameters: 0 0 0

#Transform 122
Transform: AffineTransform_float_3_3
Parameters: 0.99999 0.003896 0.00240077 -0.00390201 0.99999 0.00250066 -0.00239123 -0.00251034 0.999994 -0.25994 -0.150069 0.707563
FixedParameters: 0 0 0

#Transform 123
Transform: AffineTransform_float_3_3
Parameters: 0.999999 0.000659844 0.0017273 -0.000657158 0.999999 -0.00106714 -0.0017277 0.00106686 0.999998 -0.0687757 -0.0747844 0.399424
FixedParameters: 0 0 0

#Transform 124
Transform: AffineTransform_float_3_3
Parameters: 0.999994 0.00347006 0.00118364 -0.00347294 0.999991 0.00248791 -0.00117436 -0.00249209 0.999996 -0.196781 -0.173121 0.636684
FixedParameters: 0 0 0

#Transform 125
Transform: AffineTransform_float_3_3
Parameters: 0.99998 0.00483749 0.00408177 -0.00488451 0.999923 0.0114623 -0.00402623 -0.0114817 0.999926 -0.348342 -0.481687 1.07158
FixedParameters: 0 0 0

#Transform 126
Transform: AffineTransform_float_3_3
Parameters: 0.999967 0.00655763 0.00484326 -0.00661336 0.999909 0.0117153 -0.00476574 -0.0117476 0.999919 -0.455861 -0.413297 1.10321
FixedParameters: 0 0 0

#Transform 127
Transform: AffineTransform_float_3_3
Parameters: 0.999978 0.00563842 0.00351241 -0.00567458 0.999929 0.0104923 -0.0034536 -0.0105117 0.999939 -0.361949 -0.408548 1.05693
FixedParameters: 0 0 0

#Transform 128
Transform: AffineTransform_float_3_3
Parameters: 0.999979 0.00528739 0.00393151 -0.00531862 0.999956 0.00781826 -0.00388948 -0.00783874 0.999961 -0.359022 -0.313444 0.95233
FixedParameters: 0 0 0

#Transform 129
Transform: AffineTransform_float_3_3
Parameters: 0.999979 0.00504883 0.00420287 -0.00507618 0.999966 0.00648081 -0.00417014 -0.0065012 0.99997 -0.377466 -0.280874 0.900032
FixedParameters: 0 0 0

#Transform 130
Transform: AffineTransform_float_3_3
Parameters: 0.99998 0.00497475 0.00375531 -0.00499624 0.999971 0.00566934 -0.00372669 -0.00568765 0.999977 -0.35681 -0.252293 0.836062
FixedParameters: 0 0 0

#Transform 131
Transform: AffineTransform_float_3_3
Parameters: 0.999983 0.00481586 0.00347747 -0.00483714 0.999969 0.00609629 -0.00344854 -0.00611272 0.999976 -0.349582 -0.274743 0.852939
FixedParameters: 0 0 0

#Transform 132
Transform: AffineTransform_float_3_3
Parameters: 0.999981 0.00478294 0.00390518 -0.00480506 0.999973 0.00565935 -0.00387782 -0.00567866 0.999977 -0.344409 -0.274668 0.810986
FixedParameters: 0 0 0

#Transform 133
Transform: AffineTransform_float_3_3
Parameters: 0.999982 0.0047491 0.00371926 -0.00476789 0.999975 0.00508836 -0.00369475 -0.00510564 0.99998 -0.340564 -0.226916 0.910128
FixedParameters: 0 0 0

#Transform 134
Transform: AffineTransform_float_3_3
Parameters: 0.999982 0.00463504 0.00376173 -0.00465496 0.999975 0.00531458 -0.00373727 -0.00533242 0.999979 -0.337684 -0.267124 0.853104
FixedParameters: 0 0 0

#Transform 135
Transform: AffineTransform_float_3_3
Parameters: 0.999987 0.00456374 0.00219973 -0.00457726 0.999971 0.00606301 -0.00217127 -0.00607299 0.999979 -0.246133 -0.264466 0.819417
FixedParameters: 0 0 0

#Transform 136
Transform: AffineTransform_float_3_3
Parameters: 0.999993 0.00356399 -0.000408731 -0.00356101 0.999968 0.0070935 0.000433266 -0.0070915 0.999975 -0.0946521 -0.357872 0.83239
FixedParameters: 0 0 0

#Transform 137
Transform: AffineTransform_float_3_3
Parameters: 0.999993 0.00355179 0.00167171 -0.00356122 0.999979 0.00554009 -0.00165229 -0.00554591 0.999984 -0.217211 -0.283017 1.02349
FixedParameters: 0 0 0

#Transform 138
Transform: AffineTransform_float_3_3
Parameters: 0.999991 0.00373666 0.00191334 -0.00374734 0.999978 0.00543088 -0.00189266 -0.00543812 0.999984 -0.239165 -0.262147 1.03431
FixedParameters: 0 0 0

#Transform 139
Transform: AffineTransform_float_3_3
Parameters: 0.999989 0.00412037 0.00222357 -0.00413263 0.999975 0.00570788 -0.00219943 -0.00571713 0.999981 -0.258257 -0.271642 0.901144
FixedParameters: 0 0 0

#Transform 140
Transform: AffineTransform_float_3_3
Parameters: 0.999988 0.00433264 0.0025766 -0.00434636 0.999977 0.00520187 -0.0025544 -0.00521313 0.999983 -0.293959 -0.228606 0.960088
FixedParameters: 0 0 0

#Transform 141
Transform: AffineTransform_float_3_3
Parameters: 0.999986 0.00423262 0.00294956 -0.00425139 0.999972 0.00625555 -0.00292344 -0.00626746 0.999976 -0.299037 -0.277973 0.91318
FixedParameters: 0 0 0

#Transform 142
Transform: AffineTransform_float_3_3
Parameters: 0.999989 0.00423902 0.00222301 -0.00425099 0.999977 0.00541561 -0.00219999 -0.00542439 0.999983 -0.25921 -0.221361 0.936923
FixedParameters: 0 0 0

#Transform 143
Transform: AffineTransform_float_3_3
Parameters: 0.999987 0.0042355 0.00262914 -0.00425151 0.999974 0.0059189 -0.00260486 -0.00592911 0.999979 -0.290524 -0.289808 0.947384
FixedParameters: 0 0 0

#Transform 144
Transform: AffineTransform_float_3_3
Parameters: 0.999985 0.00449168 0.00288641 -0.00450632 0.999977 0.00497406 -0.00286459 -0.00498694 0.999984 -0.293869 -0.211654 0.905951
FixedParameters: 0 0 0

#Transform 145
Transform: AffineTransform_float_3_3
Parameters: 0.999987 0.00418577 0.002971 -0.00420223 0.999976 0.00547859 -0.00294799 -0.00549141 0.99998 -0.301778 -0.248459 0.966698
FixedParameters: 0 0 0

#Transform 146
Transform: AffineTransform_float_3_3
Parameters: 0.999986 0.00418486 0.00317372 -0.00420213 0.999976 0.00541174 -0.00315028 -0.00542526 0.999981 -0.30483 -0.248915 0.927389
FixedParameters: 0 0 0

#Transform 147
Transform: AffineTransform_float_3_3
Parameters: 0.999987 0.004187 0.00270931 -0.00420199 0.999976 0.00555268 -0.00268568 -0.00556431 0.999981 -0.306343 -0.204745 0.959875
FixedParameters: 0 0 0

#Transform 148
Transform: AffineTransform_float_3_3
Parameters: 0.999985 0.00432822 0.00333781 -0.00434778 0.999973 0.00594257 -0.00331219 -0.00595742 0.999977 -0.320742 -0.280664 0.961172
FixedParameters: 0 0 0

#Transform 149
Transform: AffineTransform_float_3_3
Parameters: 0.999987 0.00463423 0.00223095 -0.00464877 0.999967 0.00666172 -0.00220005 -0.00667229 0.999976 -0.297215 -0.233789 1.13487
FixedParameters: 0 0 0

#Transform 150
Transform: AffineTransform_float_3_3
Parameters: 0.999985 0.00463406 0.00290696 -0.00464894 0.999976 0.00515456 -0.00288305 -0.00516744 0.999983 -0.315292 -0.231884 0.872074
FixedParameters: 0 0 0

#Transform 151
Transform: AffineTransform_float_3_3
Parameters: 0.999984 0.00470346 0.00306587 -0.00471754 0.999979 0.0044246 -0.00304512 -0.00443939 0.999985 -0.293431 -0.195576 0.910776
FixedParameters: 0 0 0

#Transform 152
Transform: AffineTransform_float_3_3
Parameters: 0.999984 0.00463186 0.003071 -0.00464913 0.999973 0.0055958 -0.003045 -0.00560919 0.999979 -0.316844 -0.246649 0.945292
FixedParameters: 0 0 0

#Transform 153
Transform: AffineTransform_float_3_3
Parameters: 0.999985 0.00463454 0.0029409 -0.00464946 0.999977 0.0049274 -0.00291809 -0.0049416 0.999983 -0.322303 -0.203958 0.878519
FixedParameters: 0 0 0

#Transform 154
Transform: AffineTransform_float_3_3
Parameters: 0.999986 0.00482545 0.00209647 -0.00483855 0.999967 0.00650794 -0.00206453 -0.00651805 0.999976 -0.301088 -0.24865 0.925678
FixedParameters: 0 0 0

#Transform 155
Transform: AffineTransform_float_3_3
Parameters: 0.999986 0.00463424 0.00279661 -0.00464877 0.999975 0.00529608 -0.00277239 -0.00530993 0.999982 -0.318459 -0.220537 0.939104
FixedParameters: 0 0 0

#Transform 156
Transform: AffineTransform_float_3_3
Parameters: 0.999989 0.00442685 0.00162637 -0.00443416 0.999978 0.00504585 -0.00160363 -0.00505216 0.999986 -0.312702 -0.174029 1.07231
FixedParameters: 0 0 0

#Transform 157
Transform: AffineTransform_float_3_3
Parameters: 0.99999 0.00422612 0.00160721 -0.00423288 0.999982 0.00430124 -0.0015888 -0.00430776 0.99999 -0.301159 -0.148421 1.09875
FixedParameters: 0 0 0

#Transform 158
Transform: AffineTransform_float_3_3
Parameters: 0.999986 0.0046668 0.00242265 -0.0046792 0.999977 0.00505474 -0.00239836 -0.00506527 0.999985 -0.329645 -0.181757 1.0365
FixedParameters: 0 0 0

#Transform 159
Transform: AffineTransform_float_3_3
Parameters: 0.999983 0.00483234 0.00322755 -0.00484566 0.99998 0.00423843 -0.00320645 -0.00425457 0.999986 -0.352891 -0.188957 0.810308
FixedParameters: 0 0 0

#Transform 160
Transform: AffineTransform_float_3_3
Parameters: 0.99998 0.00509759 0.00368562 -0.00511142 0.999981 0.00363923 -0.00366738 -0.00365777 0.999986 -0.388653 -0.146279 0.825528
FixedParameters: 0 0 0

#Transform 161
Transform: AffineTransform_float_3_3
Parameters: 0.999982 0.00509857 0.00332216 -0.00511144 0.99998 0.00374509 -0.00330284 -0.00376191 0.999988 -0.37163 -0.200422 0.730369
FixedParameters: 0 0 0

#Transform 162
Transform: AffineTransform_float_3_3
Parameters: 0.999982 0.00509924 0.00337782 -0.00511176 0.999981 0.0034818 -0.00336018 -0.0034982 0.999988 -0.373321 -0.157636 0.807421
FixedParameters: 0 0 0

#Transform 163
Transform: AffineTransform_float_3_3
Parameters: 0.999981 0.00509532 0.00340558 -0.00511168 0.999977 0.00461268 -0.00338141 -0.00463032 0.999983 -0.377024 -0.254133 0.883839
FixedParameters: 0 0 0

#Transform 164
Transform: AffineTransform_float_3_3
Parameters: 0.99998 0.00509579 0.00361553 -0.0051112 0.999978 0.0042096 -0.00359346 -0.00422839 0.999984 -0.381782 -0.178834 0.860056
FixedParameters: 0 0 0

#Transform 165
Transform: AffineTransform_float_3_3
Parameters: 0.99998 0.00509331 0.00358922 -0.00511168 0.999975 0.00493475 -0.00356377 -0.00495325 0.999982 -0.382158 -0.258742 0.868145
FixedParameters: 0 0 0

#Transform 166
Transform: AffineTransform_float_3_3
Parameters: 0.999981 0.00509765 0.00349256 -0.00511134 0.999979 0.00382322 -0.00347244 -0.00384077 0.999986 -0.369937 -0.179403 0.86008
FixedParameters: 0 0 0

#Transform 167
Transform: AffineTransform_float_3_3
Parameters: 0.999981 0.00509526 0.00347519 -0.00511174 0.999976 0.00453632 -0.0034518 -0.00455367 0.999983 -0.37116 -0.240411 0.918243
FixedParameters: 0 0 0

#Transform 168
Transform: AffineTransform_float_3_3
Parameters: 0.999981 0.00509689 0.00343503 -0.00511111 0.999979 0.00411152 -0.00341397 -0.00412948 0.999985 -0.362795 -0.209608 0.875511
FixedParameters: 0 0 0

#Transform 169
Transform: AffineTransform_float_3_3
Parameters: 0.999981 0.00509562 0.00353725 -0.00511137 0.999977 0.004351 -0.00351475 -0.00436899 0.999985 -0.366065 -0.221602 0.962833
FixedParameters: 0 0 0

#Transform 170
Transform: AffineTransform_float_3_3
Parameters: 0.99998 0.00509262 0.00360509 -0.00511137 0.999974 0.00510567 -0.0035789 -0.00512432 0.99998 -0.362122 -0.265834 0.924364
FixedParameters: 0 0 0

#Transform 171
Transform: AffineTransform_float_3_3
Parameters: 0.999981 0.00509786 0.00331032 -0.00511113 0.999979 0.00397215 -0.00328967 -0.00398984 0.999986 -0.358297 -0.164035 0.889617
FixedParameters: 0 0 0

#Transform 172
Transform: AffineTransform_float_3_3
Parameters: 0.99998 0.00509412 0.00355232 -0.00511087 0.999975 0.00475794 -0.00352768 -0.00477606 0.999983 -0.367016 -0.262144 0.857806
FixedParameters: 0 0 0

#Transform 173
Transform: AffineTransform_float_3_3
Parameters: 0.999983 0.00509802 0.00304683 -0.00511098 0.999978 0.0042675 -0.00302518 -0.0042825 0.999987 -0.349174 -0.167392 0.887455
FixedParameters: 0 0 0

#Transform 174
Transform: AffineTransform_float_3_3
Parameters: 0.999982 0.0050948 0.00334381 -0.0051112 0.999975 0.004854 -0.00331919 -0.004871 0.999982 -0.375829 -0.26797 0.858757
FixedParameters: 0 0 0

#Transform 175
Transform: AffineTransform_float_3_3
Parameters: 0.999984 0.00510169 0.00236221 -0.00511131 0.999979 0.00395199 -0.00234179 -0.00396401 0.99999 -0.316058 -0.157738 0.848298
FixedParameters: 0 0 0

#Transform 176
Transform: AffineTransform_float_3_3
Parameters: 0.999981 0.00509543 0.00331208 -0.00511156 0.999976 0.00470916 -0.00328792 -0.00472684 0.999984 -0.375277 -0.223756 0.889549
FixedParameters: 0 0 0

#Transform 177
Transform: AffineTransform_float_3_3
Parameters: 0.999983 0.00510011 0.00283171 -0.00511089 0.99998 0.00385359 -0.00281129 -0.0038674 0.999988 -0.346763 -0.175167 0.832501
FixedParameters: 0 0 0

#Transform 178
Transform: AffineTransform_float_3_3
Parameters: 0.99998 0.00556658 0.00293178 -0.00557742 0.999977 0.00390073 -0.00291022 -0.00391728 0.999988 -0.399774 -0.156953 0.871577
FixedParameters: 0 0 0

#Transform 179
Transform: AffineTransform_float_3_3
Parameters: 0.999979 0.00583088 0.00279423 -0.00584113 0.999977 0.00362976 -0.00277377 -0.00364625 0.99999 -0.395553 -0.150846 0.823242
FixedParameters: 0 0 0

#Transform 180
Transform: AffineTransform_float_3_3
Parameters: 0.999977 0.00612237 0.00290625 -0.00613063 0.999977 0.00296925 -0.00288776 -0.00298675 0.999992 -0.409542 -0.101863 0.87831
FixedParameters: 0 0 0

#Transform 181
Transform: AffineTransform_float_3_3
Parameters: 0.999976 0.00584634 0.00351348 -0.00585766 0.999978 0.0033175 -0.00349352 -0.0033385 0.999989 -0.44109 -0.149305 0.896572
FixedParameters: 0 0 0

#Transform 182
Transform: AffineTransform_float_3_3
Parameters: 0.999973 0.00581916 0.00432766 -0.00583283 0.999978 0.00319084 -0.00430833 -0.00321615 0.999985 -0.472985 -0.082487 1.27545
FixedParameters: 0 0 0

#Transform 183
Transform: AffineTransform_float_3_3
Parameters: 0.999978 0.00583227 0.00317748 -0.00584573 0.999975 0.00401251 -0.00315452 -0.00403049 0.999987 -0.437604 -0.154592 0.803554
FixedParameters: 0 0 0

#Transform 184
Transform: AffineTransform_float_3_3
Parameters: 0.999976 0.00641358 0.00241379 -0.00642141 0.999974 0.00307657 -0.0023942 -0.00309243 0.999993 -0.382292 -0.095494 0.522786
FixedParameters: 0 0 0

#Transform 185
Transform: AffineTransform_float_3_3
Parameters: 0.999975 0.00651667 0.0029591 -0.00652834 0.999972 0.00383778 -0.0029339 -0.00385722 0.999989 -0.452352 -0.165724 0.703959
FixedParameters: 0 0 0

#Transform 186
Transform: AffineTransform_float_3_3
Parameters: 0.999975 0.00642697 0.00276439 -0.00643402 0.999976 0.00254028 -0.00274761 -0.00255772 0.999993 -0.449485 -0.098666 0.743357
FixedParameters: 0 0 0

#Transform 187
Transform: AffineTransform_float_3_3
Parameters: 0.999977 0.00639353 0.00254187 -0.00640047 0.999975 0.0029408 -0.00252314 -0.0029572 0.999993 -0.447398 -0.12073 0.87146
FixedParameters: 0 0 0

#Transform 188
Transform: AffineTransform_float_3_3
Parameters: 0.999975 0.00638523 0.00280604 -0.00639376 0.999974 0.00312713 -0.00278596 -0.00314487 0.999991 -0.471928 -0.121634 0.846386
FixedParameters: 0 0 0

#Transform 189
Transform: AffineTransform_float_3_3
Parameters: 0.999974 0.00665098 0.00274067 -0.00665703 0.999976 0.00219581 -0.00272533 -0.00221318 0.999994 -0.463965 -0.0304097 0.913351
FixedParameters: 0 0 0

#Transform 190
Transform: AffineTransform_float_3_3
