#Insight Transform File V1.0
#Transform 0
Transform: AffineTransform_float_3_3
Parameters: 1 -0.000135 3.294e-08 0.000135 1 -0.000244 3.294e-08 0.000244 1 0.00262384 0.0064 0.0334073
FixedParameters: 0 0 0

#Transform 1
Transform: AffineTransform_float_3_3
Parameters: 1 0.000591011 8.3922e-05 -0.000590989 1 -0.00013205 -8.40786e-05 0.00013295 1 -0.10625 0.0743074 -0.179809
FixedParameters: 0 0 0

#Transform 2
Transform: AffineTransform_float_3_3
Parameters: 0.999998 0.00132254 0.000925661 -0.00132346 0.999999 0.000498776 -0.000924339 -0.000500223 1 -0.132186 -0.0231346 -0.157652
FixedParameters: 0 0 0

#Transform 3
Transform: AffineTransform_float_3_3
Parameters: 0.999998 0.00185675 0.000727645 -0.00185625 0.999998 0.00034665 -0.000727354 -0.000348351 0.999999 -0.143338 0.0116504 -0.139586
FixedParameters: 0 0 0

#Transform 4
Transform: AffineTransform_float_3_3
Parameters: 0.999997 0.00203634 0.000606225 -0.00203766 0.999998 0.00109177 -0.000603776 -0.00109223 0.999999 -0.151272 0.005033 -0.170924
FixedParameters: 0 0 0

#Transform 5
Transform: AffineTransform_float_3_3
Parameters: 0.999998 0.00202768 0.000257496 -0.00202832 0.999997 0.00123048 -0.000255503 -0.00123152 0.999999 -0.140534 -0.0219715 -0.14412
FixedParameters: 0 0 0

#Transform 6
Transform: AffineTransform_float_3_3
Parameters: 0.999997 0.00205769 0.000614038 -0.00205731 0.999998 0.000503738 -0.000612962 -0.000505262 0.999999 -0.156057 0.0341795 -0.220829
FixedParameters: 0 0 0

#Transform 7
Transform: AffineTransform_float_3_3
Parameters: 0.999997 0.00236748 0.000385245 -0.00236753 0.999997 0.00137009 -0.000381756 -0.00137091 0.999999 -0.162245 -0.0436572 -0.165766
FixedParameters: 0 0 0

#Transform 8
Transform: AffineTransform_float_3_3
Parameters: 0.999997 0.0023674 0.000742918 -0.0023676 0.999997 0.000809244 -0.000741083 -0.000810757 1 -0.178984 0.0512625 -0.206247
FixedParameters: 0 0 0

#Transform 9
Transform: AffineTransform_float_3_3
Parameters: 0.999996 0.00236739 0.000976475 -0.00236761 0.999997 0.00062169 -0.000974525 -0.000624309 1 -0.168213 -0.00976723 -0.237756
FixedParameters: 0 0 0

#Transform 10
Transform: AffineTransform_float_3_3
Parameters: 0.999999 0.00100273 -0.000754034 -0.00100527 0.999995 -0.00302124 0.000750966 0.00302176 0.999995 -0.0197857 0.0641767 -0.324538
FixedParameters: 0 0 0

#Transform 11
Transform: AffineTransform_float_3_3
Parameters: 0.999993 0.00389841 -0.000263991 -0.00389759 0.999991 0.00154204 0.000270008 -0.00154096 0.999999 -0.217061 0.0330226 -0.273457
FixedParameters: 0 0 0

#Transform 12
Transform: AffineTransform_float_3_3
Parameters: 0.999994 0.00344006 -2.76529e-05 -0.00343994 0.999993 0.00184511 3.43466e-05 -0.00184489 0.999999 -0.215021 -0.0828498 -0.196161
FixedParameters: 0 0 0

#Transform 13
Transform: AffineTransform_float_3_3
Parameters: 0.999995 0.0030509 0.00055411 -0.0030521 0.999994 0.00200132 -0.000547888 -0.00200368 0.999998 -0.236659 -0.0386697 -0.269214
FixedParameters: 0 0 0

#Transform 14
Transform: AffineTransform_float_3_3
Parameters: 0.999993 0.00347945 0.000812642 -0.00348054 0.999992 0.00190718 -0.000806355 -0.00191082 0.999998 -0.258198 -0.0497629 -0.270513
FixedParameters: 0 0 0

#Transform 15
Transform: AffineTransform_float_3_3
Parameters: 0.999994 0.00333857 0.000677086 -0.00333943 0.999992 0.00212075 -0.000669919 -0.00212225 0.999998 -0.257661 0.0265282 -0.260078
FixedParameters: 0 0 0

#Transform 16
Transform: AffineTransform_float_3_3
Parameters: 0.999994 0.00349839 0.00101802 -0.00350061 0.99999 0.00257445 -0.00100899 -0.00257755 0.999996 -0.268953 -0.0817168 -0.285643
FixedParameters: 0 0 0

#Transform 17
Transform: AffineTransform_float_3_3
Parameters: 0.999992 0.00350002 0.00150793 -0.00350298 0.999992 0.00197573 -0.00150107 -0.00198127 0.999997 -0.300646 0.0787032 -0.334489
FixedParameters: 0 0 0

#Transform 18
Transform: AffineTransform_float_3_3
Parameters: 0.999991 0.00392239 0.00170563 -0.0039266 0.999988 0.00270533 -0.00169537 -0.00271167 0.999995 -0.308461 -0.0592468 -0.30165
FixedParameters: 0 0 0

#Transform 19
Transform: AffineTransform_float_3_3
Parameters: 0.999992 0.00373834 0.00144452 -0.00374166 0.99999 0.00254161 -0.00143549 -0.00254639 0.999995 -0.308017 0.0687601 -0.314434
FixedParameters: 0 0 0

#Transform 20
Transform: AffineTransform_float_3_3
Parameters: 0.999991 0.00414966 0.00102559 -0.00415234 0.999986 0.00327177 -0.00101241 -0.00327623 0.999994 -0.305104 -0.0844493 -0.282737
FixedParameters: 0 0 0

#Transform 21
Transform: AffineTransform_float_3_3
Parameters: 0.99999 0.00414942 0.00121132 -0.00415258 0.999987 0.002965 -0.00119968 -0.00297001 0.999995 -0.309961 -0.0182193 -0.283598
FixedParameters: 0 0 0

#Transform 22
Transform: AffineTransform_float_3_3
Parameters: 0.999991 0.00396996 0.00140435 -0.00397505 0.999986 0.00360845 -0.00139065 -0.00361455 0.999992 -0.283094 -0.101137 -0.277866
FixedParameters: 0 0 0

#Transform 23
Transform: AffineTransform_float_3_3
Parameters: 0.999988 0.00455869 0.00168221 -0.00456532 0.999983 0.00376936 -0.00166479 -0.00377663 0.999991 -0.33896 0.026392 -0.364134
FixedParameters: 0 0 0

#Transform 24
Transform: AffineTransform_float_3_3
Parameters: 0.999987 0.00479047 0.00161549 -0.00479653 0.99998 0.00406231 -0.00159551 -0.0040697 0.999991 -0.328843 -0.107558 -0.276012
FixedParameters: 0 0 0

#Transform 25
Transform: AffineTransform_float_3_3
Parameters: 0.999993 0.00348117 0.00137417 -0.00349083 0.999968 0.00721625 -0.00134883 -0.00722175 0.999973 -0.233956 -0.102501 -0.192417
FixedParameters: 0 0 0

#Transform 26
Transform: AffineTransform_float_3_3
Parameters: 0.999989 0.00453565 0.00129755 -0.00454335 0.999969 0.00650618 -0.00126845 -0.00651283 0.999978 -0.32968 -0.057794 -0.135471
FixedParameters: 0 0 0

#Transform 27
Transform: AffineTransform_float_3_3
Parameters: 0.999991 0.00420478 0.00120411 -0.00421223 0.999967 0.006913 -0.0011749 -0.00691801 0.999976 -0.311382 -0.114364 -0.225826
FixedParameters: 0 0 0

#Transform 28
Transform: AffineTransform_float_3_3
Parameters: 0.999991 0.00414244 0.000944257 -0.00414856 0.999966 0.00705514 -0.000914742 -0.00705985 0.999974 -0.31728 -0.112673 -0.124164
FixedParameters: 0 0 0

#Transform 29
Transform: AffineTransform_float_3_3
Parameters: 0.999989 0.00447559 0.00146323 -0.00448641 0.999964 0.00718852 -0.00143077 -0.00719548 0.999973 -0.350132 -0.0832701 -0.171425
FixedParameters: 0 0 0

#Transform 30
Transform: AffineTransform_float_3_3
Parameters: 0.999988 0.00477095 0.00155435 -0.00478205 0.999962 0.00718766 -0.00151965 -0.00719534 0.999973 -0.358689 -0.154503 -0.199117
FixedParameters: 0 0 0

#Transform 31
Transform: AffineTransform_float_3_3
Parameters: 0.999986 0.00511176 0.00135232 -0.00512224 0.999958 0.00768118 -0.00131268 -0.00768782 0.999969 -0.376832 -0.0756325 -0.174321
FixedParameters: 0 0 0

#Transform 32
Transform: AffineTransform_float_3_3
Parameters: 0.999982 0.00573781 0.0020488 -0.0057542 0.999948 0.00848637 -0.00200021 -0.00849764 0.999962 -0.420299 -0.105398 -0.147142
FixedParameters: 0 0 0

#Transform 33
Transform: AffineTransform_float_3_3
Parameters: 0.999984 0.00528666 0.00234569 -0.00530834 0.999943 0.0091847 -0.00229731 -0.0091973 0.999955 -0.400612 -0.0873748 -0.232042
FixedParameters: 0 0 0

#Transform 34
Transform: AffineTransform_float_3_3
Parameters: 0.999985 0.00516685 0.00208911 -0.00518816 0.999934 0.0102513 -0.0020359 -0.0102617 0.999946 -0.380734 -0.113798 -0.225471
FixedParameters: 0 0 0

#Transform 35
Transform: AffineTransform_float_3_3
Parameters: 0.999992 0.00359057 0.00133613 -0.00360243 0.999956 0.00865325 -0.00130487 -0.00865775 0.999961 -0.301187 -0.133183 -0.110945
FixedParameters: 0 0 0

#Transform 36
Transform: AffineTransform_float_3_3
Parameters: 0.999998 0.00232764 -0.000186547 -0.00232637 0.999963 0.00836046 0.000205457 -0.00836055 0.999965 -0.184035 -0.123746 -0.169184
FixedParameters: 0 0 0

#Transform 37
Transform: AffineTransform_float_3_3
Parameters: 0.999997 0.00215463 0.000426387 -0.00215737 0.999965 0.0080631 -0.000409617 -0.0080639 0.999967 -0.22217 -0.124146 -0.171819
FixedParameters: 0 0 0

#Transform 38
Transform: AffineTransform_float_3_3
Parameters: 0.999997 0.00231902 0.000846382 -0.00232698 0.999962 0.00834405 -0.00082661 -0.00834594 0.999965 -0.253586 -0.0878101 -0.152081
FixedParameters: 0 0 0

#Transform 39
Transform: AffineTransform_float_3_3
Parameters: 0.999995 0.00299182 0.000836153 -0.00299919 0.999958 0.00872953 -0.000809847 -0.00873146 0.999961 -0.281574 -0.152334 -0.173617
FixedParameters: 0 0 0

#Transform 40
Transform: AffineTransform_float_3_3
Parameters: 0.999995 0.00290896 0.00109237 -0.00291803 0.999961 0.00836285 -0.00106763 -0.00836615 0.999965 -0.286888 -0.0815644 -0.237635
FixedParameters: 0 0 0

#Transform 41
Transform: AffineTransform_float_3_3
Parameters: 0.999995 0.00292789 0.00109274 -0.00293711 0.99996 0.00843483 -0.00106726 -0.00843817 0.999964 -0.280413 -0.144528 -0.194689
FixedParameters: 0 0 0

#Transform 42
Transform: AffineTransform_float_3_3
Parameters: 0.999994 0.00359378 0.000376131 -0.00359722 0.999953 0.0089357 -0.000343867 -0.00893729 0.99996 -0.280844 -0.207048 -0.273251
FixedParameters: 0 0 0

#Transform 43
Transform: AffineTransform_float_3_3
Parameters: 0.999997 0.00195497 0.00184439 -0.00197403 0.999944 0.0103744 -0.00182362 -0.0103776 0.999945 -0.253825 -0.30032 0.0688956
FixedParameters: 0 0 0

#Transform 44
Transform: AffineTransform_float_3_3
Parameters: 0.999994 0.000448136 0.00326342 -0.000485861 0.999933 0.0116115 -0.00325758 -0.0116125 0.999928 -0.216687 -0.280029 0.00359894
FixedParameters: 0 0 0

#Transform 45
Transform: AffineTransform_float_3_3
Parameters: 0.999997 0.000980327 0.00225459 -0.00101167 0.999907 0.0136448 -0.00224041 -0.0136462 0.999905 -0.220168 0.0173191 -0.770248
FixedParameters: 0 0 0

#Transform 46
Transform: AffineTransform_float_3_3
Parameters: 0.999998 -0.00129694 0.000973545 0.00127907 0.999834 0.0182093 -0.000996456 -0.0182087 0.999833 -0.226851 -0.296259 -0.857489
FixedParameters: 0 0 0

#Transform 47
Transform: AffineTransform_float_3_3
Parameters: 0.999997 -0.000820406 0.00198952 0.0007926 0.999899 0.0142376 -0.00200049 -0.0142354 0.999896 -0.281947 -0.407429 -0.505222
FixedParameters: 0 0 0

#Transform 48
Transform: AffineTransform_float_3_3
Parameters: 0.999999 -0.00084252 0.0016225 0.000816472 0.999867 0.0162774 -0.00163651 -0.0162757 0.999866 -0.252072 -0.208699 -0.477109
FixedParameters: 0 0 0

#Transform 49
Transform: AffineTransform_float_3_3
Parameters: 0.999998 -0.00197898 0.000125976 0.00197702 0.999897 0.0141673 -0.000154024 -0.0141667 0.999899 -0.145308 -0.38109 -0.539181
FixedParameters: 0 0 0

#Transform 50
Transform: AffineTransform_float_3_3
Parameters: 0.999993 -0.00339421 -0.00105806 0.00340979 0.999877 0.0153005 0.00100594 -0.0153045 0.999883 -0.0652251 -0.322575 -0.405103
FixedParameters: 0 0 0

#Transform 51
Transform: AffineTransform_float_3_3
Parameters: 0.999996 -0.00232987 0.0014617 0.00230812 0.999888 0.0147914 -0.0014963 -0.0147886 0.99989 -0.149841 -0.374873 -0.238614
FixedParameters: 0 0 0

#Transform 52
Transform: AffineTransform_float_3_3
Parameters: 0.999998 -0.00131475 0.00144349 0.00129326 0.999887 0.0149629 -0.00146251 -0.0149611 0.999887 -0.1987 -0.430969 -0.297356
FixedParameters: 0 0 0

#Transform 53
Transform: AffineTransform_float_3_3
Parameters: 0.999997 -0.00131777 0.00200494 0.00129323 0.999924 0.0123076 -0.00202107 -0.0123044 0.999923 -0.182617 -0.230366 -0.357117
FixedParameters: 0 0 0

#Transform 54
Transform: AffineTransform_float_3_3
Parameters: 0.999999 -0.000548507 0.000706723 0.00053949 0.999911 0.0133824 -0.000714284 -0.0133826 0.99991 -0.152728 -0.28913 -0.182172
FixedParameters: 0 0 0

#Transform 55
Transform: AffineTransform_float_3_3
Parameters: 0.999998 -0.00143758 0.000696555 0.00142941 0.999925 0.012171 -0.000714449 -0.01217 0.999925 -0.0940609 -0.295122 -0.282066
FixedParameters: 0 0 0

#Transform 56
Transform: AffineTransform_float_3_3
Parameters: 0.999998 -0.00115684 0.00154177 0.00113917 0.999933 0.0115238 -0.00155423 -0.0115222 0.999932 -0.122335 -0.338502 -0.304318
FixedParameters: 0 0 0

#Transform 57
Transform: AffineTransform_float_3_3
Parameters: 0.999997 -0.00128614 0.00170547 0.00126786 0.999943 0.0105942 -0.00171953 -0.0105918 0.999943 -0.100393 -0.294287 -0.312126
FixedParameters: 0 0 0

#Transform 58
Transform: AffineTransform_float_3_3
Parameters: 0.999998 -0.00194844 6.26519e-05 0.00194856 0.999978 0.00633813 -7.53514e-05 -0.00633786 0.99998 -0.0216513 -0.246498 0.227901
FixedParameters: 0 0 0

#Transform 59
Transform: AffineTransform_float_3_3
Parameters: 1 -0.00117544 0.000205922 0.00117456 0.999975 0.00687625 -0.000214082 -0.00687675 0.999977 -0.0167133 -0.259811 0.217938
FixedParameters: 0 0 0

#Transform 60
Transform: AffineTransform_float_3_3
Parameters: 1 -0.00106163 9.95164e-05 0.00106137 0.999981 0.00610911 -0.000106486 -0.00610889 0.999982 -0.0201363 -0.151445 0.0527861
FixedParameters: 0 0 0

#Transform 61
Transform: AffineTransform_float_3_3
Parameters: 1 -0.000550275 -0.000186177 0.000551723 0.999955 0.00939389 0.000180825 -0.0093941 0.999956 -0.0479755 -0.236404 0.050598
FixedParameters: 0 0 0

#Transform 62
Transform: AffineTransform_float_3_3
Parameters: 0.999998 -0.00202428 0.000191249 0.00202272 0.999934 0.0112454 -0.000213761 -0.0112456 0.999936 -0.0301817 -0.483628 0.0369882
FixedParameters: 0 0 0

#Transform 63
Transform: AffineTransform_float_3_3
Parameters: 0.999988 -0.00475796 -0.000380462 0.00476205 0.999923 0.0114403 0.000326534 -0.0114427 0.999935 0.0960048 -0.628397 0.250439
FixedParameters: 0 0 0

#Transform 64
Transform: AffineTransform_float_3_3
Parameters: 0.999985 -0.00494454 -0.00208405 0.00495945 0.99996 0.00747677 0.00204695 -0.00748623 0.99997 0.15209 -0.489302 0.0707044
FixedParameters: 0 0 0

#Transform 65
Transform: AffineTransform_float_3_3
Parameters: 0.999986 -0.00502503 -0.00177329 0.00503697 0.999964 0.00681117 0.00173971 -0.00681984 0.999975 0.114639 -0.270861 -0.0417377
FixedParameters: 0 0 0

#Transform 66
Transform: AffineTransform_float_3_3
Parameters: 0.999987 -0.00511055 -1.26598e-05 0.00511046 0.99991 -0.0123942 7.53447e-05 0.0123938 0.999923 0.244981 0.0552965 -0.396043
FixedParameters: 0 0 0

#Transform 67
Transform: AffineTransform_float_3_3
Parameters: 0.999976 -0.00677291 -0.00129559 0.00676809 0.99997 -0.00375786 0.00132041 0.00374915 0.999992 0.269988 -0.0998423 -0.183931
FixedParameters: 0 0 0

#Transform 68
Transform: AffineTransform_float_3_3
Parameters: 0.999988 -0.00472237 -0.00127256 0.00471863 0.999986 -0.00263804 0.00128544 0.00263196 0.999995 0.154949 -0.119482 -0.166443
FixedParameters: 0 0 0

#Transform 69
Transform: AffineTransform_float_3_3
Parameters: 0.999982 -0.0057853 -0.0014803 0.0057817 0.999979 -0.00289261 0.0014977 0.00288339 0.999994 0.191658 -0.158071 -0.205991
FixedParameters: 0 0 0

#Transform 70
Transform: AffineTransform_float_3_3
Parameters: 0.999984 -0.0052229 -0.00182774 0.0052201 0.999985 -0.00158657 0.00183626 0.00157643 0.999997 0.210579 -0.168187 -0.188089
FixedParameters: 0 0 0

#Transform 71
Transform: AffineTransform_float_3_3
Parameters: 0.999981 -0.00611966 -0.00141617 0.00611935 0.999981 -0.000466675 0.00141983 0.00045832 0.999999 0.179509 -0.207791 -0.247343
FixedParameters: 0 0 0

#Transform 72
Transform: AffineTransform_float_3_3
Parameters: 0.999976 -0.00641767 -0.00232538 0.00641632 0.999979 -0.000726937 0.00233062 0.00071206 0.999997 0.24814 -0.213807 -0.116581
FixedParameters: 0 0 0

#Transform 73
Transform: AffineTransform_float_3_3
Parameters: 0.999979 -0.00591019 -0.00291952 0.00590581 0.999981 -0.00178228 0.00293048 0.00176472 0.999994 0.216277 -0.184415 -0.155949
FixedParameters: 0 0 0

#Transform 74
Transform: AffineTransform_float_3_3
Parameters: 0.99998 -0.00549006 -0.00318825 0.00549594 0.999983 0.00185752 0.00317875 -0.00187549 0.999993 0.251474 -0.365914 -0.200501
FixedParameters: 0 0 0

#Transform 75
Transform: AffineTransform_float_3_3
Parameters: 0.999965 -0.00812694 -0.00159243 0.00813405 0.999957 0.0044742 0.00155557 -0.00448679 0.999988 0.337643 -0.415158 -0.392512
FixedParameters: 0 0 0

#Transform 76
Transform: AffineTransform_float_3_3
Parameters: 0.999964 -0.00837096 0.000754789 0.00836603 0.999945 0.00636153 -0.000807214 -0.00635546 0.999979 0.239281 -0.545095 -0.196417
FixedParameters: 0 0 0

#Transform 77
Transform: AffineTransform_float_3_3
Parameters: 0.999975 -0.00710377 -0.000172487 0.00710422 0.999974 0.00133481 0.000163512 -0.0013362 0.999999 0.206168 -0.26724 -0.224762
FixedParameters: 0 0 0

#Transform 78
Transform: AffineTransform_float_3_3
Parameters: 0.999966 -0.00775899 -0.00261001 0.007773 0.999955 0.00539889 0.00256799 -0.00541911 0.999982 0.261163 -0.380985 -0.146057
FixedParameters: 0 0 0

#Transform 79
Transform: AffineTransform_float_3_3
Parameters: 0.999944 -0.00994231 -0.00348313 0.00996968 0.999921 0.00772971 0.00340586 -0.0077643 0.999964 0.339183 -0.426068 -0.027092
FixedParameters: 0 0 0

#Transform 80
Transform: AffineTransform_float_3_3
Parameters: 0.999956 -0.0089801 -0.00273071 0.00900091 0.99993 0.00774177 0.00266128 -0.00776625 0.999967 0.264168 -0.454403 0.0130527
FixedParameters: 0 0 0

#Transform 81
Transform: AffineTransform_float_3_3
Parameters: 0.999965 -0.00783573 -0.00284957 0.00785527 0.999946 0.00681685 0.00279543 -0.00683914 0.999972 0.211015 -0.400659 -0.0820617
FixedParameters: 0 0 0

#Transform 82
Transform: AffineTransform_float_3_3
Parameters: 0.999971 -0.00718136 -0.00246606 0.00719664 0.999956 0.00598043 0.00242294 -0.00599857 0.999979 0.175805 -0.381658 -0.119186
FixedParameters: 0 0 0

#Transform 83
Transform: AffineTransform_float_3_3
Parameters: 0.999973 -0.00699802 -0.00251267 0.00701599 0.99995 0.00722257 0.00246133 -0.00723943 0.999971 0.153832 -0.453632 -0.167338
FixedParameters: 0 0 0

#Transform 84
Transform: AffineTransform_float_3_3
Parameters: 0.999964 -0.00832604 -0.00177057 0.00834696 0.999891 0.0121757 0.00166943 -0.0121903 0.999925 0.19264 -0.678495 0.0511147
FixedParameters: 0 0 0

#Transform 85
Transform: AffineTransform_float_3_3
Parameters: 0.999891 -0.0142825 -0.00375615 0.0143705 0.999598 0.0244107 0.00340583 -0.0244623 0.999695 0.372144 -1.08712 0.393374
FixedParameters: 0 0 0

#Transform 86
Transform: AffineTransform_float_3_3
Parameters: 0.99992 -0.0115592 -0.00527527 0.0116548 0.99976 0.018514 0.00505973 -0.018574 0.999814 0.324118 -0.827839 0.00161447
FixedParameters: 0 0 0

#Transform 87
Transform: AffineTransform_float_3_3
Parameters: 0.999911 -0.0121572 -0.00539156 0.0122478 0.999778 0.0171395 0.00518143 -0.0172045 0.999838 0.337753 -0.722365 0.0208833
FixedParameters: 0 0 0

#Transform 88
Transform: AffineTransform_float_3_3
Parameters: 0.999926 -0.0109877 -0.0053184 0.0110693 0.999815 0.0156923 0.00514461 -0.0157497 0.999862 0.270837 -0.662258 0.0424585
FixedParameters: 0 0 0

#Transform 89
Transform: AffineTransform_float_3_3
Parameters: 0.999928 -0.0107308 -0.00541138 0.0108152 0.999817 0.0157856 0.00524161 -0.0158434 0.999861 0.279362 -0.680587 0.0208663
FixedParameters: 0 0 0

#Transform 90
Transform: AffineTransform_float_3_3
Parameters: 0.999924 -0.0112907 -0.00498309 0.0113573 0.999844 0.0134904 0.0048299 -0.0135466 0.999896 0.319613 -0.592374 0.0584471
FixedParameters: 0 0 0

#Transform 91
Transform: AffineTransform_float_3_3
Parameters: 0.99993 -0.0107992 -0.0048573 0.0108688 0.999834 0.0145842 0.00469869 -0.0146368 0.999882 0.299203 -0.660765 0.0575705
FixedParameters: 0 0 0

#Transform 92
Transform: AffineTransform_float_3_3
Parameters: 0.999938 -0.0101023 -0.00467773 0.0101597 0.999871 0.0124843 0.00455128 -0.0125308 0.999911 0.25492 -0.498856 -0.0117483
FixedParameters: 0 0 0

#Transform 93
Transform: AffineTransform_float_3_3
Parameters: 0.999942 -0.0092259 -0.00568146 0.00929611 0.99988 0.0124399 0.00556555 -0.0124921 0.999907 0.185824 -0.604657 0.00925916
FixedParameters: 0 0 0

#Transform 94
Transform: AffineTransform_float_3_3
Parameters: 0.999889 -0.0116362 -0.00928269 0.0117328 0.999876 0.0104452 0.00916032 -0.0105528 0.999903 0.366038 -0.511731 -0.307646
FixedParameters: 0 0 0

#Transform 95
Transform: AffineTransform_float_3_3
Parameters: 0.99992 -0.0100507 -0.00764765 0.0101313 0.999893 0.0105294 0.00754035 -0.0106066 0.999916 0.262758 -0.53492 -0.184696
FixedParameters: 0 0 0

#Transform 96
Transform: AffineTransform_float_3_3
Parameters: 0.999932 -0.00918009 -0.00708943 0.0092529 0.999904 0.0103211 0.00699357 -0.0103859 0.999921 0.215928 -0.508544 -0.189905
FixedParameters: 0 0 0

#Transform 97
Transform: AffineTransform_float_3_3
Parameters: 0.999934 -0.00893877 -0.00712766 0.00901523 0.999901 0.0107354 0.00703134 -0.0107986 0.999917 0.207462 -0.567843 -0.175843
FixedParameters: 0 0 0

#Transform 98
Transform: AffineTransform_float_3_3
Parameters: 0.99994 -0.00867178 -0.00672257 0.00874221 0.999907 0.0104869 0.00663043 -0.0105451 0.999923 0.185506 -0.517084 -0.22717
FixedParameters: 0 0 0

#Transform 99
Transform: AffineTransform_float_3_3
Parameters: 0.999936 -0.00926058 -0.00648801 0.00933643 0.999888 0.0116932 0.00637898 -0.0117528 0.99991 0.174242 -0.5759 -0.231803
FixedParameters: 0 0 0

#Transform 100
Transform: AffineTransform_float_3_3
Parameters: 0.999936 -0.00935596 -0.00632376 0.00941604 0.99991 0.00953307 0.00623325 -0.00959194 0.999935 0.17469 -0.445546 -0.244734
FixedParameters: 0 0 0

#Transform 101
Transform: AffineTransform_float_3_3
Parameters: 0.999943 -0.00866594 -0.00624734 0.00873605 0.999899 0.0112751 0.00614865 -0.0113299 0.999917 0.174915 -0.618706 -0.196691
FixedParameters: 0 0 0

#Transform 102
Transform: AffineTransform_float_3_3
Parameters: 0.999941 -0.00888522 -0.00624223 0.00894977 0.999905 0.0104267 0.00614877 -0.0104822 0.999926 0.178791 -0.52154 -0.275892
FixedParameters: 0 0 0

#Transform 103
Transform: AffineTransform_float_3_3
Parameters: 0.999938 -0.00859845 -0.00698289 0.00868054 0.999892 0.0118781 0.00688012 -0.0119379 0.999905 0.180442 -0.579885 -0.233291
FixedParameters: 0 0 0

#Transform 104
Transform: AffineTransform_float_3_3
Parameters: 0.999938 -0.00874677 -0.0068159 0.00882621 0.999893 0.0116816 0.00671208 -0.0117414 0.999908 0.177596 -0.578022 -0.30458
FixedParameters: 0 0 0

#Transform 105
Transform: AffineTransform_float_3_3
Parameters: 0.999942 -0.00860625 -0.00637781 0.00867472 0.999903 0.0108293 0.00628318 -0.0108847 0.999921 0.153652 -0.51391 -0.311653
FixedParameters: 0 0 0

#Transform 106
Transform: AffineTransform_float_3_3
Parameters: 0.999946 -0.00822919 -0.00636954 0.00829981 0.999903 0.0111707 0.00627746 -0.0112233 0.999918 0.169894 -0.574167 -0.274092
FixedParameters: 0 0 0

#Transform 107
Transform: AffineTransform_float_3_3
Parameters: 0.999939 -0.00842801 -0.00706705 0.00850598 0.999903 0.0110786 0.00697293 -0.0111384 0.999913 0.158355 -0.523064 -0.328166
FixedParameters: 0 0 0

#Transform 108
Transform: AffineTransform_float_3_3
Parameters: 0.999943 -0.00823147 -0.00669118 0.00830052 0.999912 0.010278 0.0066068 -0.010333 0.999925 0.155596 -0.544952 -0.303982
FixedParameters: 0 0 0

#Transform 109
Transform: AffineTransform_float_3_3
Parameters: 0.999946 -0.00826051 -0.00639684 0.00832348 0.999915 0.0099633 0.00631317 -0.0100157 0.99993 0.155401 -0.563265 -0.323919
FixedParameters: 0 0 0

#Transform 110
Transform: AffineTransform_float_3_3
Parameters: 0.999938 -0.00887979 -0.00671422 0.00895121 0.999903 0.0106506 0.00661877 -0.0107104 0.99992 0.166926 -0.507953 -0.381276
FixedParameters: 0 0 0

#Transform 111
Transform: AffineTransform_float_3_3
Parameters: 0.999941 -0.0083347 -0.00696084 0.0084133 0.999901 0.0112961 0.00686616 -0.0113539 0.999912 0.15322 -0.631359 -0.337748
FixedParameters: 0 0 0

#Transform 112
Transform: AffineTransform_float_3_3
Parameters: 0.999934 -0.00881916 -0.00735512 0.00889584 0.999906 0.0104803 0.00726187 -0.0105457 0.999918 0.142929 -0.514445 -0.501748
FixedParameters: 0 0 0

#Transform 113
Transform: AffineTransform_float_3_3
Parameters: 0.999935 -0.00881931 -0.00723056 0.00890069 0.999897 0.0112044 0.00713144 -0.0112676 0.999911 0.148239 -0.619289 -0.427758
FixedParameters: 0 0 0

#Transform 114
Transform: AffineTransform_float_3_3
Parameters: 0.99993 -0.00939102 -0.00710874 0.00946197 0.999905 0.0100174 0.00701325 -0.0100836 0.999924 0.15527 -0.496576 -0.476044
FixedParameters: 0 0 0

#Transform 115
Transform: AffineTransform_float_3_3
Parameters: 0.999927 -0.0100275 -0.00664993 0.0100845 0.999913 0.00851255 0.00656406 -0.00857844 0.999941 0.25916 -0.639155 -0.564424
FixedParameters: 0 0 0

#Transform 116
Transform: AffineTransform_float_3_3
Parameters: 0.999861 -0.00448224 -0.0160998 0.00393979 0.999429 -0.0335551 0.0162402 0.0334869 0.999307 0.319285 0.0328227 -1.77968
FixedParameters: 0 0 0

#Transform 117
Transform: AffineTransform_float_3_3
Parameters: 0.999871 -0.00792659 -0.014021 0.00777842 0.999914 -0.0106204 0.014104 0.0105096 0.999846 0.301099 -0.34801 -0.928871
FixedParameters: 0 0 0

#Transform 118
Transform: AffineTransform_float_3_3
Parameters: 0.999888 -0.00753961 -0.0129099 0.0074264 0.999934 -0.00874786 0.0129751 0.00865114 0.999879 0.231189 -0.184913 -0.968726
FixedParameters: 0 0 0

#Transform 119
Transform: AffineTransform_float_3_3
Parameters: 0.999904 -0.00714956 -0.011931 0.00704543 0.999936 -0.00878391 0.011993 0.0086981 0.99989 0.197794 -0.330921 -1.01831
FixedParameters: 0 0 0

#Transform 120
Transform: AffineTransform_float_3_3
Parameters: 0.999909 -0.00766326 -0.0110595 0.00758474 0.999946 -0.00719154 0.0111135 0.00710648 0.999913 0.206143 -0.253967 -0.983063
FixedParameters: 0 0 0

#Transform 121
Transform: AffineTransform_float_3_3
Parameters: 0.999904 -0.00808137 -0.0112671 0.00801664 0.999952 -0.00574588 0.0113129 0.00565512 0.99992 0.231671 -0.369165 -0.911962
FixedParameters: 0 0 0

#Transform 122
Transform: AffineTransform_float_3_3
Parameters: 0.999888 -0.00895616 -0.0120358 0.00890586 0.999952 -0.00421366 0.0120732 0.00410633 0.999918 0.285187 -0.32151 -1.04111
FixedParameters: 0 0 0

#Transform 123
Transform: AffineTransform_float_3_3
Parameters: 0.99992 -0.00782195 -0.00994628 0.00778406 0.999963 -0.00384773 0.00997672 0.00377027 0.999943 0.228912 -0.392347 -0.877902
FixedParameters: 0 0 0

#Transform 124
Transform: AffineTransform_float_3_3
Parameters: 0.999915 -0.00791262 -0.0104241 0.00787739 0.999963 -0.00345341 0.0104509 0.00337059 0.999939 0.240376 -0.364055 -0.855807
FixedParameters: 0 0 0

#Transform 125
Transform: AffineTransform_float_3_3
Parameters: 0.99992 -0.00788091 -0.00987362 0.0078491 0.999964 -0.00326576 0.00989938 0.00318824 0.999946 0.224271 -0.397344 -0.793632
FixedParameters: 0 0 0

#Transform 126
Transform: AffineTransform_float_3_3
Parameters: 0.999918 -0.0080365 -0.0100437 0.0080115 0.999964 -0.00257668 0.0100634 0.00249633 0.999946 0.257564 -0.406387 -0.836356
FixedParameters: 0 0 0

#Transform 127
Transform: AffineTransform_float_3_3
Parameters: 0.999924 -0.00781053 -0.00960354 0.00778848 0.999967 -0.00227697 0.00962147 0.00220202 0.999952 0.228152 -0.384608 -0.758593
FixedParameters: 0 0 0

#Transform 128
Transform: AffineTransform_float_3_3
Parameters: 0.999923 -0.00782931 -0.00956993 0.00781667 0.999968 -0.00132391 0.00958006 0.00124909 0.999954 0.233804 -0.484876 -0.797126
FixedParameters: 0 0 0

#Transform 129
Transform: AffineTransform_float_3_3
Parameters: 0.999922 -0.00781158 -0.00981463 0.00779543 0.999969 -0.00162364 0.00982737 0.00154735 0.99995 0.239621 -0.395518 -0.780388
FixedParameters: 0 0 0

#Transform 130
Transform: AffineTransform_float_3_3
Parameters: 0.999926 -0.00780709 -0.00939546 0.00779792 0.999969 -0.00100334 0.00940255 0.000929663 0.999956 0.244769 -0.499348 -0.793404
FixedParameters: 0 0 0

#Transform 131
Transform: AffineTransform_float_3_3
Parameters: 0.999921 -0.0102914 -0.00730432 0.0102016 0.999873 -0.0123025 0.00742968 0.0122265 0.999897 0.413735 -0.427991 -1.136
FixedParameters: 0 0 0

#Transform 132
Transform: AffineTransform_float_3_3
Parameters: 0.999897 -0.0135949 -0.00471211 0.0135212 0.999791 -0.0153643 0.0049199 0.0152997 0.999871 0.524599 -0.412802 -1.11039
FixedParameters: 0 0 0

#Transform 133
Transform: AffineTransform_float_3_3
Parameters: 0.999916 -0.0110177 -0.00683118 0.0109593 0.999903 -0.00857559 0.00692482 0.00849942 0.99994 0.383534 -0.279596 -1.05463
FixedParameters: 0 0 0

#Transform 134
Transform: AffineTransform_float_3_3
Parameters: 0.999934 -0.00935974 -0.00663904 0.00930926 0.999927 -0.0076323 0.00670996 0.00757069 0.999949 0.327622 -0.459358 -0.984493
FixedParameters: 0 0 0

#Transform 135
Transform: AffineTransform_float_3_3
Parameters: 0.999934 -0.00928918 -0.00674103 0.00923782 0.999928 -0.00758377 0.00681096 0.00752122 0.999948 0.300295 -0.299721 -0.992976
FixedParameters: 0 0 0

#Transform 136
Transform: AffineTransform_float_3_3
Parameters: 0.999947 -0.00885901 -0.00528725 0.00884598 0.999958 -0.0024799 0.00530875 0.0024331 0.999983 0.389358 0.106686 -1.13733
FixedParameters: 0 0 0

#Transform 137
Transform: AffineTransform_float_3_3
Parameters: 0.999917 -0.0110776 -0.00649099 0.0110844 0.999938 0.00095613 0.00648001 -0.00102787 0.999979 0.434622 0.464467 -1.63904
FixedParameters: 0 0 0

#Transform 138
Transform: AffineTransform_float_3_3
Parameters: 0.999852 -0.0161744 -0.00587198 0.0163086 0.999591 0.0234677 0.00549001 -0.0235603 0.999708 0.404611 -0.657603 -0.75303
FixedParameters: 0 0 0

#Transform 139
Transform: AffineTransform_float_3_3
Parameters: 0.999824 -0.0176304 -0.0063074 0.0178076 0.999412 0.0293068 0.0057876 -0.0294142 0.99955 0.466125 -0.899496 -0.07126
FixedParameters: 0 0 0

#Transform 140
Transform: AffineTransform_float_3_3
Parameters: 0.999838 -0.0154903 -0.00908559 0.0157357 0.999495 0.0276305 0.0086524 -0.0277695 0.999577 0.560375 -0.654588 -0.0175518
FixedParameters: 0 0 0

#Transform 141
Transform: AffineTransform_float_3_3
Parameters: 0.999856 -0.0143417 -0.00900823 0.0145863 0.99951 0.0276696 0.00860676 -0.0277964 0.999576 0.476086 -0.552487 -0.0250433
FixedParameters: 0 0 0

#Transform 142
Transform: AffineTransform_float_3_3
Parameters: 0.999856 -0.0142662 -0.00925853 0.0145388 0.999442 0.0300958 0.00882348 -0.0302263 0.999504 0.494935 -0.695 -0.0502134
FixedParameters: 0 0 0

#Transform 143
Transform: AffineTransform_float_3_3
Parameters: 0.999859 -0.0142573 -0.00893376 0.0145227 0.999432 0.0304176 0.00849526 -0.0305434 0.999498 0.485589 -0.63168 -0.0708232
FixedParameters: 0 0 0

#Transform 144
Transform: AffineTransform_float_3_3
Parameters: 0.999877 -0.0131442 -0.00863503 0.0134068 0.999425 0.0311211 0.00822099 -0.0312329 0.999479 0.425913 -0.66397 -0.0870193
FixedParameters: 0 0 0

#Transform 145
Transform: AffineTransform_float_3_3
Parameters: 0.99987 -0.0133284 -0.00906418 0.0136037 0.999425 0.0310587 0.00864584 -0.0311783 0.999477 0.468067 -0.697219 -0.00686382
FixedParameters: 0 0 0

#Transform 146
Transform: AffineTransform_float_3_3
Parameters: 0.999865 -0.0139787 -0.00865947 0.0142413 0.999417 0.0310069 0.00822052 -0.0311251 0.999481 0.506586 -0.647069 -0.00386447
FixedParameters: 0 0 0

#Transform 147
Transform: AffineTransform_float_3_3
Parameters: 0.999876 -0.013008 -0.00887872 0.013293 0.999373 0.0328371 0.00844629 -0.032951 0.999422 0.457393 -0.712719 0.0560759
FixedParameters: 0 0 0

#Transform 148
Transform: AffineTransform_float_3_3
Parameters: 0.999874 -0.0130853 -0.00896421 0.0133728 0.999371 0.0328292 0.0085298 -0.0329447 0.999421 0.443759 -0.612732 -0.000243259
FixedParameters: 0 0 0

#Transform 149
Transform: AffineTransform_float_3_3
Parameters: 0.999884 -0.0103871 -0.0111343 0.0107069 0.99952 0.0290662 0.0108268 -0.0291819 0.999516 0.380741 -0.770312 0.127156
FixedParameters: 0 0 0

#Transform 150
Transform: AffineTransform_float_3_3
Parameters: 0.999879 -0.0110148 -0.0110524 0.0112702 0.999663 0.0233913 0.0107917 -0.0235127 0.999666 0.344762 -0.652602 -0.108284
FixedParameters: 0 0 0

#Transform 151
Transform: AffineTransform_float_3_3
Parameters: 0.999884 -0.0108766 -0.0106824 0.0111164 0.999681 0.0227089 0.0104316 -0.0228251 0.999685 0.344001 -0.762125 -0.026148
FixedParameters: 0 0 0

#Transform 152
Transform: AffineTransform_float_3_3
Parameters: 0.999888 -0.0105304 -0.0105839 0.0107696 0.999681 0.0228416 0.0103401 -0.0229534 0.999683 0.333467 -0.658125 -0.0212166
FixedParameters: 0 0 0

#Transform 153
Transform: AffineTransform_float_3_3
Parameters: 0.999878 -0.0115009 -0.0105787 0.0117381 0.999675 0.0226316 0.0103153 -0.0227534 0.999688 0.426437 -0.715065 -0.000996633
FixedParameters: 0 0 0

#Transform 154
Transform: AffineTransform_float_3_3
Parameters: 0.999816 -0.0144655 -0.0125409 0.0147065 0.999706 0.0193051 0.012258 -0.0194859 0.999735 0.604367 -0.659975 -0.14616
FixedParameters: 0 0 0

#Transform 155
Transform: AffineTransform_float_3_3
Parameters: 0.999857 -0.012447 -0.0114634 0.012642 0.999774 0.0170965 0.0112486 -0.0172395 0.999788 0.511199 -0.613832 -0.131451
FixedParameters: 0 0 0

#Transform 156
Transform: AffineTransform_float_3_3
Parameters: 0.999878 -0.0109177 -0.0111807 0.0111533 0.999713 0.0212019 0.0109453 -0.0213241 0.999712 0.436932 -0.705984 0.0126787
FixedParameters: 0 0 0

#Transform 157
Transform: AffineTransform_float_3_3
Parameters: 0.999883 -0.0107862 -0.0108979 0.0109998 0.999745 0.0197535 0.0106822 -0.0198706 0.999746 0.460248 -0.688102 0.0214256
FixedParameters: 0 0 0

#Transform 158
Transform: AffineTransform_float_3_3
Parameters: 0.999852 -0.0129077 -0.011422 0.0130753 0.999806 0.0146998 0.0112301 -0.0148461 0.999826 0.624227 -0.577714 -0.161139
FixedParameters: 0 0 0

#Transform 159
Transform: AffineTransform_float_3_3
Parameters: 0.999882 -0.0104806 -0.0111695 0.0107244 0.9997 0.0220538 0.0109345 -0.0221712 0.999695 0.462683 -0.756593 0.175433
FixedParameters: 0 0 0

#Transform 160
Transform: AffineTransform_float_3_3
Parameters: 0.999893 -0.00958232 -0.0110637 0.00982868 0.999702 0.0223707 0.0108453 -0.0224763 0.999688 0.445054 -0.717984 0.120202
FixedParameters: 0 0 0

#Transform 161
Transform: AffineTransform_float_3_3
Parameters: 0.999893 -0.0100815 -0.0106001 0.0103265 0.999673 0.023369 0.010361 -0.0234759 0.99967 0.442076 -0.744276 0.156248
FixedParameters: 0 0 0

#Transform 162
Transform: AffineTransform_float_3_3
Parameters: 0.999887 -0.00991082 -0.01129 0.0101692 0.999682 0.0230448 0.011058 -0.0231572 0.99967 0.440864 -0.76615 0.188984
FixedParameters: 0 0 0

#Transform 163
Transform: AffineTransform_float_3_3
Parameters: 0.999892 -0.0095223 -0.0112164 0.00977668 0.999692 0.0227848 0.0109956 -0.0228922 0.999677 0.417532 -0.691137 0.182698
FixedParameters: 0 0 0

#Transform 164
Transform: AffineTransform_float_3_3
Parameters: 0.99989 -0.00916459 -0.0116501 0.00943441 0.999685 0.0232847 0.0114329 -0.0233924 0.999661 0.453927 -0.82808 0.192125
FixedParameters: 0 0 0

#Transform 165
Transform: AffineTransform_float_3_3
Parameters: 0.999878 -0.0103077 -0.0117358 0.0105673 0.999694 0.0223397 0.0115022 -0.0224613 0.999681 0.447568 -0.657318 0.116744
FixedParameters: 0 0 0

#Transform 166
Transform: AffineTransform_float_3_3
Parameters: 0.99987 -0.0103582 -0.0123547 0.0106328 0.999693 0.0223895 0.0121183 -0.0225174 0.999673 0.471614 -0.793271 0.168214
FixedParameters: 0 0 0

#Transform 167
Transform: AffineTransform_float_3_3
Parameters: 0.999881 -0.00940057 -0.0122438 0.00966443 0.999719 0.0216363 0.0120371 -0.0217528 0.999691 0.428387 -0.667417 0.050896
FixedParameters: 0 0 0

#Transform 168
Transform: AffineTransform_float_3_3
Parameters: 0.999892 -0.00825951 -0.012204 0.00850151 0.999767 0.0198714 0.012037 -0.0199726 0.999728 0.379197 -0.742313 0.0681978
FixedParameters: 0 0 0

#Transform 169
Transform: AffineTransform_float_3_3
Parameters: 0.999894 -0.00803592 -0.0120838 0.00825107 0.999806 0.0178552 0.0119382 -0.0179528 0.999768 0.392854 -0.604232 0.00798432
FixedParameters: 0 0 0

#Transform 170
Transform: AffineTransform_float_3_3
Parameters: 0.999892 -0.00833411 -0.0121186 0.00855589 0.999794 0.0183743 0.0119634 -0.0184757 0.999757 0.393278 -0.702275 0.0753972
FixedParameters: 0 0 0

#Transform 171
Transform: AffineTransform_float_3_3
Parameters: 0.999901 -0.0074825 -0.011869 0.00769449 0.99981 0.0178744 0.011733 -0.0179645 0.99977 0.36451 -0.638163 0.021207
FixedParameters: 0 0 0

#Transform 172
Transform: AffineTransform_float_3_3
Parameters: 0.99987 -0.0104968 -0.0123002 0.0107732 0.999687 0.0226114 0.0120588 -0.0227406 0.999668 0.491597 -0.781221 0.275271
FixedParameters: 0 0 0

#Transform 173
Transform: AffineTransform_float_3_3
Parameters: 0.999871 -0.0106248 -0.0120645 0.0108932 0.999688 0.0224725 0.0118225 -0.0226005 0.999674 0.462943 -0.764256 0.212828
FixedParameters: 0 0 0

#Transform 174
Transform: AffineTransform_float_3_3
Parameters: 0.999884 -0.00954665 -0.0118507 0.00978733 0.999744 0.0203914 0.0116523 -0.0205056 0.999722 0.404462 -0.646188 0.0973229
FixedParameters: 0 0 0

#Transform 175
Transform: AffineTransform_float_3_3
Parameters: 0.999883 -0.00949648 -0.0120401 0.00971852 0.999782 0.0184752 0.0118619 -0.0185908 0.999757 0.471746 -0.735304 0.0506727
FixedParameters: 0 0 0

#Transform 176
Transform: AffineTransform_float_3_3
Parameters: 0.999758 -0.0155603 -0.015505 0.0157217 0.999822 0.0103617 0.01534 -0.0106033 0.999826 0.65288 -0.480559 -0.338545
FixedParameters: 0 0 0

#Transform 177
Transform: AffineTransform_float_3_3
Parameters: 0.999864 -0.0103054 -0.0129155 0.0104786 0.999854 0.0134505 0.0127745 -0.0135835 0.999826 0.406787 -0.643852 -0.213769
FixedParameters: 0 0 0

#Transform 178
Transform: AffineTransform_float_3_3
Parameters: 0.999755 -0.0152717 -0.0159834 0.0154043 0.999848 0.00824981 0.0158546 -0.00849421 0.999838 0.702033 -0.538632 -0.377784
FixedParameters: 0 0 0

#Transform 179
Transform: AffineTransform_float_3_3
Parameters: 0.999839 -0.0118738 -0.0134073 0.0120591 0.999832 0.0138135 0.0132407 -0.0139735 0.999814 0.492569 -0.658147 -0.0854353
FixedParameters: 0 0 0

#Transform 180
Transform: AffineTransform_float_3_3
Parameters: 0.999868 -0.0103973 -0.0124842 0.0105607 0.999858 0.0131229 0.0123458 -0.0132531 0.999836 0.420274 -0.566793 -0.152396
FixedParameters: 0 0 0

#Transform 181
Transform: AffineTransform_float_3_3
Parameters: 0.999867 -0.0104996 -0.0125358 0.0106844 0.999835 0.014736 0.0123782 -0.014868 0.999813 0.407357 -0.708085 -0.0975863
FixedParameters: 0 0 0

#Transform 182
Transform: AffineTransform_float_3_3
Parameters: 0.999871 -0.0102412 -0.0124198 0.0104188 0.999843 0.0143345 0.0122703 -0.0144625 0.99982 0.399447 -0.645919 -0.161034
FixedParameters: 0 0 0

#Transform 183
Transform: AffineTransform_float_3_3
Parameters: 0.99987 -0.0101193 -0.0125373 0.0102977 0.999845 0.0142687 0.0123907 -0.0143963 0.999819 0.399981 -0.627241 -0.157594
FixedParameters: 0 0 0

#Transform 184
Transform: AffineTransform_float_3_3
Parameters: 0.999876 -0.00993203 -0.0122014 0.010114 0.999837 0.0149444 0.0120506 -0.0150656 0.999814 0.422092 -0.640686 -0.11316
FixedParameters: 0 0 0

#Transform 185
Transform: AffineTransform_float_3_3
Parameters: 0.999879 -0.00993212 -0.0119877 0.0101229 0.999821 0.0159686 0.0118272 -0.0160884 0.9998 0.469216 -0.74919 0.368692
FixedParameters: 0 0 0

#Transform 186
Transform: AffineTransform_float_3_3
Parameters: 0.999928 -0.0105412 -0.00573643 0.0106398 0.999794 0.0172892 0.00555356 -0.0173488 0.999834 0.548543 -0.807143 1.94735
FixedParameters: 0 0 0

#Transform 187
Transform: AffineTransform_float_3_3
Parameters: 0.999934 -0.00996214 -0.00574938 0.0100529 0.999822 0.0159963 0.00558861 -0.0160537 0.999855 0.389949 -0.634176 1.33997
FixedParameters: 0 0 0

#Transform 188
Transform: AffineTransform_float_3_3
Parameters: 0.999913 -0.0103537 -0.00816804 0.0104553 0.999868 0.0124557 0.00803795 -0.0125403 0.999889 0.404601 -0.513298 1.13634
FixedParameters: 0 0 0

#Transform 189
Transform: AffineTransform_float_3_3
Parameters: 0.999913 -0.0104166 -0.00800407 0.0105254 0.999852 0.0136209 0.00786092 -0.0137041 0.999875 0.422879 -0.601916 1.33587
FixedParameters: 0 0 0

#Transform 190
Transform: AffineTransform_float_3_3
