#Insight Transform File V1.0
#Transform 0
Transform: AffineTransform_float_3_3
Parameters: 0.999978 0.00640231 0.00202519 -0.0064027 0.99998 0.000336041 -0.00202281 -0.000348959 0.999998 -0.461599 0.0133702 0.317702
FixedParameters: 0 0 0

#Transform 1
Transform: AffineTransform_float_3_3
Parameters: 0.999952 0.00980218 0.000466845 -0.00980082 0.999949 -0.00246669 -0.000490158 0.00246231 0.999997 -0.61546 0.235998 -0.0493991
FixedParameters: 0 0 0

#Transform 2
Transform: AffineTransform_float_3_3
Parameters: 0.999998 0.00219812 -0.000267059 -0.00219789 0.999998 0.000428588 0.000267942 -0.000428412 1 -0.0542722 -0.0363351 0.586477
FixedParameters: 0 0 0

#Transform 3
Transform: AffineTransform_float_3_3
Parameters: 0.999998 0.000694379 -0.00151637 -0.00069262 1 0.000910052 0.00151763 -0.000908948 0.999999 0.0754577 0.0215835 0.738573
FixedParameters: 0 0 0

#Transform 4
Transform: AffineTransform_float_3_3
Parameters: 0.999999 0.000210626 -0.0013259 -0.000209375 1 0.000471278 0.0013261 -0.000471721 0.999999 0.100013 0.111541 0.711612
FixedParameters: 0 0 0

#Transform 5
Transform: AffineTransform_float_3_3
Parameters: 1 0.000387047 -0.000585968 -0.000386952 1 8.12267e-05 0.000586031 -8.07732e-05 1 0.0396558 0.122999 0.451818
FixedParameters: 0 0 0

#Transform 6
Transform: AffineTransform_float_3_3
Parameters: 1 0.000994097 0.000384751 -0.000993905 1 -0.000250383 -0.000385248 0.000249617 1 -0.0158078 0.0952723 0.0997466
FixedParameters: 0 0 0

#Transform 7
Transform: AffineTransform_float_3_3
Parameters: 0.999997 0.00248139 -0.000394334 -0.0024796 0.999991 0.00349399 0.000403665 -0.00349301 0.999994 -0.0852027 -0.0525288 0.490366
FixedParameters: 0 0 0

#Transform 8
Transform: AffineTransform_float_3_3
Parameters: 0.999993 0.00299505 0.00195514 -0.00300095 0.999991 0.00304615 -0.00194586 -0.00305185 0.999994 -0.176146 -0.0612608 0.494049
FixedParameters: 0 0 0

#Transform 9
Transform: AffineTransform_float_3_3
Parameters: 0.999997 0.00206871 0.0016793 -0.00207329 0.999994 0.00255753 -0.0016737 -0.00256147 0.999996 -0.155532 0.0118098 0.361348
FixedParameters: 0 0 0

#Transform 10
Transform: AffineTransform_float_3_3
Parameters: 0.999998 0.00152284 0.00124964 -0.00152516 0.999998 0.0017311 -0.00124636 -0.0017329 0.999997 -0.107825 -0.00087162 0.351502
FixedParameters: 0 0 0

#Transform 11
Transform: AffineTransform_float_3_3
Parameters: 0.999998 0.00189022 0.0012577 -0.00189378 0.999993 0.00301162 -0.0012523 -0.00301437 0.999994 -0.117233 -0.0459846 0.408951
FixedParameters: 0 0 0

#Transform 12
Transform: AffineTransform_float_3_3
Parameters: 0.999998 0.00152267 0.00145244 -0.00152533 0.999997 0.00160279 -0.00145055 -0.00160521 0.999997 -0.127056 0.0351419 0.139357
FixedParameters: 0 0 0

#Transform 13
Transform: AffineTransform_float_3_3
Parameters: 0.999999 0.000987012 0.00095702 -0.000987988 0.999999 0.00103206 -0.000955981 -0.00103294 0.999999 -0.0964901 0.0126164 0.261701
FixedParameters: 0 0 0

#Transform 14
Transform: AffineTransform_float_3_3
Parameters: 0.999999 0.00104852 0.000753058 -0.00104947 0.999997 0.00196121 -0.000750943 -0.00196179 0.999998 -0.0567213 -0.0141701 0.343124
FixedParameters: 0 0 0

#Transform 15
Transform: AffineTransform_float_3_3
Parameters: 0.999999 0.00104862 0.000664177 -0.00104938 0.999998 0.0020743 -0.000661824 -0.0020757 0.999997 -0.0479299 0.00523984 0.3742
FixedParameters: 0 0 0

#Transform 16
Transform: AffineTransform_float_3_3
Parameters: 1 0.00104881 0.00049154 -0.00104919 0.999996 0.00242048 -0.000489462 -0.00242051 0.999997 -0.0430417 0.00248748 0.313562
FixedParameters: 0 0 0

#Transform 17
Transform: AffineTransform_float_3_3
Parameters: 0.999999 0.000379093 0.000741464 -0.000379907 0.999999 0.00122372 -0.000740536 -0.00122328 0.999999 -0.0232758 0.00970934 0.111299
FixedParameters: 0 0 0

#Transform 18
Transform: AffineTransform_float_3_3
Parameters: 0.999999 0.000508653 0.0011376 -0.000510348 0.999999 0.00118442 -0.0011374 -0.00118458 0.999998 -0.0519021 -0.00255934 0.141136
FixedParameters: 0 0 0

#Transform 19
Transform: AffineTransform_float_3_3
Parameters: 1 0.000379144 0.000843386 -0.000379856 1 0.00101468 -0.000842615 -0.00101532 0.999999 -0.0284359 0.00269673 0.0896698
FixedParameters: 0 0 0

#Transform 20
Transform: AffineTransform_float_3_3
Parameters: 1 -3.29955e-05 0.000408 3.30045e-05 1 -1.09865e-05 -0.000408 1.10135e-05 1 -0.0121572 -0.0131062 0.032093
FixedParameters: 0 0 0

#Transform 21
Transform: AffineTransform_float_3_3
Parameters: 1 -0.000437416 -0.000944809 0.000436585 1 -0.000439413 0.000945193 0.000439587 1 0.13769 0.0406302 0.04752
FixedParameters: 0 0 0

#Transform 22
Transform: AffineTransform_float_3_3
Parameters: 1 -0.000436346 -0.000943304 0.000436655 0.999999 0.000693588 0.000943698 -0.000693412 1 0.160405 0.0250358 0.0860524
FixedParameters: 0 0 0

#Transform 23
Transform: AffineTransform_float_3_3
Parameters: 1 0.000406074 -0.000235872 -0.000405926 1 0.000315096 0.000236128 -0.000314904 1 0.10567 0.0241392 -0.0591183
FixedParameters: 0 0 0

#Transform 24
Transform: AffineTransform_float_3_3
Parameters: 0.999999 0.000815257 -0.00018889 -0.000814742 0.999998 0.00136115 0.000190109 -0.00136085 0.999999 0.0580959 -0.00824849 0.0182516
FixedParameters: 0 0 0

#Transform 25
Transform: AffineTransform_float_3_3
Parameters: 1 0.00113621 -0.000346311 -0.00113679 0.999999 0.000606394 0.00034669 -0.000606606 1 0.0373269 0.0578879 -0.00555621
FixedParameters: 0 0 0

#Transform 26
Transform: AffineTransform_float_3_3
Parameters: 0.999999 0.00145883 -0.000552825 -0.00145817 0.999998 0.00149181 0.000554175 -0.00149119 0.999998 0.0208756 -0.00508475 0.0633096
FixedParameters: 0 0 0

#Transform 27
Transform: AffineTransform_float_3_3
Parameters: 0.999999 0.00157096 -0.000893068 -0.00157104 0.999999 -4.2597e-05 0.000892933 4.34028e-05 0.999999 0.00579083 0.0929064 -0.117806
FixedParameters: 0 0 0

#Transform 28
Transform: AffineTransform_float_3_3
Parameters: 0.999999 0.0014588 -0.000513731 -0.0014582 0.999997 0.00155575 0.000516269 -0.00155525 0.999998 -0.0430106 -0.0183778 -0.0131691
FixedParameters: 0 0 0

#Transform 29
Transform: AffineTransform_float_3_3
Parameters: 0.999999 0.00120026 -0.000593473 -0.00119974 0.999999 0.000439712 0.000594527 -0.000439287 0.999999 -0.00899058 0.0390857 -0.0984751
FixedParameters: 0 0 0

#Transform 30
Transform: AffineTransform_float_3_3
Parameters: 1 0.00105482 -0.000512317 -0.00105418 0.999998 0.00159654 0.000513684 -0.00159646 0.999998 -0.0376618 -0.00303414 -0.0583436
FixedParameters: 0 0 0

#Transform 31
Transform: AffineTransform_float_3_3
Parameters: 1 0.00105404 -0.000104627 -0.00105396 1 0.000354111 0.000105373 -0.000353889 1 -0.0499506 0.0348594 -0.21009
FixedParameters: 0 0 0

#Transform 32
Transform: AffineTransform_float_3_3
Parameters: 1 0.00105395 -0.000574092 -0.00105405 1 -8.7395e-05 0.000573908 8.7605e-05 1 -0.0219556 0.0293524 -0.156347
FixedParameters: 0 0 0

#Transform 33
Transform: AffineTransform_float_3_3
Parameters: 1 0.00105391 -0.000574165 -0.00105409 1 -0.000156395 0.000573835 0.000156605 1 -0.0356443 0.0504525 -0.168574
FixedParameters: 0 0 0

#Transform 34
Transform: AffineTransform_float_3_3
Parameters: 0.999999 0.00105264 -0.00104737 -0.00105436 0.999998 -0.0012959 0.00104563 0.0012971 0.999998 -0.0211992 0.0102029 -0.311409
FixedParameters: 0 0 0

#Transform 35
Transform: AffineTransform_float_3_3
Parameters: 0.999999 0.000850545 -0.00162876 -0.000851457 0.999999 -0.000893615 0.00162824 0.000894387 0.999999 0.0182069 0.0411907 -0.235362
FixedParameters: 0 0 0

#Transform 36
Transform: AffineTransform_float_3_3
Parameters: 0.999998 0.00105215 -0.00207294 -0.00105385 0.999999 -0.000892818 0.00207106 0.000895182 0.999998 0.0690623 0.0635423 -0.139063
FixedParameters: 0 0 0

#Transform 37
Transform: AffineTransform_float_3_3
Parameters: 0.999998 0.000857157 -0.00215374 -0.000858844 1 -0.000855153 0.00215327 0.000856848 0.999998 0.109945 0.0617659 0.13792
FixedParameters: 0 0 0

#Transform 38
Transform: AffineTransform_float_3_3
Parameters: 0.999997 0.0013892 -0.00207321 -0.0013908 0.999998 -0.000867119 0.00207179 0.000869881 0.999998 0.0829836 0.126428 0.0755452
FixedParameters: 0 0 0

#Transform 39
Transform: AffineTransform_float_3_3
Parameters: 0.999997 0.00122837 -0.00207119 -0.00122663 0.999999 0.000662542 0.00207181 -0.000659457 0.999997 0.10278 0.00725993 -0.0443198
FixedParameters: 0 0 0

#Transform 40
Transform: AffineTransform_float_3_3
Parameters: 0.999997 0.00249474 -0.000167956 -0.00249426 0.999995 -0.00158559 0.000164044 0.00158641 0.999998 0.013439 -0.10482 -0.34529
FixedParameters: 0 0 0

#Transform 41
Transform: AffineTransform_float_3_3
Parameters: 0.999991 0.0038443 0.00169101 -0.0038387 0.999987 -0.00312452 -0.00170299 0.00311848 0.999993 -0.0610177 -0.343612 -0.590705
FixedParameters: 0 0 0

#Transform 42
Transform: AffineTransform_float_3_3
Parameters: 0.999998 0.00145719 0.00170997 -0.00146281 0.999993 0.00340151 -0.00170503 -0.00340349 0.999993 -0.0754393 -0.354242 -0.613253
FixedParameters: 0 0 0

#Transform 43
Transform: AffineTransform_float_3_3
Parameters: 0.999998 0.00182566 0.00135885 -0.00182934 0.999993 0.00319852 -0.00135215 -0.00320148 0.999994 -0.108364 -0.302371 -0.52894
FixedParameters: 0 0 0

#Transform 44
Transform: AffineTransform_float_3_3
Parameters: 0.999999 0.00183028 -7.32375e-05 -0.00182972 0.999992 0.00369514 8.07613e-05 -0.00369486 0.999993 -0.122608 -0.288097 -0.398723
FixedParameters: 0 0 0

#Transform 45
Transform: AffineTransform_float_3_3
Parameters: 0.999995 0.00320332 0.000156534 -0.00320368 0.999984 0.00453652 -0.000142466 -0.00453748 0.999989 -0.236032 -0.266248 -0.348915
FixedParameters: 0 0 0

#Transform 46
Transform: AffineTransform_float_3_3
Parameters: 0.999995 0.00314619 0.000327865 -0.00314681 0.999992 0.00249898 -0.000320135 -0.00250002 0.999997 -0.200855 -0.166124 -0.390882
FixedParameters: 0 0 0

#Transform 47
Transform: AffineTransform_float_3_3
Parameters: 0.999994 0.00355842 0.000702068 -0.00355958 0.999991 0.00226552 -0.000693932 -0.00226848 0.999997 -0.263653 -0.200817 -0.371173
FixedParameters: 0 0 0

#Transform 48
Transform: AffineTransform_float_3_3
Parameters: 0.999992 0.00379958 0.000492268 -0.00380042 0.999993 0.000859136 -0.000489732 -0.000860868 1 -0.240764 -0.11293 -0.433588
FixedParameters: 0 0 0

#Transform 49
Transform: AffineTransform_float_3_3
Parameters: 0.999994 0.00357169 0.000588995 -0.00357331 0.999991 0.00223691 -0.000581005 -0.00223909 0.999998 -0.249898 -0.208953 -0.262413
FixedParameters: 0 0 0

#Transform 50
Transform: AffineTransform_float_3_3
Parameters: 0.999995 0.00328904 0.000811894 -0.00328996 0.999994 0.00118234 -0.000808108 -0.00118466 0.999999 -0.199051 -0.0882364 -0.237632
FixedParameters: 0 0 0

#Transform 51
Transform: AffineTransform_float_3_3
Parameters: 0.999996 0.00302219 0.000534616 -0.00302282 0.999995 0.00152639 -0.000530382 -0.00152861 0.999998 -0.175552 -0.165347 -0.131559
FixedParameters: 0 0 0

#Transform 52
Transform: AffineTransform_float_3_3
Parameters: 0.999995 0.00314658 0.000318171 -0.00314742 0.999994 0.00132501 -0.000313828 -0.00132599 0.999999 -0.122764 -0.0816299 -0.164814
FixedParameters: 0 0 0

#Transform 53
Transform: AffineTransform_float_3_3
Parameters: 0.999996 0.00286479 7.44225e-05 -0.0028642 0.999991 0.0029398 -6.55792e-05 -0.0029402 0.999995 -0.129665 -0.175282 0.0704367
FixedParameters: 0 0 0

#Transform 54
Transform: AffineTransform_float_3_3
Parameters: 0.999995 0.00314687 6.02283e-05 -0.00314713 0.999993 0.00229682 -5.27709e-05 -0.00229718 0.999998 -0.149105 -0.111018 0.0322215
FixedParameters: 0 0 0

#Transform 55
Transform: AffineTransform_float_3_3
Parameters: 0.999997 0.00272787 -0.000206877 -0.00272713 0.999988 0.00407858 0.000218125 -0.00407842 0.999991 -0.12312 -0.168459 0.0777929
FixedParameters: 0 0 0

#Transform 56
Transform: AffineTransform_float_3_3
Parameters: 0.999996 0.00274996 -0.000242306 -0.00274903 0.999988 0.00388968 0.000253692 -0.00388832 0.999993 -0.120661 -0.159193 0.0169213
FixedParameters: 0 0 0

#Transform 57
Transform: AffineTransform_float_3_3
Parameters: 0.999996 0.00277375 -0.000407244 -0.00277225 0.999987 0.00424015 0.000418757 -0.00423886 0.999991 -0.118587 -0.169777 0.0706039
FixedParameters: 0 0 0

#Transform 58
Transform: AffineTransform_float_3_3
Parameters: 0.999996 0.00272005 -0.000674826 -0.00271696 0.999987 0.00447885 0.000686174 -0.00447715 0.999989 -0.121094 -0.176925 0.0804953
FixedParameters: 0 0 0

#Transform 59
Transform: AffineTransform_float_3_3
Parameters: 0.999996 0.00307932 -8.05204e-05 -0.00307968 0.999989 0.00372827 9.24844e-05 -0.00372873 0.999993 -0.143917 -0.145755 0.154635
FixedParameters: 0 0 0

#Transform 60
Transform: AffineTransform_float_3_3
Parameters: 0.999998 0.00227367 -0.000153418 -0.00227333 0.999988 0.00421536 0.000163583 -0.00421464 0.999991 -0.101225 -0.149617 0.227568
FixedParameters: 0 0 0

#Transform 61
Transform: AffineTransform_float_3_3
Parameters: 0.999999 0.00150061 -0.000401039 -0.00149839 0.999991 0.00397461 0.000406959 -0.00397439 0.999992 -0.0542704 -0.118334 0.14724
FixedParameters: 0 0 0

#Transform 62
Transform: AffineTransform_float_3_3
Parameters: 0.999999 0.00173509 -0.000679157 -0.00173191 0.999989 0.00452519 0.000686843 -0.00452382 0.99999 -0.0423535 -0.196889 0.192656
FixedParameters: 0 0 0

#Transform 63
Transform: AffineTransform_float_3_3
Parameters: 0.999999 0.0018369 3.17287e-05 -0.0018371 0.999991 0.00366295 -2.42708e-05 -0.00366305 0.999994 -0.0558621 -0.104276 0.00136295
FixedParameters: 0 0 0

#Transform 64
Transform: AffineTransform_float_3_3
Parameters: 0.999999 0.00140851 -0.000455348 -0.00140649 0.999994 0.00330465 0.000460651 -0.00330436 0.999995 -0.038758 -0.186679 -0.0898212
FixedParameters: 0 0 0

#Transform 65
Transform: AffineTransform_float_3_3
Parameters: 0.999999 0.00134299 0.000655075 -0.00134401 0.999998 0.00154412 -0.000652925 -0.00154488 0.999998 -0.0562192 -0.0979265 -0.268535
FixedParameters: 0 0 0

#Transform 66
Transform: AffineTransform_float_3_3
Parameters: 0.999999 0.001106 0.000573926 -0.001107 0.999998 0.00174037 -0.000572074 -0.00174163 0.999999 -0.0462594 -0.113177 -0.189301
FixedParameters: 0 0 0

#Transform 67
Transform: AffineTransform_float_3_3
Parameters: 0.999999 0.000784587 0.000136397 -0.000785415 0.999995 0.00305389 -0.000134602 -0.00305411 0.999996 -0.0433435 -0.193079 -0.0658035
FixedParameters: 0 0 0

#Transform 68
Transform: AffineTransform_float_3_3
Parameters: 0.999999 0.000964644 0.000136533 -0.000964356 0.999996 0.00262587 -0.000134468 -0.00262613 0.999996 -0.0415789 -0.134161 -0.0891236
FixedParameters: 0 0 0

#Transform 69
Transform: AffineTransform_float_3_3
Parameters: 0.999999 0.000964469 0.000137764 -0.000964531 0.999992 0.00390187 -0.000134237 -0.00390213 0.999993 -0.0471919 -0.18258 -0.00908793
FixedParameters: 0 0 0

#Transform 70
Transform: AffineTransform_float_3_3
Parameters: 1 0.00102083 -0.000285063 -0.00102018 0.999996 0.00287829 0.000287937 -0.00287771 0.999996 -0.0297811 -0.113739 -0.101533
FixedParameters: 0 0 0

#Transform 71
Transform: AffineTransform_float_3_3
Parameters: 1 0.00121636 -8.60002e-05 -0.00121664 0.999991 0.00411111 9.10023e-05 -0.00411089 0.999991 -0.0528647 -0.175109 0.0303167
FixedParameters: 0 0 0

#Transform 72
Transform: AffineTransform_float_3_3
Parameters: 0.999999 0.000943551 0.000120565 -0.00094445 0.999993 0.00377689 -0.000117434 -0.00377711 0.999993 -0.0432555 -0.163039 -0.0379977
FixedParameters: 0 0 0

#Transform 73
Transform: AffineTransform_float_3_3
Parameters: 0.999999 0.00109019 -4.01403e-05 -0.00108981 0.99999 0.00445805 4.48588e-05 -0.00445796 0.99999 -0.0789784 -0.203943 0.0226922
FixedParameters: 0 0 0

#Transform 74
Transform: AffineTransform_float_3_3
Parameters: 0.999999 0.00172453 0.000418962 -0.00172448 0.999998 0.00113728 -0.000417039 -0.00113772 1 -0.133935 -0.0955846 -0.257519
FixedParameters: 0 0 0

#Transform 75
Transform: AffineTransform_float_3_3
Parameters: 0.999999 0.00155897 9.75283e-05 -0.00155903 0.999998 0.000338848 -9.64713e-05 -0.000339151 1 -0.0899508 -0.0709252 -0.197783
FixedParameters: 0 0 0

#Transform 76
Transform: AffineTransform_float_3_3
Parameters: 0.999999 0.000709396 -0.000129852 -0.000708603 0.999995 0.00302909 0.000132147 -0.00302891 0.999996 -0.047007 -0.161014 0.000633243
FixedParameters: 0 0 0

#Transform 77
Transform: AffineTransform_float_3_3
Parameters: 0.999999 0.000336722 -0.000773253 -0.000335277 0.999998 0.00222526 0.000774748 -0.00222574 0.999997 0.0225753 -0.0936877 -0.0548746
FixedParameters: 0 0 0

#Transform 78
Transform: AffineTransform_float_3_3
Parameters: 1 0.000445754 -0.000486398 -0.000444247 0.999994 0.00360122 0.000487603 -0.00360079 0.999994 -0.0233328 -0.176864 0.037921
FixedParameters: 0 0 0

#Transform 79
Transform: AffineTransform_float_3_3
Parameters: 0.999999 0.000336951 -0.000633967 -0.000335049 0.999995 0.00307521 0.000635033 -0.00307479 0.999995 -0.0060053 -0.104921 0.00173279
FixedParameters: 0 0 0

#Transform 80
Transform: AffineTransform_float_3_3
Parameters: 0.999998 0.00160599 0.000310575 -0.00160801 0.999977 0.00658051 -0.000300425 -0.00658049 0.999979 -0.102536 -0.249494 -0.213468
FixedParameters: 0 0 0

#Transform 81
Transform: AffineTransform_float_3_3
Parameters: 0.999999 0.000855383 0.000301752 -0.000855616 0.999997 0.00204774 -0.000300248 -0.00204826 0.999998 -0.0649498 -0.119208 -0.295916
FixedParameters: 0 0 0

#Transform 82
Transform: AffineTransform_float_3_3
Parameters: 1 0.000597054 0.000301878 -0.000597946 0.999995 0.00314282 -0.000300122 -0.00314318 0.999995 -0.0615771 -0.157489 -0.267194
FixedParameters: 0 0 0

#Transform 83
Transform: AffineTransform_float_3_3
Parameters: 1 0.000598338 -9.07993e-05 -0.000597661 0.999993 0.00367906 9.31994e-05 -0.00367895 0.999993 -0.0380905 -0.183896 -0.178157
FixedParameters: 0 0 0

#Transform 84
Transform: AffineTransform_float_3_3
Parameters: 0.999999 0.00059654 0.00064136 -0.000597458 0.999997 0.00227762 -0.00063964 -0.00227838 0.999997 -0.0368445 -0.140805 -0.315112
FixedParameters: 0 0 0

#Transform 85
Transform: AffineTransform_float_3_3
Parameters: 0.999999 0.000286326 0.000922521 -0.000287674 0.999999 0.00181574 -0.000921479 -0.00181527 0.999998 -0.0480139 -0.181778 -0.26983
FixedParameters: 0 0 0

#Transform 86
Transform: AffineTransform_float_3_3
Parameters: 1 0.000413325 0.00106665 -0.000414674 0.999998 0.00157056 -0.00106535 -0.00157144 0.999998 -0.0241415 -0.238494 -0.338399
FixedParameters: 0 0 0

#Transform 87
Transform: AffineTransform_float_3_3
Parameters: 1 0.000395827 0.00105382 -0.000398174 0.999998 0.00206358 -0.00105318 -0.00206342 0.999998 -0.0388056 -0.173145 -0.257578
FixedParameters: 0 0 0

#Transform 88
Transform: AffineTransform_float_3_3
Parameters: 0.999999 0.000189786 0.000883478 -0.000191215 0.999997 0.00250583 -0.000883524 -0.00250617 0.999997 -0.0101539 -0.173843 -0.186894
FixedParameters: 0 0 0

#Transform 89
Transform: AffineTransform_float_3_3
Parameters: 0.999999 0.000356331 0.000735299 -0.000358668 0.999994 0.00363274 -0.000733702 -0.00363326 0.999993 -0.0199311 -0.213929 -0.108452
FixedParameters: 0 0 0

#Transform 90
Transform: AffineTransform_float_3_3
Parameters: 0.999999 0.000381093 0.000710027 -0.000382907 0.999997 0.00268773 -0.000708973 -0.00268827 0.999996 -0.0329791 -0.140529 -0.172804
FixedParameters: 0 0 0

#Transform 91
Transform: AffineTransform_float_3_3
Parameters: 1 0.000369282 0.00019735 -0.000370721 0.999994 0.00365293 -0.000196647 -0.00365208 0.999994 -0.00215817 -0.217249 -0.103009
FixedParameters: 0 0 0

#Transform 92
Transform: AffineTransform_float_3_3
Parameters: 1 0.000368864 0.000411022 -0.000370136 0.999996 0.00276685 -0.000409977 -0.00276715 0.999996 0.00786476 -0.14759 -0.102088
FixedParameters: 0 0 0

#Transform 93
Transform: AffineTransform_float_3_3
Parameters: 1 -0.000119811 0.000195505 0.000119187 0.999992 0.00414403 -0.000196496 -0.00414398 0.999992 0.0340376 -0.212617 0.00557858
FixedParameters: 0 0 0

#Transform 94
Transform: AffineTransform_float_3_3
Parameters: 1 4.96374e-05 0.00048914 -5.13622e-05 0.999996 0.00278598 -0.000488859 -0.00278602 0.999996 0.0430715 -0.135054 -0.0617093
FixedParameters: 0 0 0

#Transform 95
Transform: AffineTransform_float_3_3
Parameters: 1 0.000124986 0.000255499 -0.000126012 0.999992 0.00397397 -0.000254501 -0.00397403 0.999992 0.0328479 -0.200642 0.0714487
FixedParameters: 0 0 0

#Transform 96
Transform: AffineTransform_float_3_3
Parameters: 1 -4.55169e-05 0.000195881 4.54828e-05 0.999996 0.00263801 -0.000196121 -0.00263799 0.999996 0.0368959 -0.11508 -0.0485294
FixedParameters: 0 0 0

#Transform 97
Transform: AffineTransform_float_3_3
Parameters: 1 0.000157282 0.000196576 -0.000158719 0.999994 0.00365597 -0.000196421 -0.00365603 0.999994 0.0214055 -0.19868 0.0490599
FixedParameters: 0 0 0

#Transform 98
Transform: AffineTransform_float_3_3
Parameters: 1 -4.53484e-05 0.000113862 4.46512e-05 0.999996 0.00305801 -0.000114137 -0.003058 0.999996 0.0229727 -0.162802 0.0406826
FixedParameters: 0 0 0

#Transform 99
Transform: AffineTransform_float_3_3
Parameters: 1 0.00011447 0.000178341 -0.000115528 0.999995 0.00297198 -0.000177657 -0.00297202 0.999995 0.0463637 -0.142902 0.165093
FixedParameters: 0 0 0

#Transform 100
Transform: AffineTransform_float_3_3
Parameters: 1 0.000188944 2.15008e-05 -0.000189058 0.999997 0.00265 -2.14991e-05 -0.00265 0.999996 0.0564725 -0.127544 0.212818
FixedParameters: 0 0 0

#Transform 101
Transform: AffineTransform_float_3_3
Parameters: 1 -4.59749e-05 0.000350874 4.50275e-05 0.999996 0.00277802 -0.000350126 -0.00277798 0.999996 0.0131804 -0.127459 0.292743
FixedParameters: 0 0 0

#Transform 102
Transform: AffineTransform_float_3_3
Parameters: 1 0.00037248 0.000596951 -0.00037452 0.999996 0.00254778 -0.000596048 -0.00254722 0.999996 -0.000271447 -0.10524 0.116871
FixedParameters: 0 0 0

#Transform 103
Transform: AffineTransform_float_3_3
Parameters: 1 0.000360135 0.000597129 -0.000361865 0.999995 0.00312678 -0.000595871 -0.00312622 0.999995 -0.020046 -0.140279 0.150444
FixedParameters: 0 0 0

#Transform 104
Transform: AffineTransform_float_3_3
Parameters: 1 -5.11256e-05 0.000595822 4.88737e-05 0.999993 0.00356703 -0.000596178 -0.00356697 0.999994 0.0213928 -0.153345 -0.0112752
FixedParameters: 0 0 0

#Transform 105
Transform: AffineTransform_float_3_3
Parameters: 1 -0.000220235 0.000147651 0.000220766 0.999998 0.00158703 -0.00014735 -0.00158697 0.999998 0.0647908 -0.0586406 -0.324292
FixedParameters: 0 0 0

#Transform 106
Transform: AffineTransform_float_3_3
Parameters: 1 0.000408927 2.2386e-05 -0.000409076 0.999994 0.00338899 -2.16138e-05 -0.00338901 0.999995 0.0224033 -0.189886 -0.0247923
FixedParameters: 0 0 0

#Transform 107
Transform: AffineTransform_float_3_3
Parameters: 1 8.68791e-05 2.14947e-05 -8.71238e-05 0.999984 0.00569 -2.15046e-05 -0.00569 0.999984 0.0704692 -0.200612 0.238898
FixedParameters: 0 0 0

#Transform 108
Transform: AffineTransform_float_3_3
Parameters: 0.999999 -0.00105232 -0.000694028 0.00105368 0.999999 0.00097627 0.000692971 -0.00097773 1 0.16372 -0.0383618 -0.209124
FixedParameters: 0 0 0

#Transform 109
Transform: AffineTransform_float_3_3
Parameters: 0.999998 -0.000630638 -0.00145843 0.000626362 0.999996 -0.00249392 0.00145957 0.00249308 0.999996 0.240714 0.0437866 -0.621183
FixedParameters: 0 0 0

#Transform 110
Transform: AffineTransform_float_3_3
Parameters: 1 -0.000627087 -5.70444e-05 0.000626912 0.999998 -0.00152404 5.79554e-05 0.00152396 0.999999 0.147796 -0.106677 -0.68006
FixedParameters: 0 0 0

#Transform 111
Transform: AffineTransform_float_3_3
Parameters: 0.999999 -0.000626604 0.000457542 0.000626396 1 -0.000865714 -0.000456457 0.000866286 0.999999 0.101403 -0.114369 -0.514102
FixedParameters: 0 0 0

#Transform 112
Transform: AffineTransform_float_3_3
Parameters: 1 -0.000626798 0.000157805 0.000626202 0.999999 -0.0012839 -0.000157196 0.0012841 0.999999 0.126491 -0.0261239 -0.54116
FixedParameters: 0 0 0

#Transform 113
Transform: AffineTransform_float_3_3
Parameters: 1 -0.00047905 -5.75851e-05 0.00047895 0.999999 -0.000866027 5.74148e-05 0.000865972 0.999999 0.0903988 -0.0703957 -0.480614
FixedParameters: 0 0 0

#Transform 114
Transform: AffineTransform_float_3_3
Parameters: 0.999999 -0.000459309 0.000714445 0.000459691 1 -0.000967673 -0.000713556 0.000967329 1 0.0456771 -0.0361435 -0.431009
FixedParameters: 0 0 0

#Transform 115
Transform: AffineTransform_float_3_3
Parameters: 1 -0.000984755 0.000429564 0.000985247 1 -0.000572577 -0.000429436 0.000572423 0.999999 0.0789308 -0.0570265 -0.403323
FixedParameters: 0 0 0

#Transform 116
Transform: AffineTransform_float_3_3
Parameters: 0.999999 -0.000984962 0.000160226 0.000985036 0.999999 -0.000229842 -0.000159774 0.000229157 1 0.0791016 -0.0828498 -0.434741
FixedParameters: 0 0 0

#Transform 117
Transform: AffineTransform_float_3_3
Parameters: 1 -0.000984409 0.000724805 0.000985592 0.999999 -0.000816287 -0.000724196 0.000816714 1 0.061759 -0.0159973 -0.608138
FixedParameters: 0 0 0

#Transform 118
Transform: AffineTransform_float_3_3
Parameters: 0.999999 -0.000467134 0.00079192 0.000466866 1 0.00016937 -0.000792079 -0.00016963 0.999999 0.0124379 -0.106084 -0.475204
FixedParameters: 0 0 0

#Transform 119
Transform: AffineTransform_float_3_3
Parameters: 0.999999 -0.000401312 0.0012459 0.000400688 1 0.000250499 -0.0012461 -0.0002505 0.999999 -0.00221026 -0.0865473 -0.47205
FixedParameters: 0 0 0

#Transform 120
Transform: AffineTransform_float_3_3
Parameters: 0.999999 -0.000188677 0.00124605 0.000189323 1 -0.000258764 -0.00124595 0.000259235 0.999999 0.00655647 -0.0390168 -0.405505
FixedParameters: 0 0 0

#Transform 121
Transform: AffineTransform_float_3_3
Parameters: 0.999999 -0.000106232 0.00124598 0.000105768 1 0.000186132 -0.00124602 -0.000185868 0.999999 -0.00600695 -0.109562 -0.431087
FixedParameters: 0 0 0

#Transform 122
Transform: AffineTransform_float_3_3
Parameters: 0.999999 -0.000180452 0.00132594 0.000180549 1 0.00034024 -0.00132606 -0.000340761 0.999999 -0.00285863 -0.0865016 -0.424008
FixedParameters: 0 0 0

#Transform 123
Transform: AffineTransform_float_3_3
Parameters: 1 4.51698e-05 0.00102299 -4.48302e-05 1 -0.000166046 -0.00102301 0.000165954 1 0.00423206 -0.0712652 -0.40398
FixedParameters: 0 0 0

#Transform 124
Transform: AffineTransform_float_3_3
Parameters: 0.999999 -1.21642e-06 0.000718999 7.83581e-07 1 0.000301001 -0.000719 -0.000300999 0.999999 0.00871108 -0.111106 -0.401332
FixedParameters: 0 0 0

#Transform 125
Transform: AffineTransform_float_3_3
Parameters: 0.999999 -0.000149524 0.000951918 0.000149476 1 0.000551143 -0.000951082 -0.000550858 1 0.00344721 -0.0929564 -0.430876
FixedParameters: 0 0 0

#Transform 126
Transform: AffineTransform_float_3_3
Parameters: 0.999999 -4.46304e-05 0.000719023 4.43695e-05 1 -0.000513968 -0.000718977 0.000514032 0.999999 -0.00671484 -0.0136805 -0.357902
FixedParameters: 0 0 0

#Transform 127
Transform: AffineTransform_float_3_3
Parameters: 0.999999 -0.00014799 0.000811185 0.00014901 0.999999 -0.00124488 -0.000810815 0.00124512 0.999999 -0.0107667 -0.0594454 -0.413569
FixedParameters: 0 0 0

#Transform 128
Transform: AffineTransform_float_3_3
Parameters: 1 -0.000210973 6.60846e-05 0.000211026 1 -0.000400986 -6.59154e-05 0.000401014 1 0.0292556 -0.0422324 -0.360909
FixedParameters: 0 0 0

#Transform 129
Transform: AffineTransform_float_3_3
Parameters: 0.999999 -0.000567665 0.000424447 0.000568334 0.999999 -0.000787758 -0.000424552 0.000788241 0.999999 0.0381373 0.00185967 -0.353652
FixedParameters: 0 0 0

#Transform 130
Transform: AffineTransform_float_3_3
Parameters: 1 -0.000362206 -0.000131433 0.000362794 0.999998 -0.00156705 0.000131569 0.00156695 0.999999 0.0532795 -0.0339956 -0.490731
FixedParameters: 0 0 0

#Transform 131
Transform: AffineTransform_float_3_3
Parameters: 1 -0.000266862 6.25939e-05 0.00026714 0.999998 -0.00222499 -6.24058e-05 0.00222502 0.999998 0.047855 0.0175171 -0.436627
FixedParameters: 0 0 0

#Transform 132
Transform: AffineTransform_float_3_3
Parameters: 1 -0.000130388 -0.000189734 0.000129611 0.999998 -0.00204502 0.000190265 0.00204497 0.999998 0.0674753 0.00189528 -0.27077
FixedParameters: 0 0 0

#Transform 133
Transform: AffineTransform_float_3_3
Parameters: 1 -2.57143e-05 -0.000630971 2.42857e-05 1 -0.00113202 0.000631028 0.00113198 0.999999 0.0795796 0.00424736 -0.239513
FixedParameters: 0 0 0

#Transform 134
Transform: AffineTransform_float_3_3
Parameters: 1 -2.58581e-05 -0.000630965 2.51418e-05 0.999999 -0.00136002 0.000631035 0.00135998 0.999999 0.0795835 0.00618046 -0.242563
FixedParameters: 0 0 0

#Transform 135
Transform: AffineTransform_float_3_3
Parameters: 0.999999 0.000326332 -0.000762715 -0.000328665 0.999997 -0.00218675 0.000761283 0.00218725 0.999998 0.0512924 0.0309546 -0.211588
FixedParameters: 0 0 0

#Transform 136
Transform: AffineTransform_float_3_3
Parameters: 1 0.000885995 -0.000387308 -0.000887005 0.999996 -0.00260366 0.000384691 0.00260434 0.999996 -0.00304256 0.0536331 -0.330188
FixedParameters: 0 0 0

#Transform 137
Transform: AffineTransform_float_3_3
Parameters: 0.999999 0.00096636 -0.000985611 -0.000968639 0.999998 -0.00166505 0.000983388 0.00166595 0.999998 -0.0240324 0.00048173 -0.240274
FixedParameters: 0 0 0

#Transform 138
Transform: AffineTransform_float_3_3
Parameters: 1 0.000726844 -0.000984855 -0.000728157 0.999999 -0.00117428 0.000984146 0.00117472 0.999999 0.00120396 -0.000709812 -0.182201
FixedParameters: 0 0 0

#Transform 139
Transform: AffineTransform_float_3_3
Parameters: 1 0.000657204 -0.0009852 -0.000659796 0.999998 -0.00182335 0.000983798 0.00182465 0.999998 0.00590659 0.0427105 -0.147634
FixedParameters: 0 0 0

#Transform 140
Transform: AffineTransform_float_3_3
Parameters: 1 0.000888781 -0.000823236 -0.000889218 0.999999 -0.000265268 0.000822764 0.000265731 0.999999 -0.0368371 -0.0396144 -0.114155
FixedParameters: 0 0 0

#Transform 141
Transform: AffineTransform_float_3_3
Parameters: 0.999999 0.000927311 -0.00098465 -0.000927689 1 -0.000700088 0.000983351 0.000700913 1 -0.0545566 0.0284285 -0.146264
FixedParameters: 0 0 0

#Transform 142
Transform: AffineTransform_float_3_3
Parameters: 0.999999 0.000658746 -0.000578288 -0.000659253 0.999999 -0.000437619 0.000577711 0.00043838 0.999999 -0.063367 -0.000226397 -0.23387
FixedParameters: 0 0 0

#Transform 143
Transform: AffineTransform_float_3_3
Parameters: 0.999999 6.96987e-05 -0.000864105 -7.0301e-05 0.999999 -0.00150594 0.000863894 0.00150606 0.999998 0.00319445 0.0174049 -0.405567
FixedParameters: 0 0 0

#Transform 144
Transform: AffineTransform_float_3_3
Parameters: 0.999999 -0.000275228 -0.000983657 0.000274774 0.999999 -0.00124727 0.000983343 0.00124773 0.999998 0.0520829 -0.00444203 -0.315337
FixedParameters: 0 0 0

#Transform 145
Transform: AffineTransform_float_3_3
Parameters: 0.999999 -0.000355715 -0.000870116 0.000355285 1 0.000327691 0.000869883 -0.000327309 0.999999 0.0492288 -0.0957733 -0.207137
FixedParameters: 0 0 0

#Transform 146
Transform: AffineTransform_float_3_3
Parameters: 1 -0.000355431 -0.000984206 0.000355569 1 0.00057765 0.000983795 -0.00057835 1 0.0672203 -0.0896577 -0.201415
FixedParameters: 0 0 0

#Transform 147
Transform: AffineTransform_float_3_3
Parameters: 1 -0.000416643 -0.000540275 0.000416356 0.999999 0.000659775 0.000539725 -0.000660225 0.999999 0.090945 -0.0702092 -0.196101
FixedParameters: 0 0 0

#Transform 148
Transform: AffineTransform_float_3_3
Parameters: 1 -0.000905428 -0.000734708 0.000906574 1 0.000780335 0.000734293 -0.000780666 1 0.10328 -0.0524923 -0.253602
FixedParameters: 0 0 0

#Transform 149
Transform: AffineTransform_float_3_3
Parameters: 0.999999 -0.000903747 -0.000986069 0.000906252 0.999997 0.00228611 0.00098393 -0.00228789 0.999997 0.110916 -0.14371 -0.174824
FixedParameters: 0 0 0

#Transform 150
Transform: AffineTransform_float_3_3
Parameters: 1 -0.000595864 -0.000984689 0.000596137 0.999999 0.00115441 0.000984313 -0.00115459 0.999999 0.0930953 -0.0332138 -0.242684
FixedParameters: 0 0 0

#Transform 151
Transform: AffineTransform_float_3_3
Parameters: 0.999999 -0.000905574 -0.000303272 0.000906424 0.999998 0.00140473 0.000301727 -0.00140427 0.999999 0.047121 -0.059912 -0.438708
FixedParameters: 0 0 0

#Transform 152
Transform: AffineTransform_float_3_3
Parameters: 1 -0.000297011 -0.000533552 0.000297989 0.999998 0.00185384 0.000533448 -0.00185416 0.999998 0.0545051 -0.141648 -0.311244
FixedParameters: 0 0 0

#Transform 153
Transform: AffineTransform_float_3_3
Parameters: 0.999999 -0.000296967 -0.000706434 0.000298033 0.999999 0.00146179 0.000706565 -0.00146221 0.999998 0.0676575 -0.0875273 -0.165688
FixedParameters: 0 0 0

#Transform 154
Transform: AffineTransform_float_3_3
Parameters: 0.999999 0.000382923 -0.00173992 -0.000378076 0.999996 0.00282966 0.00174108 -0.00282834 0.999994 0.11773 -0.123138 0.32259
FixedParameters: 0 0 0

#Transform 155
Transform: AffineTransform_float_3_3
Parameters: 0.999999 -5.96773e-05 -0.00106013 6.23222e-05 0.999997 0.00219093 0.00105987 -0.00219106 0.999997 0.0721484 -0.118635 0.115921
FixedParameters: 0 0 0

#Transform 156
Transform: AffineTransform_float_3_3
Parameters: 0.999999 0.000162862 -0.00135678 -0.000161139 0.999999 0.00137122 0.00135722 -0.00137178 0.999998 0.0737489 -0.0470662 0.139937
FixedParameters: 0 0 0

#Transform 157
Transform: AffineTransform_float_3_3
Parameters: 0.999999 -3.34157e-05 -0.00137809 3.7584e-05 0.999996 0.00260095 0.00137791 -0.00260105 0.999995 0.082744 -0.116249 0.240482
FixedParameters: 0 0 0

#Transform 158
Transform: AffineTransform_float_3_3
Parameters: 1 -0.000383829 -0.00107714 0.000387173 0.999995 0.00294458 0.00107686 -0.00294541 0.999995 0.0921831 -0.0914969 0.293296
FixedParameters: 0 0 0

#Transform 159
Transform: AffineTransform_float_3_3
Parameters: 0.999999 -0.000635931 -0.00107841 0.000640071 0.999992 0.00377731 0.00107659 -0.00377769 0.999993 0.101865 -0.131152 0.262865
FixedParameters: 0 0 0

#Transform 160
Transform: AffineTransform_float_3_3
Parameters: 0.999999 0.000451719 -0.00114955 -0.00044828 0.999994 0.00323252 0.00115146 -0.00323248 0.999994 0.0571038 -0.0931349 0.230231
FixedParameters: 0 0 0

#Transform 161
Transform: AffineTransform_float_3_3
Parameters: 1 5.19067e-05 -0.00107582 -4.80927e-05 0.999994 0.00363105 0.00107618 -0.00363095 0.999993 0.0359464 -0.136324 0.264632
FixedParameters: 0 0 0

#Transform 162
Transform: AffineTransform_float_3_3
Parameters: 0.999998 -0.000144401 -0.0016126 0.000151601 0.999991 0.00409276 0.00161239 -0.00409324 0.999991 0.0431384 -0.100709 0.35512
FixedParameters: 0 0 0

#Transform 163
Transform: AffineTransform_float_3_3
Parameters: 0.999999 -0.000107337 -0.00145251 0.000113665 0.99999 0.00458784 0.00145249 -0.00458816 0.999989 0.0689682 -0.134103 0.304733
FixedParameters: 0 0 0

#Transform 164
Transform: AffineTransform_float_3_3
Parameters: 0.999998 -0.000599468 -0.00224384 0.000609534 0.999989 0.00469664 0.00224116 -0.00469735 0.999986 0.148104 -0.152496 0.300596
FixedParameters: 0 0 0

#Transform 165
Transform: AffineTransform_float_3_3
Parameters: 0.999998 -0.000806757 -0.00194029 0.000817242 0.999985 0.00528443 0.00193571 -0.00528557 0.999984 0.138724 -0.185769 0.267194
FixedParameters: 0 0 0

#Transform 166
Transform: AffineTransform_float_3_3
Parameters: 0.999998 -0.000774055 -0.00184535 0.000781944 0.999991 0.00430857 0.00184165 -0.00431044 0.999989 0.154119 -0.129372 0.237125
FixedParameters: 0 0 0

#Transform 167
Transform: AffineTransform_float_3_3
Parameters: 0.999997 -0.000664723 -0.00204969 0.000675272 0.999984 0.00550563 0.00204531 -0.00550737 0.999982 0.142939 -0.20986 0.320286
FixedParameters: 0 0 0

#Transform 168
Transform: AffineTransform_float_3_3
Parameters: 0.999997 -0.000843168 -0.0022451 0.000854831 0.999988 0.00482809 0.0022409 -0.0048299 0.999986 0.187619 -0.13072 0.337023
FixedParameters: 0 0 0

#Transform 169
Transform: AffineTransform_float_3_3
Parameters: 0.999996 -0.000839901 -0.00248581 0.000854099 0.999983 0.00567589 0.00248119 -0.0056781 0.999981 0.217054 -0.169681 0.496803
FixedParameters: 0 0 0

#Transform 170
Transform: AffineTransform_float_3_3
Parameters: 0.999997 -0.000844792 -0.00224449 0.000854207 0.999991 0.0041051 0.00224051 -0.00410691 0.999989 0.222091 -0.109793 0.439286
FixedParameters: 0 0 0

#Transform 171
Transform: AffineTransform_float_3_3
Parameters: 0.999996 -0.00108035 -0.00235278 0.00109465 0.99998 0.00623344 0.00234622 -0.00623655 0.999978 0.215906 -0.173866 0.535305
FixedParameters: 0 0 0

#Transform 172
Transform: AffineTransform_float_3_3
Parameters: 0.999997 -0.000841605 -0.00238042 0.000854398 0.999986 0.00521098 0.00237658 -0.00521301 0.999983 0.197143 -0.113179 0.474015
FixedParameters: 0 0 0

#Transform 173
Transform: AffineTransform_float_3_3
Parameters: 0.999997 -0.00104114 -0.002247 0.00105386 0.999983 0.00572865 0.002241 -0.00573135 0.999981 0.196714 -0.164234 0.47812
FixedParameters: 0 0 0

#Transform 174
Transform: AffineTransform_float_3_3
Parameters: 0.999997 -0.00105428 -0.00224606 0.00106472 0.999988 0.00477762 0.00224094 -0.00478038 0.999986 0.2147 -0.103003 0.442086
FixedParameters: 0 0 0

#Transform 175
Transform: AffineTransform_float_3_3
Parameters: 0.999995 -0.00162528 -0.00280218 0.00164172 0.999983 0.00561643 0.00279382 -0.00562157 0.999981 0.252402 -0.182038 0.473684
FixedParameters: 0 0 0

#Transform 176
Transform: AffineTransform_float_3_3
Parameters: 0.999995 -0.00138193 -0.00282843 0.00139508 0.999989 0.00462608 0.00282257 -0.00462993 0.999986 0.246655 -0.111638 0.383396
FixedParameters: 0 0 0

#Transform 177
Transform: AffineTransform_float_3_3
Parameters: 0.999995 -0.00138014 -0.00266774 0.00139486 0.999984 0.00557831 0.00265926 -0.0055817 0.999981 0.225034 -0.178041 0.413434
FixedParameters: 0 0 0

#Transform 178
Transform: AffineTransform_float_3_3
Parameters: 0.999997 -0.000932681 -0.00198488 0.000943319 0.999986 0.00520414 0.00198012 -0.00520586 0.999985 0.180874 -0.128311 0.439047
FixedParameters: 0 0 0

#Transform 179
Transform: AffineTransform_float_3_3
Parameters: 0.999999 -9.76135e-05 -0.00184946 0.000105389 0.999989 0.00453481 0.00184954 -0.00453519 0.999988 0.0846064 -0.103086 0.410396
FixedParameters: 0 0 0

#Transform 180
Transform: AffineTransform_float_3_3
Parameters: 0.999995 -0.00140864 -0.0026427 0.00142336 0.999984 0.00544126 0.00263529 -0.00544474 0.999981 0.281568 -0.1225 0.507741
FixedParameters: 0 0 0

#Transform 181
Transform: AffineTransform_float_3_3
Parameters: 0.999995 -0.00140804 -0.00306392 0.00142296 0.999987 0.00488667 0.00305708 -0.00489133 0.999984 0.322697 -0.0940003 0.340588
FixedParameters: 0 0 0

#Transform 182
Transform: AffineTransform_float_3_3
Parameters: 0.999995 -0.00182063 -0.00264425 0.00183437 0.999985 0.00506117 0.00263574 -0.00506582 0.999983 0.28926 -0.143429 0.440146
FixedParameters: 0 0 0

#Transform 183
Transform: AffineTransform_float_3_3
Parameters: 1 -0.000484563 -0.000365911 0.000485434 0.999992 0.00393782 0.000363092 -0.00393718 0.999992 0.155965 -0.150145 0.497489
FixedParameters: 0 0 0

#Transform 184
Transform: AffineTransform_float_3_3
Parameters: 0.999998 -0.000815356 -0.00149818 0.000823646 0.999986 0.00510777 0.00149481 -0.00510922 0.999986 0.192616 -0.133035 0.50625
FixedParameters: 0 0 0

#Transform 185
Transform: AffineTransform_float_3_3
Parameters: 0.999999 -0.000880157 -0.00114927 0.000886841 0.999982 0.00596699 0.00114373 -0.00596801 0.999982 0.184543 -0.178139 0.541614
FixedParameters: 0 0 0

#Transform 186
Transform: AffineTransform_float_3_3
Parameters: 0.999999 -0.000911479 -0.00108551 0.000918518 0.999982 0.00602201 0.00107949 -0.00602299 0.999982 0.225028 -0.154744 0.5391
FixedParameters: 0 0 0

#Transform 187
Transform: AffineTransform_float_3_3
Parameters: 0.999998 -0.00106649 -0.00156323 0.00107751 0.999976 0.00674033 0.00155577 -0.00674167 0.999976 0.248942 -0.155243 0.614768
FixedParameters: 0 0 0

#Transform 188
Transform: AffineTransform_float_3_3
