#Insight Transform File V1.0
#Transform 0
Transform: AffineTransform_float_3_3
Parameters: 1 0.000176457 0.000594461 -0.000178542 0.999996 0.00259789 -0.000593538 -0.00259711 0.999997 -0.0103477 -0.151423 0.100057
FixedParameters: 0 0 0

#Transform 1
Transform: AffineTransform_float_3_3
Parameters: 1 9.00871e-05 0.000652126 -9.09127e-05 0.999999 0.00139994 -0.000651873 -0.00140006 0.999999 -0.00207572 -0.100939 0.0741065
FixedParameters: 0 0 0

#Transform 2
Transform: AffineTransform_float_3_3
Parameters: 1 0.000142629 0.000322165 -0.000142371 1 0.00115295 -0.000321836 -0.00115305 1 0.00780616 -0.0744156 0.0204065
FixedParameters: 0 0 0

#Transform 3
Transform: AffineTransform_float_3_3
Parameters: 0.999999 -3.32996e-07 0.001003 -3.32996e-07 1 0.000332 -0.001003 -0.000332 1 -0.0150273 -0.072748 -0.031972
FixedParameters: 0 0 0

#Transform 4
Transform: AffineTransform_float_3_3
Parameters: 1 0.000152232 0.000523224 -0.000152768 0.999999 0.00146792 -0.000522776 -0.00146808 0.999999 -0.000139511 -0.129744 0.0245627
FixedParameters: 0 0 0

#Transform 5
Transform: AffineTransform_float_3_3
Parameters: 1 1.38171e-07 0.000583 1.38171e-07 1 -0.000237 -0.000583 0.000237 1 0.0223136 -0.0316475 -0.0649328
FixedParameters: 0 0 0

#Transform 6
Transform: AffineTransform_float_3_3
Parameters: 1 4.4388e-07 0.00108 4.4388e-07 1 -0.000411 -0.00108 0.000411 1 -0.00231103 -0.064386 -0.0613818
FixedParameters: 0 0 0

#Transform 7
Transform: AffineTransform_float_3_3
Parameters: 1 6.66294e-05 0.00041406 -6.73705e-05 0.999999 0.000894971 -0.00041394 -0.000895027 0.999999 0.00993015 -0.0864017 0.0360375
FixedParameters: 0 0 0

#Transform 8
Transform: AffineTransform_float_3_3
Parameters: 1 -1.15388e-07 0.000634 -1.15388e-07 1 0.000182 -0.000634 -0.000182 1 0.000332032 -0.0512646 0.00281767
FixedParameters: 0 0 0

#Transform 9
Transform: AffineTransform_float_3_3
Parameters: 1 -3.1148e-07 0.000599 -3.1148e-07 1 0.00052 -0.000599 -0.00052 0.999999 0.00952429 -0.0761568 0.0180713
FixedParameters: 0 0 0

#Transform 10
Transform: AffineTransform_float_3_3
Parameters: 1 0.000260845 0.000161251 -0.000261156 1 0.000963958 -0.000161748 -0.000964042 0.999999 0.0141115 -0.0845242 0.0387102
FixedParameters: 0 0 0

#Transform 11
Transform: AffineTransform_float_3_3
Parameters: 1 3.2945e-08 0.000599 3.2945e-08 1 -5.5e-05 -0.000599 5.5e-05 1 0.0192463 -0.0265881 0.0180423
FixedParameters: 0 0 0

#Transform 12
Transform: AffineTransform_float_3_3
Parameters: 1 -4.975e-08 0.000125 -4.975e-08 1 0.000398 -0.000125 -0.000398 1 0.0201091 -0.0661817 -0.0441704
FixedParameters: 0 0 0

#Transform 13
Transform: AffineTransform_float_3_3
Parameters: 1 -1.05885e-07 0.000585 -1.05885e-07 1 0.000181 -0.000585 -0.000181 1 0.0188814 -0.0543447 0.0168209
FixedParameters: 0 0 0

#Transform 14
Transform: AffineTransform_float_3_3
Parameters: 1 0.000292497 -0.000446675 -0.000291504 1 0.00111213 0.000446324 -0.00111187 1 0.0317181 -0.0702766 0.0196118
FixedParameters: 0 0 0

#Transform 15
Transform: AffineTransform_float_3_3
Parameters: 1 0.000531007 -4.18066e-06 -0.000530991 0.999998 0.001543 5.81932e-06 -0.001543 0.999999 0.00796688 -0.0977965 0.0391245
FixedParameters: 0 0 0

#Transform 16
Transform: AffineTransform_float_3_3
Parameters: 1 0.000247004 -4.77646e-06 -0.000246995 0.999999 0.000905 5.22353e-06 -0.000904998 0.999999 0.0260522 -0.0776774 0.028349
FixedParameters: 0 0 0

#Transform 17
Transform: AffineTransform_float_3_3
Parameters: 1 0.000372983 0.000108058 -0.000373017 1 0.00015496 -0.000107942 -0.00015504 1 0.0230175 -0.0360525 -0.029004
FixedParameters: 0 0 0

#Transform 18
Transform: AffineTransform_float_3_3
Parameters: 1 0.000615003 -4.5492e-06 -0.000614996 0.999999 0.000733002 5.45079e-06 -0.000732996 0.999999 0.00787398 -0.0740301 0.0499246
FixedParameters: 0 0 0

#Transform 19
Transform: AffineTransform_float_3_3
Parameters: 1 0.00016389 0.000377048 -0.00016411 1 0.000290938 -0.000376952 -0.000291062 1 -0.0253325 -0.0228146 0.0371938
FixedParameters: 0 0 0

#Transform 20
Transform: AffineTransform_float_3_3
Parameters: 1 0.000164003 -4.88585e-06 -0.000163996 0.999999 0.000696 5.11414e-06 -0.000695999 1 -0.00279682 -0.0259093 -0.00586061
FixedParameters: 0 0 0

#Transform 21
Transform: AffineTransform_float_3_3
Parameters: 1 -4.99965e-05 -5.0348e-06 5.00035e-05 1 0.000695999 4.9652e-06 -0.000696 1 -0.00307099 -0.0479946 0.0276228
FixedParameters: 0 0 0

#Transform 22
Transform: AffineTransform_float_3_3
Parameters: 1 -0.000138002 -4.94328e-06 0.000137998 1 -0.000411001 5.05672e-06 0.000410999 1 0.00152212 0.0134175 -0.0475229
FixedParameters: 0 0 0

#Transform 23
Transform: AffineTransform_float_3_3
Parameters: 1 -0.000277003 -4.81662e-06 0.000276997 0.999999 -0.000662001 5.18337e-06 0.000661998 1 0.0220589 0.0228579 -0.10105
FixedParameters: 0 0 0

#Transform 24
Transform: AffineTransform_float_3_3
Parameters: 1 -8.89079e-06 0.000163006 9.10921e-06 1 -0.000669998 -0.000162994 0.000670001 1 0.0106043 -0.026713 0.0620032
FixedParameters: 0 0 0

#Transform 25
Transform: AffineTransform_float_3_3
Parameters: 1 0.000183367 0.00104894 -0.000182633 1 -0.000350192 -0.00104906 0.000349808 1 -0.0250353 -0.0609679 0.0735575
FixedParameters: 0 0 0

#Transform 26
Transform: AffineTransform_float_3_3
Parameters: 1 -0.000132946 0.000412017 0.000133054 1 -0.000129945 -0.000411983 0.000130055 1 -0.0176167 -0.00661808 0.0636533
FixedParameters: 0 0 0

#Transform 27
Transform: AffineTransform_float_3_3
Parameters: 1 5.59923e-05 -5.08523e-06 -5.60075e-05 0.999999 -0.001522 4.91476e-06 0.001522 0.999999 0.014443 0.0491883 -0.0489364
FixedParameters: 0 0 0

#Transform 28
Transform: AffineTransform_float_3_3
Parameters: 1 0.000238194 0.000173735 -0.000237806 1 -0.00111304 -0.000174265 0.00111296 1 -0.0130418 0.0162219 -0.0531155
FixedParameters: 0 0 0

#Transform 29
Transform: AffineTransform_float_3_3
Parameters: 1 5.64882e-05 0.000385929 -5.65121e-05 0.999999 -0.00126402 -0.000386072 0.00126498 0.999999 -0.0229744 0.0771589 -0.105334
FixedParameters: 0 0 0

#Transform 30
Transform: AffineTransform_float_3_3
Parameters: 1 0.000168201 0.000294885 -0.000168799 1 -0.000682049 -0.000295115 0.00068195 0.999999 -0.012812 0.00418185 -0.101257
FixedParameters: 0 0 0

#Transform 31
Transform: AffineTransform_float_3_3
Parameters: 1 -4.23468e-05 0.000416067 4.26531e-05 0.999999 -0.00156998 -0.000415933 0.00157002 0.999998 -0.0179867 0.0549365 -0.0527513
FixedParameters: 0 0 0

#Transform 32
Transform: AffineTransform_float_3_3
Parameters: 1 -0.000225355 0.000322452 0.000225644 0.999998 -0.00200293 -0.000321549 0.00200307 0.999998 -0.00434691 0.0795043 -0.0882778
FixedParameters: 0 0 0

#Transform 33
Transform: AffineTransform_float_3_3
Parameters: 1 0.000359993 -5.47484e-06 -0.000360008 0.999999 -0.001319 5.52515e-06 0.001319 0.999999 -0.00764616 0.00806494 -0.0249581
FixedParameters: 0 0 0

#Transform 34
Transform: AffineTransform_float_3_3
Parameters: 1 -5.65449e-05 0.0002591 5.6455e-05 0.999999 -0.00175699 -0.000258901 0.00175702 0.999999 0.00892715 0.0829539 0.00744231
FixedParameters: 0 0 0

#Transform 35
Transform: AffineTransform_float_3_3
Parameters: 1 4.72295e-05 0.000197945 -4.67705e-05 1 -0.00115901 -0.000198054 0.00115899 1 -0.00357161 0.0131565 -0.0445897
FixedParameters: 0 0 0

#Transform 36
Transform: AffineTransform_float_3_3
Parameters: 1 0.000229549 0.000475736 -0.000229451 1 -0.00115311 -0.000476265 0.00115289 0.999999 -0.0182758 0.0288651 -0.0137261
FixedParameters: 0 0 0

#Transform 37
Transform: AffineTransform_float_3_3
Parameters: 1 9.60478e-05 5.8922e-05 -9.5952e-05 0.999999 -0.000812005 -5.90779e-05 0.000811994 0.999999 0.0036479 0.0212132 -0.0177044
FixedParameters: 0 0 0

#Transform 38
Transform: AffineTransform_float_3_3
Parameters: 1 -0.000151259 0.000595934 0.000151742 1 0.00043409 -0.000595066 -0.00043391 0.999999 -0.0164481 -0.0296869 0.019329
FixedParameters: 0 0 0

#Transform 39
Transform: AffineTransform_float_3_3
Parameters: 1 -0.000127635 0.000252185 0.000128366 0.999999 -0.00144597 -0.000252815 0.00144603 0.999999 0.0210229 0.0586803 -0.00489996
FixedParameters: 0 0 0

#Transform 40
Transform: AffineTransform_float_3_3
Parameters: 1 -0.00036184 0.000571735 0.00036316 0.999998 -0.00202979 -0.000571264 0.00203021 0.999998 0.01196 0.0533827 -0.127702
FixedParameters: 0 0 0

#Transform 41
Transform: AffineTransform_float_3_3
Parameters: 1 -0.000362718 0.000136751 0.000363283 0.999998 -0.00206895 -0.000136249 0.00206905 0.999998 0.0300688 0.0548796 -0.0572705
FixedParameters: 0 0 0

#Transform 42
Transform: AffineTransform_float_3_3
Parameters: 1 -0.000361983 0.000390944 0.000363017 0.999996 -0.00260386 -0.000390056 0.00260414 0.999996 0.0309065 0.106016 -0.107697
FixedParameters: 0 0 0

#Transform 43
Transform: AffineTransform_float_3_3
Parameters: 1 -0.000362328 0.000545447 0.000362672 0.999999 -0.0012328 -0.000544553 0.0012332 0.999999 0.0202513 0.00644558 -0.115478
FixedParameters: 0 0 0

#Transform 44
Transform: AffineTransform_float_3_3
Parameters: 1 -0.000362611 0.000137034 0.000363389 0.999996 -0.00284995 -0.000135965 0.00285005 0.999996 0.0420284 0.103633 -0.0915485
FixedParameters: 0 0 0

#Transform 45
Transform: AffineTransform_float_3_3
Parameters: 1 -0.00049142 0.000247157 0.00049258 0.999997 -0.00235288 -0.000245842 0.00235312 0.999997 0.0318821 0.075388 -0.138961
FixedParameters: 0 0 0

#Transform 46
Transform: AffineTransform_float_3_3
Parameters: 1 -0.000361819 0.000489874 0.000363179 0.999997 -0.00241282 -0.000488125 0.00241318 0.999997 0.0195412 0.0724475 -0.0745767
FixedParameters: 0 0 0

#Transform 47
Transform: AffineTransform_float_3_3
Parameters: 0.999999 -0.000698778 0.000601591 0.000701223 0.999993 -0.00370158 -0.000599408 0.00370142 0.999993 0.0265396 0.1563 -0.156585
FixedParameters: 0 0 0

#Transform 48
Transform: AffineTransform_float_3_3
Parameters: 1 -0.000361432 0.000495148 0.000363568 0.999995 -0.00317082 -0.000493849 0.00317118 0.999995 0.0103424 0.0973102 -0.123598
FixedParameters: 0 0 0

#Transform 49
Transform: AffineTransform_float_3_3
Parameters: 0.999999 -0.000775917 0.000638539 0.000777081 0.999995 -0.00326751 -0.000635464 0.0032685 0.999995 0.0125417 0.109698 -0.12748
FixedParameters: 0 0 0

#Transform 50
Transform: AffineTransform_float_3_3
Parameters: 0.999999 -0.000735973 0.000638344 0.000738028 0.999994 -0.00318053 -0.000636656 0.00318047 0.999994 0.023987 0.109409 -0.140147
FixedParameters: 0 0 0

#Transform 51
Transform: AffineTransform_float_3_3
Parameters: 1 -0.000111833 0.000466281 0.000113166 0.999997 -0.00250395 -0.000465718 0.00250405 0.999997 0.0200376 0.0708755 -0.125483
FixedParameters: 0 0 0

#Transform 52
Transform: AffineTransform_float_3_3
Parameters: 1 -0.000778462 0.000775556 0.00078054 0.999995 -0.0032774 -0.000773446 0.00327861 0.999995 0.0191947 0.132521 -0.149597
FixedParameters: 0 0 0

#Transform 53
Transform: AffineTransform_float_3_3
Parameters: 1 -0.000772601 0.000775398 0.000775398 0.999995 -0.0030984 -0.000772601 0.0030996 0.999995 0.0190297 0.108148 -0.162756
FixedParameters: 0 0 0

#Transform 54
Transform: AffineTransform_float_3_3
Parameters: 0.999999 -0.000431975 0.000774133 0.000434025 0.999997 -0.00261767 -0.000772866 0.00261834 0.999997 0.0130257 0.080747 -0.0741296
FixedParameters: 0 0 0

#Transform 55
Transform: AffineTransform_float_3_3
Parameters: 1 -0.000763277 0.000775689 0.000765724 0.999993 -0.0035164 -0.000773312 0.00351659 0.999993 0.0189555 0.129933 -0.128478
FixedParameters: 0 0 0

#Transform 56
Transform: AffineTransform_float_3_3
Parameters: 0.999999 -0.000764621 0.000500113 0.000765378 0.999996 -0.00276162 -0.000497888 0.00276238 0.999996 0.0302891 0.138002 -0.130922
FixedParameters: 0 0 0

#Transform 57
Transform: AffineTransform_float_3_3
Parameters: 1 0.000744027 0.000777789 -0.000748976 0.999979 0.00641442 -0.000773212 -0.00641458 0.999979 -0.0560648 -0.137059 0.195761
FixedParameters: 0 0 0

#Transform 58
Transform: AffineTransform_float_3_3
Parameters: 0.999998 0.000806478 0.0014958 -0.000827525 0.999896 0.0144438 -0.0014842 -0.0144452 0.999894 -0.0875604 -0.46148 0.501091
FixedParameters: 0 0 0

#Transform 59
Transform: AffineTransform_float_3_3
Parameters: 1 0.000519828 0.00033737 -0.000522169 0.999979 0.00646982 -0.000333629 -0.00646917 0.999979 -0.0235291 -0.196204 0.298928
FixedParameters: 0 0 0

#Transform 60
Transform: AffineTransform_float_3_3
Parameters: 1 0.0001977 0.000244059 -0.0001993 0.999985 0.00533795 -0.00024294 -0.00533805 0.999985 0.0114651 -0.160416 0.241269
FixedParameters: 0 0 0

#Transform 61
Transform: AffineTransform_float_3_3
Parameters: 1 0.000543454 0.000102929 -0.000543542 0.999986 0.00538694 -9.90733e-05 -0.00538705 0.999985 0.0111146 -0.190371 0.234607
FixedParameters: 0 0 0

#Transform 62
Transform: AffineTransform_float_3_3
Parameters: 1 0.000233679 0.000244271 -0.00023532 0.999986 0.00542195 -0.000242728 -0.00542206 0.999986 0.01912 -0.162103 0.198273
FixedParameters: 0 0 0

#Transform 63
Transform: AffineTransform_float_3_3
Parameters: 1 0.000235402 -8.18536e-05 -0.000234598 0.999988 0.00487402 8.31444e-05 -0.00487398 0.999988 0.0286831 -0.150273 0.183465
FixedParameters: 0 0 0

#Transform 64
Transform: AffineTransform_float_3_3
Parameters: 1 0.000486165 -0.000220448 -0.000484832 0.999986 0.00525511 0.000223551 -0.00525489 0.999986 0.0299642 -0.184771 0.218997
FixedParameters: 0 0 0

#Transform 65
Transform: AffineTransform_float_3_3
Parameters: 1 -0.000186172 0.000242104 0.000184829 0.999989 0.00483005 -0.000242896 -0.00482996 0.999989 0.0227511 -0.127655 0.145242
FixedParameters: 0 0 0

#Transform 66
Transform: AffineTransform_float_3_3
Parameters: 1 0.000101831 0.000243492 -0.000103172 0.999989 0.00480698 -0.000243507 -0.00480703 0.999989 0.00955387 -0.165267 0.172977
FixedParameters: 0 0 0

#Transform 67
Transform: AffineTransform_float_3_3
Parameters: 1 -0.000449826 0.000241467 0.000449172 0.999994 0.00341011 -0.000243533 -0.00340989 0.999994 0.0129763 -0.0656361 0.163698
FixedParameters: 0 0 0

#Transform 68
Transform: AffineTransform_float_3_3
Parameters: 1 0.000109665 8.4437e-05 -0.000110337 0.999992 0.00397899 -8.45616e-05 -0.00397901 0.999992 0.0240769 -0.130978 0.158259
FixedParameters: 0 0 0

#Transform 69
Transform: AffineTransform_float_3_3
Parameters: 1 -0.000367859 0.000241697 0.00036614 0.999993 0.00354509 -0.000243299 -0.00354491 0.999993 0.0261608 -0.109228 0.176928
FixedParameters: 0 0 0

#Transform 70
Transform: AffineTransform_float_3_3
Parameters: 1 -3.39191e-05 -2.31192e-05 3.40805e-05 0.999994 0.003509 2.28805e-05 -0.003509 0.999994 0.0310806 -0.12746 0.15045
FixedParameters: 0 0 0

#Transform 71
Transform: AffineTransform_float_3_3
Parameters: 1 -3.41663e-05 5.18909e-05 3.48366e-05 0.999995 0.003201 -5.11118e-05 -0.003201 0.999995 0.0104586 -0.0956693 0.216558
FixedParameters: 0 0 0

#Transform 72
Transform: AffineTransform_float_3_3
Parameters: 1 -0.000453834 0.000205164 0.000453166 0.999991 0.00405009 -0.000206837 -0.0040499 0.999992 0.00638826 -0.127231 0.145664
FixedParameters: 0 0 0

#Transform 73
Transform: AffineTransform_float_3_3
Parameters: 1 -0.000382396 0.0003545 0.000381602 0.999992 0.00393014 -0.000356502 -0.00392987 0.999992 -0.00113543 -0.136015 0.16057
FixedParameters: 0 0 0

#Transform 74
Transform: AffineTransform_float_3_3
Parameters: 1 -0.000453671 0.000202503 0.000453327 0.999995 0.00330209 -0.000204498 -0.00330191 0.999994 0.00647397 -0.0850706 0.164986
FixedParameters: 0 0 0

#Transform 75
Transform: AffineTransform_float_3_3
Parameters: 1 -0.000454438 0.000393344 0.000453559 0.999993 0.00364918 -0.000395658 -0.00364882 0.999994 0.0191538 -0.121035 0.119679
FixedParameters: 0 0 0

#Transform 76
Transform: AffineTransform_float_3_3
Parameters: 1 -0.000323033 0.000266754 0.000321966 0.999993 0.00386409 -0.000268246 -0.00386392 0.999993 0.0381144 -0.137326 0.15588
FixedParameters: 0 0 0

#Transform 77
Transform: AffineTransform_float_3_3
Parameters: 1 -0.00045424 0.000481833 0.000452759 0.999996 0.00257122 -0.000483166 -0.00257178 0.999996 0.0247097 -0.0632153 0.0965597
FixedParameters: 0 0 0

#Transform 78
Transform: AffineTransform_float_3_3
Parameters: 0.999999 -0.000454876 0.000604593 0.000453123 0.999995 0.00309928 -0.000606407 -0.00309873 0.999995 0.0196496 -0.136465 0.0756257
FixedParameters: 0 0 0

#Transform 79
Transform: AffineTransform_float_3_3
Parameters: 1 -0.000858532 0.000711156 0.000856468 0.999998 0.00215061 -0.000713844 -0.00215039 0.999998 0.0250211 -0.0709018 0.0638889
FixedParameters: 0 0 0

#Transform 80
Transform: AffineTransform_float_3_3
Parameters: 0.999999 -0.000864863 0.000391097 0.000864137 0.999997 0.00220134 -0.000392902 -0.00220066 0.999997 0.0541583 -0.0736681 0.014463
FixedParameters: 0 0 0

#Transform 81
Transform: AffineTransform_float_3_3
Parameters: 1 -0.000675947 0.000765286 0.000674055 0.999996 0.00254052 -0.000766716 -0.00254048 0.999997 0.0254497 -0.112568 0.0788728
FixedParameters: 0 0 0

#Transform 82
Transform: AffineTransform_float_3_3
Parameters: 0.999999 -0.00100022 0.000707276 0.000998779 0.999998 0.00172571 -0.000708724 -0.00172429 0.999999 0.0509054 -0.0585117 0.0241366
FixedParameters: 0 0 0

#Transform 83
Transform: AffineTransform_float_3_3
Parameters: 0.999999 -0.000710849 0.000391462 0.00070915 0.999998 0.00216428 -0.000393535 -0.00216372 0.999997 0.0512989 -0.0970097 0.070115
FixedParameters: 0 0 0

#Transform 84
Transform: AffineTransform_float_3_3
Parameters: 1 -0.00071108 0.000864113 0.000709921 0.999999 0.00124861 -0.000864887 -0.00124839 0.999999 0.0274207 -0.0252386 0.0642195
FixedParameters: 0 0 0

#Transform 85
Transform: AffineTransform_float_3_3
Parameters: 0.999999 -0.000711213 0.000618608 0.000709788 0.999998 0.00195844 -0.000619391 -0.00195856 0.999998 0.046437 -0.0743022 0.0313875
FixedParameters: 0 0 0

#Transform 86
Transform: AffineTransform_float_3_3
Parameters: 0.999999 -0.000710962 0.000539735 0.000710037 0.999998 0.00178038 -0.000541265 -0.00178062 0.999999 0.042436 -0.0809266 0.0581181
FixedParameters: 0 0 0

#Transform 87
Transform: AffineTransform_float_3_3
Parameters: 0.999999 -0.000710962 0.000539735 0.000710037 0.999998 0.00178038 -0.000541265 -0.00178062 0.999999 0.0463079 -0.0215882 0.0303413
FixedParameters: 0 0 0

#Transform 88
Transform: AffineTransform_float_3_3
Parameters: 1 -0.00064856 0.000692544 0.000647441 0.999998 0.00224845 -0.000694458 -0.00224855 0.999997 0.0403798 -0.107849 0.03252
FixedParameters: 0 0 0

#Transform 89
Transform: AffineTransform_float_3_3
Parameters: 0.999999 -0.00103734 0.000958554 0.00103566 0.999998 0.00139499 -0.000959445 -0.001394 0.999998 0.0426432 -0.0417472 0.036862
FixedParameters: 0 0 0

#Transform 90
Transform: AffineTransform_float_3_3
Parameters: 0.999999 -0.000874046 0.000539307 0.000872953 0.999997 0.00193847 -0.000540692 -0.00193753 0.999998 0.0439847 -0.0459589 0.0095479
FixedParameters: 0 0 0

#Transform 91
Transform: AffineTransform_float_3_3
Parameters: 0.999999 -0.000711063 0.000539601 0.000709935 0.999998 0.00196938 -0.000541399 -0.00196862 0.999998 0.0411309 -0.0887936 0.0475126
FixedParameters: 0 0 0

#Transform 92
Transform: AffineTransform_float_3_3
Parameters: 1 -0.000710548 0.000868553 0.000709452 0.999999 0.000630617 -0.000869448 -0.000630383 1 0.0275471 -0.00684129 0.0193073
FixedParameters: 0 0 0

#Transform 93
Transform: AffineTransform_float_3_3
Parameters: 0.999999 -0.00071086 0.000539868 0.000709139 0.999998 0.00159238 -0.00054113 -0.00159261 0.999998 0.00755816 -0.0239877 0.0092802
FixedParameters: 0 0 0

#Transform 94
Transform: AffineTransform_float_3_3
Parameters: 0.999999 -0.000711252 0.000631592 0.000709747 0.999998 0.00198045 -0.000633407 -0.00198055 0.999998 0.0146352 -0.0735243 0.0472046
FixedParameters: 0 0 0

#Transform 95
Transform: AffineTransform_float_3_3
Parameters: 0.999999 -0.000928651 0.00053988 0.000928347 0.999999 0.0012065 -0.00054112 -0.0012055 0.999999 0.0113855 0.00918513 0.00705982
FixedParameters: 0 0 0

#Transform 96
Transform: AffineTransform_float_3_3
Parameters: 0.999999 -0.000710774 0.000333355 0.000709227 0.999997 0.00231624 -0.000334643 -0.00231576 0.999998 0.0258163 -0.0976152 0.0308148
FixedParameters: 0 0 0

#Transform 97
Transform: AffineTransform_float_3_3
Parameters: 0.999999 -0.000710703 0.000540075 0.000709296 0.999999 0.00130238 -0.000540924 -0.00130162 0.999999 0.0320265 -0.0120099 0.0292918
FixedParameters: 0 0 0

#Transform 98
Transform: AffineTransform_float_3_3
Parameters: 0.999999 -0.000588896 0.000540024 0.000588104 0.999999 0.00165732 -0.000540975 -0.00165768 0.999998 0.0125882 -0.0533485 0.0191838
FixedParameters: 0 0 0

#Transform 99
Transform: AffineTransform_float_3_3
Parameters: 1 -0.00067213 0.000699918 0.000670871 0.999998 0.00161247 -0.000701084 -0.00161253 0.999999 0.0205406 -0.0534324 0.0399571
FixedParameters: 0 0 0

#Transform 100
Transform: AffineTransform_float_3_3
Parameters: 0.999999 -0.000562789 0.000540179 0.000562211 0.999999 0.0014593 -0.000540821 -0.0014597 0.999999 0.0270092 -0.0133209 0.0342176
FixedParameters: 0 0 0

#Transform 101
Transform: AffineTransform_float_3_3
Parameters: 1 -0.000366789 0.000540465 0.00036521 0.999999 0.0014592 -0.000541534 -0.0014598 0.999999 0.0256922 -0.0520762 0.0489668
FixedParameters: 0 0 0

#Transform 102
Transform: AffineTransform_float_3_3
Parameters: 0.999999 -0.000828875 0.000539658 0.000827124 0.999999 0.00161945 -0.00054134 -0.00161955 0.999998 0.0314913 -0.0268051 0.0370332
FixedParameters: 0 0 0

#Transform 103
Transform: AffineTransform_float_3_3
Parameters: 1 -0.000366817 0.000540446 0.000366181 0.999999 0.0015122 -0.000541554 -0.0015118 0.999998 0.0268086 -0.0300602 0.0350811
FixedParameters: 0 0 0

#Transform 104
Transform: AffineTransform_float_3_3
Parameters: 1 -0.000366898 0.000540391 0.0003661 0.999998 0.0016622 -0.000541609 -0.0016618 0.999998 0.0268234 -0.0320956 0.0739247
FixedParameters: 0 0 0

#Transform 105
Transform: AffineTransform_float_3_3
Parameters: 1 -0.000366533 0.000540639 0.000365467 1 0.000985199 -0.00054136 -0.000984803 1 0.0268192 -0.0041765 0.0574043
FixedParameters: 0 0 0

#Transform 106
Transform: AffineTransform_float_3_3
Parameters: 0.999995 0.000165499 0.00319462 -0.000176503 0.999993 0.00360045 -0.00319439 -0.00360055 0.999989 -0.313085 -0.0431573 0.660408
FixedParameters: 0 0 0

#Transform 107
Transform: AffineTransform_float_3_3
Parameters: 0.999994 0.00282397 0.00201624 -0.00282202 0.999995 -0.000981696 -0.00201977 0.000976302 0.999998 -0.394161 0.0993025 0.367636
FixedParameters: 0 0 0

#Transform 108
Transform: AffineTransform_float_3_3
Parameters: 0.999998 -0.000210576 0.00190516 0.000211424 0.999999 -0.000747598 -0.00190484 0.000747402 0.999998 -0.250875 -0.0890962 0.706992
FixedParameters: 0 0 0

#Transform 109
Transform: AffineTransform_float_3_3
Parameters: 1 0.000964712 -0.000649945 -0.000963288 0.999999 0.00109463 0.000651055 -0.00109437 0.999999 -0.119529 -0.143873 0.900926
FixedParameters: 0 0 0

#Transform 110
Transform: AffineTransform_float_3_3
Parameters: 0.999999 0.000965566 -0.00153902 -0.000963435 0.999999 0.00101748 0.00153998 -0.00101652 0.999999 -0.0656963 -0.166694 1.16965
FixedParameters: 0 0 0

#Transform 111
Transform: AffineTransform_float_3_3
Parameters: 1 3.2281e-05 -0.00112591 -2.97187e-05 0.999996 0.00291403 0.00112609 -0.00291397 0.999995 -0.0627962 -0.148555 1.2327
FixedParameters: 0 0 0

#Transform 112
Transform: AffineTransform_float_3_3
Parameters: 0.999998 0.000298791 -0.00164285 -0.000298207 1 0.00048249 0.00164314 -0.000481509 0.999998 -0.00287886 -0.0893345 0.82425
FixedParameters: 0 0 0

#Transform 113
Transform: AffineTransform_float_3_3
Parameters: 0.999998 0.000297737 -0.00208504 -0.000298264 1 -0.000126378 0.00208496 0.000126621 0.999998 0.0328639 -0.0430222 0.768644
FixedParameters: 0 0 0

#Transform 114
Transform: AffineTransform_float_3_3
Parameters: 0.999998 5.01991e-05 -0.00172005 -5.18007e-05 1 -0.00104691 0.00171995 0.00104709 0.999998 0.0345032 -0.00305473 0.72871
FixedParameters: 0 0 0

#Transform 115
Transform: AffineTransform_float_3_3
Parameters: 0.999999 0.00029681 -0.00170421 -0.000298189 0.999999 -0.000697493 0.00170379 0.000698507 0.999999 0.029547 -0.0417025 0.696718
FixedParameters: 0 0 0

#Transform 116
Transform: AffineTransform_float_3_3
Parameters: 0.999999 -0.000147225 -0.00136776 0.000144774 0.999998 -0.0016272 0.00136824 0.0016268 0.999997 0.0236404 0.0304333 0.662852
FixedParameters: 0 0 0

#Transform 117
Transform: AffineTransform_float_3_3
Parameters: 0.999999 -0.000112522 -0.00179878 0.000109477 0.999998 -0.0019582 0.00179922 0.0019578 0.999997 0.0408766 0.0118445 0.630159
FixedParameters: 0 0 0

#Transform 118
Transform: AffineTransform_float_3_3
Parameters: 0.999999 -0.000331617 -0.00118627 0.000329385 0.999998 -0.00220439 0.00118673 0.00220461 0.999997 0.0295689 0.0346567 0.596444
FixedParameters: 0 0 0

#Transform 119
Transform: AffineTransform_float_3_3
Parameters: 0.999999 -0.00043462 -0.000727034 0.00043338 0.999998 -0.00222732 0.000727967 0.00222669 0.999998 0.0437307 0.0280989 0.591604
FixedParameters: 0 0 0

#Transform 120
Transform: AffineTransform_float_3_3
Parameters: 1 -0.000540228 -0.000967315 0.000538772 0.999999 -0.00126952 0.000967684 0.00126848 0.999998 0.0244312 -0.0321474 0.489417
FixedParameters: 0 0 0

#Transform 121
Transform: AffineTransform_float_3_3
Parameters: 0.999999 -0.000579631 -0.000726701 0.000577368 0.999998 -0.00224342 0.000728297 0.00224258 0.999997 0.0375367 0.0489167 0.406818
FixedParameters: 0 0 0

#Transform 122
Transform: AffineTransform_float_3_3
Parameters: 0.999999 -0.000634548 -0.00072665 0.000633452 0.999997 -0.00212946 0.000727349 0.00212854 0.999997 0.0385247 -0.00211799 0.414082
FixedParameters: 0 0 0

#Transform 123
Transform: AffineTransform_float_3_3
Parameters: 0.999999 -0.000578516 -0.000666687 0.000576485 0.999998 -0.00227239 0.000667311 0.00227162 0.999997 0.0350617 -0.00464604 0.482917
FixedParameters: 0 0 0

#Transform 124
Transform: AffineTransform_float_3_3
Parameters: 1 -0.00107008 -0.000458478 0.00106892 0.999996 -0.00235849 0.000460523 0.00235851 0.999997 0.0397563 0.0332397 0.433966
FixedParameters: 0 0 0

#Transform 125
Transform: AffineTransform_float_3_3
Parameters: 1 -0.000791593 -0.000874561 0.000790409 0.999998 -0.00181969 0.00087544 0.00181931 0.999998 0.0521471 -0.0105189 0.432899
FixedParameters: 0 0 0

#Transform 126
Transform: AffineTransform_float_3_3
Parameters: 0.999999 -0.00103508 -0.000859501 0.00103292 0.999996 -0.00241689 0.000862498 0.00241611 0.999996 0.0578148 0.0321271 0.43021
FixedParameters: 0 0 0

#Transform 127
Transform: AffineTransform_float_3_3
Parameters: 0.999999 -0.000647867 -0.000444739 0.000647132 0.999998 -0.00194729 0.000446261 0.00194671 0.999998 0.0472881 -0.0057542 0.43236
FixedParameters: 0 0 0

#Transform 128
Transform: AffineTransform_float_3_3
Parameters: 0.999999 -0.000448581 -0.000691623 0.000448417 0.999999 -0.00084131 0.000692377 0.00084069 1 0.0336344 -0.0703276 0.429789
FixedParameters: 0 0 0

#Transform 129
Transform: AffineTransform_float_3_3
Parameters: 1 -0.000175053 -0.00107467 0.000172946 0.999998 -0.00191019 0.00107533 0.00190981 0.999997 0.0518039 0.0209776 0.429501
FixedParameters: 0 0 0

#Transform 130
Transform: AffineTransform_float_3_3
Parameters: 0.999999 -7.75883e-05 -0.000880861 7.64114e-05 0.999999 -0.00180307 0.000881139 0.00180293 0.999998 0.0398784 -0.0242994 0.411406
FixedParameters: 0 0 0

#Transform 131
Transform: AffineTransform_float_3_3
Parameters: 0.999999 4.27161e-06 -0.000890009 -5.72837e-06 0.999998 -0.001942 0.00088999 0.001942 0.999997 0.0292021 -0.0265177 0.400294
FixedParameters: 0 0 0

#Transform 132
Transform: AffineTransform_float_3_3
Parameters: 1 -0.000398781 -0.000995891 0.000396219 0.999996 -0.0027914 0.00099711 0.0027906 0.999995 0.0230773 0.0324921 0.368494
FixedParameters: 0 0 0

#Transform 133
Transform: AffineTransform_float_3_3
Parameters: 1 -3.59484e-05 -0.00109394 3.40515e-05 0.999999 -0.00178104 0.00109406 0.00178096 0.999998 0.0157947 -0.0206712 0.394417
FixedParameters: 0 0 0

#Transform 134
Transform: AffineTransform_float_3_3
Parameters: 1 0.000126554 -0.00120126 -0.000128445 0.999998 -0.00203585 0.00120074 0.00203615 0.999997 0.0221722 -0.0229224 0.376844
FixedParameters: 0 0 0

#Transform 135
Transform: AffineTransform_float_3_3
Parameters: 0.999999 -6.95293e-05 -0.00136787 6.74704e-05 0.999999 -0.0018491 0.00136813 0.00184891 0.999998 0.0325406 -0.0141912 0.364961
FixedParameters: 0 0 0

#Transform 136
Transform: AffineTransform_float_3_3
Parameters: 1 4.89697e-05 -0.0010391 -5.10301e-05 0.999998 -0.00195395 0.0010389 0.00195405 0.999997 0.00746131 -0.0261921 0.401599
FixedParameters: 0 0 0

#Transform 137
Transform: AffineTransform_float_3_3
Parameters: 1 -0.00027503 -0.0010342 0.00027297 0.999995 -0.00292928 0.0010348 0.00292872 0.999995 0.0223815 0.039788 0.410905
FixedParameters: 0 0 0

#Transform 138
Transform: AffineTransform_float_3_3
Parameters: 0.999999 -0.000274517 -0.0013665 0.000272485 0.999999 -0.00184138 0.0013665 0.00184163 0.999998 0.0360398 -0.0297223 0.404706
FixedParameters: 0 0 0

#Transform 139
Transform: AffineTransform_float_3_3
Parameters: 0.999999 0.000229818 -0.00131456 -0.000232183 0.999997 -0.0024207 0.00131444 0.0024213 0.999996 0.0132124 0.0242848 0.355603
FixedParameters: 0 0 0

#Transform 140
Transform: AffineTransform_float_3_3
Parameters: 0.999999 0.000316666 -0.000901469 -0.000318334 0.999999 -0.00147971 0.000901529 0.00148029 0.999998 -0.00983597 -0.0513868 0.274446
FixedParameters: 0 0 0

#Transform 141
Transform: AffineTransform_float_3_3
Parameters: 0.999999 0.000223578 -0.00124944 -0.000225423 0.999998 -0.00193872 0.00124957 0.00193928 0.999998 0.00618123 -0.032174 0.354855
FixedParameters: 0 0 0

#Transform 142
Transform: AffineTransform_float_3_3
Parameters: 1 6.33252e-06 -0.000677017 -7.66743e-06 0.999997 -0.00246299 0.000676983 0.002463 0.999996 -0.0109753 -0.0096079 0.273614
FixedParameters: 0 0 0

#Transform 143
Transform: AffineTransform_float_3_3
Parameters: 0.999999 0.00023948 -0.000843433 -0.00024152 0.999999 -0.0018038 0.000842566 0.0018032 0.999998 -0.0109157 -0.0489471 0.350553
FixedParameters: 0 0 0

#Transform 144
Transform: AffineTransform_float_3_3
Parameters: 0.999999 -0.000417524 -0.000591928 0.000416475 0.999996 -0.00257325 0.000593074 0.00257275 0.999997 -0.00954946 0.0143934 0.337146
FixedParameters: 0 0 0

#Transform 145
Transform: AffineTransform_float_3_3
Parameters: 0.999999 -0.000497252 -0.00121808 0.000494749 0.999998 -0.0018476 0.00121892 0.00184739 0.999997 0.0179461 -0.0367315 0.350213
FixedParameters: 0 0 0

#Transform 146
Transform: AffineTransform_float_3_3
Parameters: 1 -0.000644579 -0.000944245 0.000641422 0.999996 -0.00272861 0.000945754 0.00272839 0.999996 0.00923414 0.0261782 0.373771
FixedParameters: 0 0 0

#Transform 147
Transform: AffineTransform_float_3_3
Parameters: 1 -0.00064418 -0.000981574 0.00064182 0.999998 -0.00221863 0.000983427 0.00221837 0.999997 0.0344057 -0.0068293 0.310571
FixedParameters: 0 0 0

#Transform 148
Transform: AffineTransform_float_3_3
Parameters: 1 -0.000328485 -0.00117531 0.000325513 0.999997 -0.00211438 0.00117669 0.00211361 0.999997 0.0226996 -0.00648222 0.374768
FixedParameters: 0 0 0

#Transform 149
Transform: AffineTransform_float_3_3
Parameters: 1 -0.000274071 -0.00111925 0.000270931 0.999996 -0.0027423 0.00111975 0.00274269 0.999995 0.0300245 0.0490874 0.28334
FixedParameters: 0 0 0

#Transform 150
Transform: AffineTransform_float_3_3
Parameters: 0.999999 0.000189993 -0.00125346 -0.000193005 0.999997 -0.00239876 0.00125254 0.00239924 0.999997 0.0222239 0.00369657 0.361964
FixedParameters: 0 0 0

#Transform 151
Transform: AffineTransform_float_3_3
Parameters: 0.999999 0.000190657 -0.000777578 -0.000193345 0.999996 -0.00301485 0.000777421 0.00301415 0.999995 0.00745745 0.0315747 0.354319
FixedParameters: 0 0 0

#Transform 152
Transform: AffineTransform_float_3_3
Parameters: 0.999999 -0.000210298 -0.00121043 0.0002067 0.999997 -0.00272425 0.00121157 0.00272375 0.999995 0.0326205 0.0185245 0.327639
FixedParameters: 0 0 0

#Transform 153
Transform: AffineTransform_float_3_3
Parameters: 0.999999 0.000191334 -0.000756423 -0.000192665 0.999997 -0.00220285 0.000755577 0.00220314 0.999998 -0.0039721 -0.00425767 0.379364
FixedParameters: 0 0 0

#Transform 154
Transform: AffineTransform_float_3_3
Parameters: 1 -0.000217604 -0.00100744 0.000214395 0.999996 -0.00258422 0.00100856 0.00258378 0.999996 0.0243315 0.042484 0.328932
FixedParameters: 0 0 0

#Transform 155
Transform: AffineTransform_float_3_3
Parameters: 0.999999 -0.000236453 -0.00139342 0.000232549 0.999997 -0.00247733 0.00139358 0.00247767 0.999996 0.0348944 0.0299143 0.346839
FixedParameters: 0 0 0

#Transform 156
Transform: AffineTransform_float_3_3
Parameters: 0.999999 -0.000181818 -0.000963658 0.000180182 0.999998 -0.00188517 0.000964341 0.00188583 0.999998 -0.00154763 -0.0286618 0.349332
FixedParameters: 0 0 0

#Transform 157
Transform: AffineTransform_float_3_3
Parameters: 0.999999 -0.000196229 -0.00123949 0.000192769 0.999996 -0.00260524 0.00124051 0.00260476 0.999996 0.0335093 0.0425331 0.320273
FixedParameters: 0 0 0

#Transform 158
Transform: AffineTransform_float_3_3
Parameters: 0.999999 0.000190222 -0.00124043 -0.000192777 0.999998 -0.00223976 0.00123957 0.00224024 0.999996 0.0265787 -0.00918241 0.340762
FixedParameters: 0 0 0

#Transform 159
Transform: AffineTransform_float_3_3
Parameters: 1 0.000189618 -0.00115256 -0.000193383 0.999995 -0.00293478 0.00115244 0.00293522 0.999995 0.0230261 0.0383571 0.308197
FixedParameters: 0 0 0

#Transform 160
Transform: AffineTransform_float_3_3
Parameters: 1 0.000190861 -0.000982419 -0.000193138 0.999997 -0.00217781 0.000981582 0.00217819 0.999997 -0.00294339 0.00524018 0.33831
FixedParameters: 0 0 0

#Transform 161
Transform: AffineTransform_float_3_3
Parameters: 0.999999 0.000189828 -0.00135845 -0.000193174 0.999998 -0.00233574 0.00135855 0.00233526 0.999997 0.0125494 -0.0103255 0.377045
FixedParameters: 0 0 0

#Transform 162
Transform: AffineTransform_float_3_3
Parameters: 0.999999 -0.000391691 -0.00129689 0.000387308 0.999996 -0.0028455 0.00129811 0.00284449 0.999995 0.0300822 0.0453326 0.343771
FixedParameters: 0 0 0

#Transform 163
Transform: AffineTransform_float_3_3
Parameters: 0.999999 -0.00024591 -0.00132946 0.00024309 0.999997 -0.00218932 0.00132954 0.00218867 0.999996 0.0219823 -0.00681235 0.355402
FixedParameters: 0 0 0

#Transform 164
Transform: AffineTransform_float_3_3
Parameters: 0.999999 -0.000262773 -0.00132626 0.000259228 0.999996 -0.00284435 0.00132674 0.00284365 0.999995 0.0193034 0.0436035 0.364965
FixedParameters: 0 0 0

#Transform 165
Transform: AffineTransform_float_3_3
Parameters: 1 -0.000261814 -0.00117138 0.000259184 0.999997 -0.00240231 0.00117263 0.0024017 0.999997 0.0129614 0.0253752 0.336664
FixedParameters: 0 0 0

#Transform 166
Transform: AffineTransform_float_3_3
Parameters: 0.999999 -0.000209466 -0.0014305 0.000205532 0.999997 -0.0024233 0.0014315 0.0024227 0.999996 0.0174615 0.00923488 0.363341
FixedParameters: 0 0 0

#Transform 167
Transform: AffineTransform_float_3_3
Parameters: 0.999999 -0.000262344 -0.0012413 0.000259657 0.999997 -0.00269332 0.0012417 0.00269268 0.999995 0.0334204 0.0373432 0.346204
FixedParameters: 0 0 0

#Transform 168
Transform: AffineTransform_float_3_3
Parameters: 0.999999 -1.19681e-05 -0.00133698 9.03182e-06 0.999997 -0.00222001 0.00133702 0.00221998 0.999996 0.00663455 0.000455172 0.297577
FixedParameters: 0 0 0

#Transform 169
Transform: AffineTransform_float_3_3
Parameters: 0.999999 -0.000261864 -0.00143048 0.000259134 0.999998 -0.00200237 0.00143152 0.00200163 0.999997 0.0149581 -0.00788112 0.341118
FixedParameters: 0 0 0

#Transform 170
Transform: AffineTransform_float_3_3
Parameters: 0.999999 -0.00026305 -0.00143026 0.000259947 0.999996 -0.00283137 0.00143174 0.00283063 0.999995 0.0149535 0.0601698 0.333441
FixedParameters: 0 0 0

#Transform 171
Transform: AffineTransform_float_3_3
Parameters: 1 -0.000261707 -0.00114038 0.000259293 0.999997 -0.0023723 0.00114162 0.0023727 0.999996 0.0119921 0.00763375 0.287441
FixedParameters: 0 0 0

#Transform 172
Transform: AffineTransform_float_3_3
Parameters: 0.999999 -0.00026267 -0.00146735 0.00025933 0.999997 -0.00250138 0.00146765 0.00250062 0.999996 0.0187826 0.0351184 0.347129
FixedParameters: 0 0 0

#Transform 173
Transform: AffineTransform_float_3_3
Parameters: 0.999999 -0.00026358 -0.00146718 0.000259421 0.999995 -0.00312038 0.00146782 0.00312062 0.999994 0.0310214 0.0840228 0.339329
FixedParameters: 0 0 0

#Transform 174
Transform: AffineTransform_float_3_3
Parameters: 0.999999 -0.000262023 -0.00119734 0.000259978 0.999997 -0.00252431 0.00119766 0.00252369 0.999996 0.0153887 -0.00215487 0.327818
FixedParameters: 0 0 0

#Transform 175
Transform: AffineTransform_float_3_3
Parameters: 0.999999 -0.000382033 -0.00128381 0.000377967 0.999995 -0.00313949 0.00128519 0.00313951 0.999994 0.0110872 0.0739468 0.339255
FixedParameters: 0 0 0

#Transform 176
Transform: AffineTransform_float_3_3
Parameters: 0.999999 -0.00026303 -0.00140925 0.000259972 0.999996 -0.00285837 0.00140975 0.00285863 0.999995 0.0140844 0.0260335 0.314105
FixedParameters: 0 0 0

#Transform 177
Transform: AffineTransform_float_3_3
Parameters: 0.999999 -0.000262714 -0.00140931 0.000259288 0.999997 -0.00263437 0.00140969 0.00263463 0.999995 0.00945064 0.0326682 0.390039
FixedParameters: 0 0 0

#Transform 178
Transform: AffineTransform_float_3_3
Parameters: 0.999999 -0.000456138 -0.000755713 0.000453864 0.999996 -0.00282634 0.000756286 0.00282666 0.999995 -0.00953473 0.0519254 0.343916
FixedParameters: 0 0 0

#Transform 179
Transform: AffineTransform_float_3_3
Parameters: 1 -0.000261165 -0.000967419 0.000259834 0.999998 -0.00223725 0.000968584 0.00223675 0.999997 -0.00424767 -0.000672897 0.402529
FixedParameters: 0 0 0

#Transform 180
Transform: AffineTransform_float_3_3
Parameters: 0.999999 -0.000494459 -0.00126265 0.000490541 0.999996 -0.00273762 0.00126435 0.00273738 0.999996 0.0273092 0.0812415 0.386558
FixedParameters: 0 0 0

#Transform 181
Transform: AffineTransform_float_3_3
Parameters: 0.999999 -0.000508697 -0.000737832 0.000506302 0.999997 -0.00229938 0.000739166 0.00229863 0.999997 0.0036222 -0.0148839 0.372909
FixedParameters: 0 0 0

#Transform 182
Transform: AffineTransform_float_3_3
Parameters: 0.999999 -0.000262653 -0.00121922 0.000259349 0.999996 -0.00299432 0.00121978 0.00299468 0.999995 0.0216781 0.0422881 0.386393
FixedParameters: 0 0 0

#Transform 183
Transform: AffineTransform_float_3_3
Parameters: 1 6.75891e-05 -0.00122014 -7.04106e-05 0.999998 -0.00197592 0.00121986 0.00197608 0.999998 0.0211793 0.0184519 0.391343
FixedParameters: 0 0 0

#Transform 184
Transform: AffineTransform_float_3_3
Parameters: 1 -2.76607e-05 -0.00121994 2.43391e-05 0.999997 -0.00218103 0.00122006 0.00218097 0.999997 0.00200328 -0.0194062 0.387399
FixedParameters: 0 0 0

#Transform 185
Transform: AffineTransform_float_3_3
Parameters: 1 -0.000383769 -0.00101095 0.00038123 0.999996 -0.00273839 0.00101205 0.00273761 0.999995 -0.000188392 0.0283702 0.344046
FixedParameters: 0 0 0

#Transform 186
Transform: AffineTransform_float_3_3
Parameters: 1 -0.000134215 -0.00111662 0.000130786 0.999996 -0.00287915 0.00111638 0.00287885 0.999995 0.0330303 0.0217399 0.327913
FixedParameters: 0 0 0

#Transform 187
Transform: AffineTransform_float_3_3
Parameters: 0.999999 -0.000673025 -0.00123636 0.000669975 0.999997 -0.00244583 0.00123764 0.00244517 0.999996 0.0285558 0.0154318 0.331552
FixedParameters: 0 0 0

#Transform 188
Transform: AffineTransform_float_3_3
Parameters: 1 -0.000666301 -0.000940373 0.000664699 0.999997 -0.00244563 0.000941628 0.00244437 0.999996 0.0305547 0.0563843 0.267665
FixedParameters: 0 0 0

#Transform 189
Transform: AffineTransform_float_3_3
Parameters: 1 -0.00038296 -0.00108131 0.000381039 0.999999 -0.00181241 0.00108269 0.00181159 0.999998 0.0207127 -0.0267226 0.322147
FixedParameters: 0 0 0

#Transform 190
Transform: AffineTransform_float_3_3
