#Insight Transform File V1.0
#Transform 0
Transform: AffineTransform_float_3_3
Parameters: 0.999988 -0.00285349 0.00396069 0.00288151 0.99997 -0.00720967 -0.00394031 0.00722133 0.999966 0.220591 0.093363 -0.132705
FixedParameters: 0 0 0

#Transform 1
Transform: AffineTransform_float_3_3
Parameters: 0.999986 -0.00345965 0.00406376 0.00349134 0.999962 -0.00797993 -0.00403524 0.00799407 0.99996 0.268034 0.13651 -0.179895
FixedParameters: 0 0 0

#Transform 2
Transform: AffineTransform_float_3_3
Parameters: 0.999985 -0.0042587 0.00344899 0.00428631 0.999959 -0.00794834 -0.00341501 0.00796267 0.999963 0.30931 0.157006 -0.14366
FixedParameters: 0 0 0

#Transform 3
Transform: AffineTransform_float_3_3
Parameters: 0.999983 -0.0043571 0.00371794 0.00438489 0.999962 -0.00752782 -0.00368506 0.00754418 0.999965 0.299253 0.129971 -0.229875
FixedParameters: 0 0 0

#Transform 4
Transform: AffineTransform_float_3_3
Parameters: 0.999987 -0.00458386 0.00213322 0.00460115 0.999956 -0.00810028 -0.00209678 0.00810971 0.999965 0.278523 0.187702 -0.154545
FixedParameters: 0 0 0

#Transform 5
Transform: AffineTransform_float_3_3
Parameters: 0.999987 -0.00482169 0.00121618 0.0048253 0.999984 -0.00273016 -0.00120282 0.00273583 0.999995 0.319773 -0.0954021 -0.186052
FixedParameters: 0 0 0

#Transform 6
Transform: AffineTransform_float_3_3
Parameters: 0.999988 -0.00278575 0.00418186 0.00277425 0.999993 0.00257463 -0.00418914 -0.00256236 0.999988 0.141446 -0.288617 0.0829231
FixedParameters: 0 0 0

#Transform 7
Transform: AffineTransform_float_3_3
Parameters: 0.999992 -0.0013953 0.00360934 0.0013917 0.999999 0.00119303 -0.00361066 -0.00118797 0.999993 0.0881188 -0.164845 -0.0324692
FixedParameters: 0 0 0

#Transform 8
Transform: AffineTransform_float_3_3
Parameters: 0.999997 -0.000704756 0.00210808 0.000708241 0.999998 -0.00153751 -0.00210691 0.00153949 0.999996 0.023892 -0.159732 -0.245638
FixedParameters: 0 0 0

#Transform 9
Transform: AffineTransform_float_3_3
Parameters: 0.999997 -0.000273712 0.00239303 0.000274286 1 -0.000119344 -0.00239297 0.000120655 0.999997 -0.00233695 -0.127498 0.01453
FixedParameters: 0 0 0

#Transform 10
Transform: AffineTransform_float_3_3
Parameters: 0.999998 -0.000268531 0.00160242 0.000270471 0.999999 -0.00154157 -0.00160259 0.00154143 0.999998 -0.0302455 -0.0275258 0.089727
FixedParameters: 0 0 0

#Transform 11
Transform: AffineTransform_float_3_3
Parameters: 0.999999 -0.000169452 0.00084711 0.000169548 1 -0.000646857 -0.000846891 0.000647144 1 -0.0119532 -0.0275739 0.0967055
FixedParameters: 0 0 0

#Transform 12
Transform: AffineTransform_float_3_3
Parameters: 0.999999 -0.00062087 0.000582137 0.000621129 1 -0.000221638 -0.000581862 0.000222361 1 0.00174665 -0.0384699 0.0646175
FixedParameters: 0 0 0

#Transform 13
Transform: AffineTransform_float_3_3
Parameters: 1 -0.000302 1.06221e-06 0.000302 1 -0.000206 -1.93779e-06 0.000206001 1 0.037092 -0.0256047 -0.144323
FixedParameters: 0 0 0

#Transform 14
Transform: AffineTransform_float_3_3
Parameters: 1 9.60071e-05 -0.000339998 -9.59928e-05 1 2.10326e-05 0.000340002 -2.09674e-05 1 0.0371891 -0.0222697 -0.105134
FixedParameters: 0 0 0

#Transform 15
Transform: AffineTransform_float_3_3
Parameters: 1 -0.000276212 -0.000518887 0.000275788 1 -0.000408143 0.000519112 0.000407857 1 0.0507608 0.015728 -0.0990025
FixedParameters: 0 0 0

#Transform 16
Transform: AffineTransform_float_3_3
Parameters: 1 -1.28727e-05 -0.000281006 1.31273e-05 1 0.000452996 0.000280994 -0.000453004 1 0.0116018 -0.0693479 -0.110547
FixedParameters: 0 0 0

#Transform 17
Transform: AffineTransform_float_3_3
Parameters: 1 -7.59963e-05 -1.20233e-05 7.60037e-05 1 0.000306999 1.19767e-05 -0.000307001 1 -0.0041527 -0.0516365 -0.114434
FixedParameters: 0 0 0

#Transform 18
Transform: AffineTransform_float_3_3
Parameters: 1 -0.000621078 -0.000106547 0.000620921 0.999999 -0.000730066 0.000107453 0.000729933 0.999999 0.0372792 0.00909173 0.0179933
FixedParameters: 0 0 0

#Transform 19
Transform: AffineTransform_float_3_3
Parameters: 1 -1.94832e-06 -0.000107001 2.05168e-06 1 0.000483 0.000106999 -0.000483 1 -0.00992333 -0.0604838 -0.0386003
FixedParameters: 0 0 0

#Transform 20
Transform: AffineTransform_float_3_3
Parameters: 1 -0.000145934 -0.000107089 0.000146066 1 0.000612984 0.00010691 -0.000613015 1 0.00926179 -0.0151571 0.0142157
FixedParameters: 0 0 0

#Transform 21
Transform: AffineTransform_float_3_3
Parameters: 1 -3.89879e-05 -0.000107004 3.90121e-05 1 0.000112996 0.000106996 -0.000113004 1 0.0131604 -0.0241999 0.0433171
FixedParameters: 0 0 0

#Transform 22
Transform: AffineTransform_float_3_3
Parameters: 0.999999 0.000741028 -0.000106804 -0.000741971 0.999999 0.000265079 0.000107197 -0.000265921 1 -0.0425192 -0.0441891 -0.0585862
FixedParameters: 0 0 0

#Transform 23
Transform: AffineTransform_float_3_3
Parameters: 1 0.000409988 -0.000107044 -0.000410011 1 -0.000106956 0.000106956 0.000107044 1 -0.0104247 0.00847139 -0.0343612
FixedParameters: 0 0 0

#Transform 24
Transform: AffineTransform_float_3_3
Parameters: 1 0.000410056 -0.000106786 -0.000409944 1 0.000521044 0.000107214 -0.000520956 1 -0.0199902 -0.0468546 -0.0267445
FixedParameters: 0 0 0

#Transform 25
Transform: AffineTransform_float_3_3
Parameters: 1 0.000410301 -0.000356653 -0.000409698 0.999999 0.000845146 0.000357346 -0.000844853 0.999999 -0.0244927 -0.0188825 -0.0472015
FixedParameters: 0 0 0

#Transform 26
Transform: AffineTransform_float_3_3
Parameters: 1 0.000410025 -0.000223954 -0.000409975 1 0.000113092 0.000224046 -0.000112908 1 -0.0281247 0.0472296 -0.0413547
FixedParameters: 0 0 0

#Transform 27
Transform: AffineTransform_float_3_3
Parameters: 1 0.00052412 -0.000106411 -0.000523879 0.999999 0.00112406 0.000107589 -0.00112394 1 -0.0371576 -0.0287941 0.00664129
FixedParameters: 0 0 0

#Transform 28
Transform: AffineTransform_float_3_3
Parameters: 1 0.000410074 -0.000106716 -0.000409926 0.999999 0.000693043 0.000107284 -0.000693956 1 -0.0313185 -0.00700081 -0.0574679
FixedParameters: 0 0 0

#Transform 29
Transform: AffineTransform_float_3_3
Parameters: 1 0.000410036 -0.000228936 -0.000409964 1 0.000156094 0.000229064 -0.000155906 1 -0.0280008 0.0312426 0.0583613
FixedParameters: 0 0 0

#Transform 30
Transform: AffineTransform_float_3_3
Parameters: 1 0.000410284 -0.000258551 -0.000409717 1 0.00109611 0.000258449 -0.00109589 1 -0.00912749 -0.0324861 0.0160344
FixedParameters: 0 0 0

#Transform 31
Transform: AffineTransform_float_3_3
Parameters: 1 3.52491e-05 -0.000285969 -3.47509e-05 0.999999 0.000871009 0.00028603 -0.000870989 0.999999 0.00651786 0.00549704 -0.0150519
FixedParameters: 0 0 0

#Transform 32
Transform: AffineTransform_float_3_3
Parameters: 1 -0.000148954 -0.000107064 0.000149046 1 0.000430984 0.000106936 -0.000431016 1 -0.0001918 0.0260069 0.0467058
FixedParameters: 0 0 0

#Transform 33
Transform: AffineTransform_float_3_3
Parameters: 1 0.000479084 -0.000106622 -0.000478915 0.999999 0.000789051 0.000107378 -0.000788948 0.999999 -0.0265794 -0.00661233 0.0282911
FixedParameters: 0 0 0

#Transform 34
Transform: AffineTransform_float_3_3
Parameters: 1 0.000280065 -0.000106831 -0.000279935 1 0.00060403 0.000107169 -0.00060397 1 -0.0394399 0.021106 0.0263205
FixedParameters: 0 0 0

#Transform 35
Transform: AffineTransform_float_3_3
Parameters: 1 -0.000148966 -0.000107047 0.000149034 1 0.000314984 0.000106953 -0.000315016 1 -0.000200539 0.0615144 0.0789307
FixedParameters: 0 0 0

#Transform 36
Transform: AffineTransform_float_3_3
Parameters: 1 0.000247922 -0.00010718 -0.000248078 0.999999 -0.000724973 0.00010782 0.000725026 0.999999 -0.00947461 0.0392697 -0.0368519
FixedParameters: 0 0 0

#Transform 37
Transform: AffineTransform_float_3_3
Parameters: 1 0.00053988 -0.000107605 -0.000540121 0.999999 -0.00112094 0.000107395 0.00112106 1 -0.0376578 0.0765172 -0.0322529
FixedParameters: 0 0 0

#Transform 38
Transform: AffineTransform_float_3_3
Parameters: 1 0.00032816 -0.000585471 -0.00032884 0.999999 -0.00143481 0.000585528 0.00143519 0.999999 0.0024615 0.0212081 -0.0443238
FixedParameters: 0 0 0

#Transform 39
Transform: AffineTransform_float_3_3
Parameters: 1 0.000522085 -0.000464904 -0.000521914 1 0.000184243 0.000465096 -0.000183757 1 -0.0191196 0.00140772 -0.0413868
FixedParameters: 0 0 0

#Transform 40
Transform: AffineTransform_float_3_3
Parameters: 1 0.000530008 -2.88516e-05 -0.000529992 1 0.000280015 2.91484e-05 -0.000279985 1 -0.0352597 0.0680629 0.0693674
FixedParameters: 0 0 0

#Transform 41
Transform: AffineTransform_float_3_3
Parameters: 0.999999 0.000793755 0.000205947 -0.000794245 0.999999 0.00119284 -0.000205053 -0.00119316 1 -0.0488552 -0.00320826 0.00308816
FixedParameters: 0 0 0

#Transform 42
Transform: AffineTransform_float_3_3
Parameters: 1 0.000612106 -0.000334806 -0.000612893 1 0.000317205 0.000335194 -0.000316795 1 -0.0353842 0.0626093 -0.000876605
FixedParameters: 0 0 0

#Transform 43
Transform: AffineTransform_float_3_3
Parameters: 0.999999 0.000796468 -0.000440153 -0.000795531 0.999999 0.00106435 0.000440847 -0.00106365 1 -0.0429256 0.000441259 0.0691852
FixedParameters: 0 0 0

#Transform 44
Transform: AffineTransform_float_3_3
Parameters: 1 0.000901904 -0.000642733 -0.000901097 0.999998 0.00140558 0.000643267 -0.00140542 0.999999 -0.0642909 -0.00979824 0.00695682
FixedParameters: 0 0 0

#Transform 45
Transform: AffineTransform_float_3_3
Parameters: 0.999999 0.000661135 -0.000310712 -0.000660864 0.999999 0.000435205 0.000311287 -0.000434794 1 -0.0558298 0.0592997 0.0556749
FixedParameters: 0 0 0

#Transform 46
Transform: AffineTransform_float_3_3
Parameters: 0.999999 0.000902415 -0.00123397 -0.000900584 0.999999 0.00114711 0.00123503 -0.00114589 0.999998 -0.0362557 -0.0164714 0.0564789
FixedParameters: 0 0 0

#Transform 47
Transform: AffineTransform_float_3_3
Parameters: 0.999999 0.00112205 -0.000592007 -0.00112095 0.999998 0.00177767 0.000593993 -0.00177634 0.999998 -0.0893808 -0.0340244 0.0500137
FixedParameters: 0 0 0

#Transform 48
Transform: AffineTransform_float_3_3
Parameters: 0.999998 0.00164205 -0.000397674 -0.00164095 0.999995 0.00263566 0.000402325 -0.00263434 0.999997 -0.118013 -0.0462751 0.0477908
FixedParameters: 0 0 0

#Transform 49
Transform: AffineTransform_float_3_3
Parameters: 0.999997 0.00128851 -0.00206433 -0.00128149 0.999993 0.00363566 0.00206967 -0.00363235 0.999992 -0.0769446 -0.0665394 0.247106
FixedParameters: 0 0 0

#Transform 50
Transform: AffineTransform_float_3_3
Parameters: 0.999995 0.000909806 -0.00307941 -0.000901192 0.999995 0.00285979 0.00308259 -0.00285721 0.999991 -0.0112556 -0.056372 0.230291
FixedParameters: 0 0 0

#Transform 51
Transform: AffineTransform_float_3_3
Parameters: 0.999995 0.00216187 -0.00200749 -0.00215313 0.999988 0.00440934 0.00201651 -0.00440466 0.999989 -0.111631 -0.183396 0.258698
FixedParameters: 0 0 0

#Transform 52
Transform: AffineTransform_float_3_3
Parameters: 0.999998 0.00154102 -0.00161835 -0.00153398 0.99999 0.0043295 0.00162566 -0.00432651 0.99999 -0.0957375 -0.180202 0.298794
FixedParameters: 0 0 0

#Transform 53
Transform: AffineTransform_float_3_3
Parameters: 0.999998 0.00137156 -0.00138351 -0.00136544 0.999991 0.0040149 0.00138849 -0.0040131 0.999991 -0.0825769 -0.182358 0.255058
FixedParameters: 0 0 0

#Transform 54
Transform: AffineTransform_float_3_3
Parameters: 0.999998 0.000622117 -0.00177321 -0.000616883 0.999995 0.0028851 0.00177479 -0.0028839 0.999995 -0.0252094 -0.127201 0.194061
FixedParameters: 0 0 0

#Transform 55
Transform: AffineTransform_float_3_3
Parameters: 0.999997 0.000182437 -0.00211529 -0.000174562 0.999992 0.00398738 0.00211671 -0.00398762 0.99999 0.0122244 -0.134874 0.286938
FixedParameters: 0 0 0

#Transform 56
Transform: AffineTransform_float_3_3
Parameters: 0.999998 0.000516456 -0.00160562 -0.000509546 0.999989 0.00464082 0.00160738 -0.00464018 0.999988 -0.0372951 -0.19317 0.21913
FixedParameters: 0 0 0

#Transform 57
Transform: AffineTransform_float_3_3
Parameters: 0.999999 0.000691286 -0.0012551 -0.000685715 0.999991 0.00420687 0.0012579 -0.00420614 0.999991 -0.0479478 -0.113371 0.223746
FixedParameters: 0 0 0

#Transform 58
Transform: AffineTransform_float_3_3
Parameters: 0.999999 0.000647761 -0.00136829 -0.000642236 0.999991 0.00420688 0.00137171 -0.00420612 0.99999 -0.0559925 -0.0927363 0.279579
FixedParameters: 0 0 0

#Transform 59
Transform: AffineTransform_float_3_3
Parameters: 0.999998 0.00135601 -0.00155793 -0.00134899 0.999989 0.00449211 0.00156407 -0.00448989 0.999988 -0.104772 -0.121181 0.24238
FixedParameters: 0 0 0

#Transform 60
Transform: AffineTransform_float_3_3
Parameters: 0.999999 0.00131065 -0.0012371 -0.00130636 0.999992 0.00374862 0.0012419 -0.00374638 0.999992 -0.106475 -0.047222 0.25158
FixedParameters: 0 0 0

#Transform 61
Transform: AffineTransform_float_3_3
Parameters: 0.999998 0.00148247 -0.00143635 -0.00147653 0.999989 0.00449613 0.00144265 -0.00449387 0.999989 -0.108054 -0.081365 0.309725
FixedParameters: 0 0 0

#Transform 62
Transform: AffineTransform_float_3_3
Parameters: 0.999998 0.00155607 -0.00133295 -0.00154993 0.999989 0.00454108 0.00134005 -0.00453893 0.999989 -0.132998 -0.0902477 0.263952
FixedParameters: 0 0 0

#Transform 63
Transform: AffineTransform_float_3_3
Parameters: 0.999998 0.00106143 -0.00160877 -0.00105557 0.999991 0.0039937 0.00161323 -0.00399229 0.99999 -0.093427 -0.0277122 0.386429
FixedParameters: 0 0 0

#Transform 64
Transform: AffineTransform_float_3_3
Parameters: 0.999998 0.00106461 -0.00177527 -0.00105539 0.999985 0.00540788 0.00178073 -0.00540611 0.999984 -0.0890495 -0.131735 0.410285
FixedParameters: 0 0 0

#Transform 65
Transform: AffineTransform_float_3_3
Parameters: 0.999999 0.000869206 -0.00147637 -0.000863797 0.999991 0.00419828 0.00147964 -0.00419772 0.99999 -0.101343 -0.0470005 0.465615
FixedParameters: 0 0 0

#Transform 66
Transform: AffineTransform_float_3_3
Parameters: 0.999998 0.00108547 -0.00157889 -0.00107753 0.999989 0.00472571 0.00158411 -0.00472429 0.999987 -0.111411 -0.110518 0.455599
FixedParameters: 0 0 0

#Transform 67
Transform: AffineTransform_float_3_3
Parameters: 0.999999 0.00115903 -0.00139802 -0.00115297 0.99999 0.00430662 0.00140298 -0.00430538 0.999989 -0.109346 -0.0336551 0.431394
FixedParameters: 0 0 0

#Transform 68
Transform: AffineTransform_float_3_3
Parameters: 0.999998 0.00131122 -0.00142037 -0.00130378 0.999987 0.00507086 0.00142663 -0.00506914 0.999986 -0.104096 -0.0439697 0.427747
FixedParameters: 0 0 0

#Transform 69
Transform: AffineTransform_float_3_3
Parameters: 0.999997 0.00154686 -0.00190805 -0.00153714 0.999985 0.00515995 0.00191595 -0.00515705 0.999985 -0.114877 -0.0812486 0.334042
FixedParameters: 0 0 0

#Transform 70
Transform: AffineTransform_float_3_3
Parameters: 0.999998 0.00104072 -0.00179054 -0.00103328 0.99999 0.00430686 0.00179447 -0.00430514 0.999989 -0.0975983 -0.018096 0.446733
FixedParameters: 0 0 0

#Transform 71
Transform: AffineTransform_float_3_3
Parameters: 0.999996 0.00127338 -0.00222051 -0.00126262 0.999986 0.00512082 0.00222649 -0.00511818 0.999985 -0.0992224 -0.0962327 0.459472
FixedParameters: 0 0 0

#Transform 72
Transform: AffineTransform_float_3_3
Parameters: 0.999998 0.00104325 -0.00165006 -0.00103675 0.999993 0.00378672 0.00165394 -0.00378428 0.999992 -0.0943585 -0.00608773 0.463532
FixedParameters: 0 0 0

#Transform 73
Transform: AffineTransform_float_3_3
Parameters: 0.999997 0.00117128 -0.00183611 -0.00116172 0.999986 0.00504814 0.00184189 -0.00504585 0.999985 -0.102289 -0.0563188 0.486002
FixedParameters: 0 0 0

#Transform 74
Transform: AffineTransform_float_3_3
Parameters: 0.999998 0.00123066 -0.00194555 -0.00122235 0.99999 0.00444339 0.00195045 -0.00444161 0.999988 -0.0999979 -0.0224772 0.444586
FixedParameters: 0 0 0

#Transform 75
Transform: AffineTransform_float_3_3
Parameters: 0.999998 0.00107632 -0.00171142 -0.00106868 0.999991 0.00427084 0.00171658 -0.00426816 0.99999 -0.109547 -0.0181042 0.512915
FixedParameters: 0 0 0

#Transform 76
Transform: AffineTransform_float_3_3
Parameters: 0.999997 0.0015147 -0.00158367 -0.00150731 0.999987 0.0048494 0.00159033 -0.0048476 0.999987 -0.133569 -0.0610817 0.479097
FixedParameters: 0 0 0

#Transform 77
Transform: AffineTransform_float_3_3
Parameters: 0.999997 0.00197735 -0.00153988 -0.00197165 0.99999 0.00411305 0.00154812 -0.00410996 0.999991 -0.165899 -0.00372764 0.515653
FixedParameters: 0 0 0

#Transform 78
Transform: AffineTransform_float_3_3
Parameters: 0.999996 0.00243451 -0.0015729 -0.00242649 0.999982 0.00539084 0.0015861 -0.00538716 0.999984 -0.205963 -0.057301 0.491762
FixedParameters: 0 0 0

#Transform 79
Transform: AffineTransform_float_3_3
Parameters: 0.999997 0.00194006 -0.00191286 -0.00193194 0.99999 0.00420771 0.00192114 -0.00420429 0.99999 -0.163734 0.0153832 0.494387
FixedParameters: 0 0 0

#Transform 80
Transform: AffineTransform_float_3_3
Parameters: 0.999997 0.00178855 -0.00169598 -0.00177944 0.999982 0.00561903 0.00170602 -0.00561596 0.999983 -0.151626 -0.0598806 0.536997
FixedParameters: 0 0 0

#Transform 81
Transform: AffineTransform_float_3_3
Parameters: 0.999997 0.00178682 -0.00172795 -0.00177918 0.999988 0.00451709 0.00173605 -0.00451391 0.999989 -0.150678 -0.0039519 0.528649
FixedParameters: 0 0 0

#Transform 82
Transform: AffineTransform_float_3_3
Parameters: 0.999996 0.00178853 -0.00187395 -0.00177947 0.999986 0.00507436 0.00188305 -0.00507165 0.999986 -0.157785 -0.0423712 0.554625
FixedParameters: 0 0 0

#Transform 83
Transform: AffineTransform_float_3_3
Parameters: 0.999996 0.00188862 -0.00201007 -0.00187838 0.999985 0.0052728 0.00201993 -0.00526821 0.999984 -0.15196 -0.0513568 0.52709
FixedParameters: 0 0 0

#Transform 84
Transform: AffineTransform_float_3_3
Parameters: 0.999998 0.00173007 -0.00116248 -0.00172493 0.999989 0.00435201 0.00116952 -0.00434999 0.99999 -0.165307 -0.0183263 0.486647
FixedParameters: 0 0 0

#Transform 85
Transform: AffineTransform_float_3_3
Parameters: 0.999993 0.00301723 -0.00218166 -0.00300877 0.999989 0.00376659 0.00219234 -0.00375941 0.99999 -0.105994 -0.176443 0.396103
FixedParameters: 0 0 0

#Transform 86
Transform: AffineTransform_float_3_3
Parameters: 0.999989 0.00217673 -0.00417086 -0.00216327 0.999992 0.00329406 0.00417814 -0.00328494 0.999986 0.207552 -0.0196673 0.285036
FixedParameters: 0 0 0

#Transform 87
Transform: AffineTransform_float_3_3
Parameters: 0.999995 0.00196057 -0.00273746 -0.00195043 0.99999 0.00385936 0.00274554 -0.00385464 0.999989 0.149917 -0.0451476 0.274297
FixedParameters: 0 0 0

#Transform 88
Transform: AffineTransform_float_3_3
Parameters: 0.999995 0.00143229 -0.00276069 -0.00142171 0.999992 0.00372594 0.00276631 -0.00372206 0.999989 0.113905 0.0208807 0.474825
FixedParameters: 0 0 0

#Transform 89
Transform: AffineTransform_float_3_3
Parameters: 0.999996 0.00171198 -0.00252693 -0.00169903 0.999988 0.00473332 0.00253507 -0.00472968 0.999985 0.0522214 -0.0254635 0.444973
FixedParameters: 0 0 0

#Transform 90
Transform: AffineTransform_float_3_3
Parameters: 0.999998 0.000857165 -0.00176855 -0.000849833 0.999992 0.00404851 0.00177245 -0.00404649 0.99999 0.0968904 0.0203364 0.48493
FixedParameters: 0 0 0

#Transform 91
Transform: AffineTransform_float_3_3
Parameters: 0.999997 -0.000604703 -0.00266835 0.000615299 0.999993 0.00385937 0.00266664 -0.00386163 0.999989 0.264707 0.0687559 0.46236
FixedParameters: 0 0 0

#Transform 92
Transform: AffineTransform_float_3_3
Parameters: 0.999996 -0.00154537 -0.00230713 0.00155263 0.999994 0.00330943 0.00230187 -0.00331357 0.999992 0.310927 0.12041 0.412246
FixedParameters: 0 0 0

#Transform 93
Transform: AffineTransform_float_3_3
Parameters: 0.999994 -0.00110592 -0.00341893 0.00111709 0.999993 0.0035352 0.00341507 -0.0035388 0.999988 0.290481 0.0195641 0.434256
FixedParameters: 0 0 0

#Transform 94
Transform: AffineTransform_float_3_3
Parameters: 0.999992 -5.40206e-05 -0.00387022 6.79776e-05 0.999993 0.00361176 0.00386978 -0.00361223 0.999986 0.214804 -0.0792919 0.38587
FixedParameters: 0 0 0

#Transform 95
Transform: AffineTransform_float_3_3
Parameters: 0.999991 -0.000283277 -0.00409164 0.000305724 0.999984 0.00555379 0.00409036 -0.0055552 0.999976 0.168023 -0.0964189 0.404923
FixedParameters: 0 0 0

#Transform 96
Transform: AffineTransform_float_3_3
Parameters: 0.999995 0.000134167 -0.00337447 -0.000119834 0.999991 0.00419843 0.00337454 -0.00419757 0.999986 0.139097 -0.070847 0.370756
FixedParameters: 0 0 0

#Transform 97
Transform: AffineTransform_float_3_3
Parameters: 0.999995 -0.000383531 -0.00306169 0.000388468 0.999999 0.00178582 0.00306031 -0.00178718 0.999993 0.195193 0.0525356 0.389103
FixedParameters: 0 0 0

#Transform 98
Transform: AffineTransform_float_3_3
Parameters: 0.999996 9.63729e-05 -0.00306069 -8.66287e-05 0.999995 0.00338928 0.00306031 -0.00338872 0.999989 0.168568 -0.0226975 0.370526
FixedParameters: 0 0 0

#Transform 99
Transform: AffineTransform_float_3_3
Parameters: 0.999996 -0.000199973 -0.00306133 0.000205025 0.999998 0.00164138 0.00306067 -0.00164262 0.999994 0.207059 0.0843069 0.329368
FixedParameters: 0 0 0

#Transform 100
Transform: AffineTransform_float_3_3
Parameters: 0.999994 0.00022145 -0.00348741 -0.000212549 0.999997 0.00270976 0.00348859 -0.00270925 0.99999 0.202632 0.0205965 0.328838
FixedParameters: 0 0 0

#Transform 101
Transform: AffineTransform_float_3_3
Parameters: 0.999994 0.000354329 -0.00324921 -0.000346668 0.999998 0.00225614 0.00325079 -0.00225486 0.999992 0.184792 0.0400133 0.279917
FixedParameters: 0 0 0

#Transform 102
Transform: AffineTransform_float_3_3
Parameters: 0.999991 -0.000416111 -0.00404261 0.000421889 0.999999 0.00145631 0.00404139 -0.00145769 0.999991 0.277287 0.138809 0.365594
FixedParameters: 0 0 0

#Transform 103
Transform: AffineTransform_float_3_3
Parameters: 0.999994 -0.000157923 -0.00342748 0.00016808 0.999995 0.00294044 0.00342752 -0.00294056 0.99999 0.245063 0.0612513 0.394451
FixedParameters: 0 0 0

#Transform 104
Transform: AffineTransform_float_3_3
Parameters: 0.999996 -0.000296988 -0.00304069 0.000304014 0.999998 0.00230609 0.00304031 -0.00230691 0.999992 0.241862 0.127211 0.383442
FixedParameters: 0 0 0

#Transform 105
Transform: AffineTransform_float_3_3
Parameters: 0.999992 -1.61837e-05 -0.00401805 2.58158e-05 0.999997 0.00244292 0.00401795 -0.00244308 0.999989 0.262647 0.190881 0.387247
FixedParameters: 0 0 0

#Transform 106
Transform: AffineTransform_float_3_3
Parameters: 0.999992 0.000161291 -0.0041508 -0.00015571 0.999999 0.00127466 0.0041512 -0.00127434 0.99999 0.262855 0.159289 0.0870078
FixedParameters: 0 0 0

#Transform 107
Transform: AffineTransform_float_3_3
Parameters: 0.999993 -0.000340793 -0.00387937 0.000344207 1 0.00108367 0.00387963 -0.00108533 0.999992 0.305245 0.114854 0.266602
FixedParameters: 0 0 0

#Transform 108
Transform: AffineTransform_float_3_3
Parameters: 0.999994 -0.000274471 -0.00362942 0.000279529 0.999999 0.001523 0.00362858 -0.00152401 0.999993 0.278749 0.118165 0.221824
FixedParameters: 0 0 0

#Transform 109
Transform: AffineTransform_float_3_3
Parameters: 0.999994 -0.0002032 -0.00366056 0.0002138 0.999997 0.00267724 0.00365944 -0.00267776 0.999989 0.291228 0.0612461 0.231817
FixedParameters: 0 0 0

#Transform 110
Transform: AffineTransform_float_3_3
Parameters: 0.999993 -0.000673032 -0.00364048 0.000680968 0.999998 0.00218754 0.00363952 -0.00219047 0.999991 0.31941 0.113891 0.323471
FixedParameters: 0 0 0

#Transform 111
Transform: AffineTransform_float_3_3
Parameters: 0.999993 -0.000270705 -0.00357072 0.000280294 0.999997 0.00260302 0.00356928 -0.00260399 0.99999 0.282513 0.0733674 0.267325
FixedParameters: 0 0 0

#Transform 112
Transform: AffineTransform_float_3_3
Parameters: 0.999995 -0.000462803 -0.00317176 0.000468199 0.999999 0.00163852 0.00317124 -0.00163948 0.999993 0.285426 0.126625 0.347883
FixedParameters: 0 0 0

#Transform 113
Transform: AffineTransform_float_3_3
Parameters: 0.999996 -0.000102236 -0.00281929 0.000109763 0.999996 0.0027537 0.00281871 -0.0027543 0.999992 0.2354 0.0776141 0.324815
FixedParameters: 0 0 0

#Transform 114
Transform: AffineTransform_float_3_3
Parameters: 0.999996 -0.000271881 -0.00282479 0.000280117 0.999996 0.00287422 0.00282321 -0.00287478 0.999992 0.258204 0.0965975 0.313518
FixedParameters: 0 0 0

#Transform 115
Transform: AffineTransform_float_3_3
Parameters: 0.999996 -0.000273079 -0.00306762 0.000279923 0.999998 0.00225615 0.00306738 -0.00225685 0.999992 0.269587 0.147571 0.372085
FixedParameters: 0 0 0

#Transform 116
Transform: AffineTransform_float_3_3
Parameters: 0.999995 -0.000217341 -0.00293558 0.000225661 0.999996 0.00260935 0.00293542 -0.00260965 0.999993 0.261214 0.0838917 0.321422
FixedParameters: 0 0 0

#Transform 117
Transform: AffineTransform_float_3_3
Parameters: 0.999995 -0.000223161 -0.00293753 0.000229841 0.999998 0.00232834 0.00293747 -0.00232867 0.999993 0.260219 0.114781 0.301116
FixedParameters: 0 0 0

#Transform 118
Transform: AffineTransform_float_3_3
Parameters: 0.999994 -0.000273275 -0.00323757 0.000279721 0.999998 0.0020761 0.00323642 -0.00207789 0.999992 0.286325 0.150163 0.360874
FixedParameters: 0 0 0

#Transform 119
Transform: AffineTransform_float_3_3
Parameters: 0.999996 -1.76647e-05 -0.00289107 2.73349e-05 0.999995 0.00322893 0.00289093 -0.00322906 0.99999 0.222552 0.0848881 0.332941
FixedParameters: 0 0 0

#Transform 120
Transform: AffineTransform_float_3_3
Parameters: 0.999996 -0.000274127 -0.00280058 0.000279873 0.999998 0.00209722 0.00279942 -0.00209777 0.999994 0.237741 0.123591 0.302815
FixedParameters: 0 0 0

#Transform 121
Transform: AffineTransform_float_3_3
Parameters: 0.999996 -0.000379195 -0.00298574 0.000384806 0.999998 0.00194386 0.00298526 -0.00194514 0.999993 0.272868 0.146588 0.384766
FixedParameters: 0 0 0

#Transform 122
Transform: AffineTransform_float_3_3
Parameters: 0.999997 -0.000272172 -0.0026948 0.00027983 0.999995 0.00290526 0.0026942 -0.00290574 0.999992 0.246265 0.0674389 0.352083
FixedParameters: 0 0 0

#Transform 123
Transform: AffineTransform_float_3_3
Parameters: 0.999996 -0.000386802 -0.00300681 0.000393198 0.999998 0.00206083 0.0030062 -0.00206217 0.999994 0.276897 0.121767 0.326845
FixedParameters: 0 0 0

#Transform 124
Transform: AffineTransform_float_3_3
Parameters: 0.999996 -0.000757965 -0.00269371 0.000764036 0.999997 0.00223995 0.00269229 -0.00224205 0.999994 0.294403 0.137544 0.364648
FixedParameters: 0 0 0

#Transform 125
Transform: AffineTransform_float_3_3
Parameters: 0.999996 -0.000754381 -0.00279162 0.000763616 0.999994 0.00344588 0.00278838 -0.00344812 0.99999 0.308939 0.0712515 0.387316
FixedParameters: 0 0 0

#Transform 126
Transform: AffineTransform_float_3_3
Parameters: 0.999995 -0.001041 -0.0031893 0.001048 0.999997 0.00219467 0.00318771 -0.00219733 0.999993 0.341386 0.152195 0.381165
FixedParameters: 0 0 0

#Transform 127
Transform: AffineTransform_float_3_3
Parameters: 0.999994 -0.00110313 -0.00324403 0.00111188 0.999995 0.00273541 0.00324097 -0.00273859 0.999991 0.345943 0.148501 0.430819
FixedParameters: 0 0 0

#Transform 128
Transform: AffineTransform_float_3_3
Parameters: 0.999995 -0.00116964 -0.00309056 0.00117836 0.999994 0.00302937 0.00308644 -0.00303362 0.99999 0.35862 0.12038 0.42516
FixedParameters: 0 0 0

#Transform 129
Transform: AffineTransform_float_3_3
Parameters: 0.999993 -0.00194161 -0.00317676 0.00195039 0.999993 0.00295582 0.00317024 -0.00296217 0.99999 0.42336 0.115613 0.422466
FixedParameters: 0 0 0

#Transform 130
Transform: AffineTransform_float_3_3
Parameters: 0.999993 -0.000970115 -0.00378463 0.00098789 0.999989 0.0047273 0.00378037 -0.0047307 0.999981 0.326658 -0.0284456 0.609719
FixedParameters: 0 0 0

#Transform 131
Transform: AffineTransform_float_3_3
Parameters: 0.999991 -0.00172068 -0.0039151 0.00173932 0.999987 0.00468023 0.0039079 -0.00468777 0.999982 0.399699 -0.0178434 0.585698
FixedParameters: 0 0 0

#Transform 132
Transform: AffineTransform_float_3_3
Parameters: 0.999987 -0.00335192 -0.00381684 0.00337108 0.999982 0.0050032 0.00380016 -0.0050158 0.99998 0.483058 0.0663491 0.588045
FixedParameters: 0 0 0

#Transform 133
Transform: AffineTransform_float_3_3
Parameters: 0.999989 -0.00295099 -0.00371278 0.00296701 0.999987 0.00431503 0.00369921 -0.00432597 0.999984 0.47043 0.10092 0.650199
FixedParameters: 0 0 0

#Transform 134
Transform: AffineTransform_float_3_3
Parameters: 0.99999 -0.00250751 -0.00386036 0.0025315 0.999978 0.00609229 0.00384564 -0.00610171 0.999974 0.454632 0.0535615 0.689498
FixedParameters: 0 0 0

#Transform 135
Transform: AffineTransform_float_3_3
Parameters: 0.999992 -0.00204039 -0.00360802 0.00205761 0.999986 0.00488462 0.00359798 -0.00489238 0.999981 0.408254 0.0633863 0.580007
FixedParameters: 0 0 0

#Transform 136
Transform: AffineTransform_float_3_3
Parameters: 0.99999 -0.0021899 -0.0039421 0.00220809 0.999987 0.00459134 0.00393189 -0.00460066 0.999981 0.431444 0.0801901 0.617628
FixedParameters: 0 0 0

#Transform 137
Transform: AffineTransform_float_3_3
Parameters: 0.999991 -0.00208025 -0.00363023 0.00209775 0.999986 0.00489343 0.00361977 -0.00490057 0.999982 0.407006 0.0452323 0.557866
FixedParameters: 0 0 0

#Transform 138
Transform: AffineTransform_float_3_3
Parameters: 0.999989 -0.00251441 -0.00380402 0.00253159 0.999988 0.00436242 0.00379298 -0.00437258 0.999983 0.45703 0.108034 0.617449
FixedParameters: 0 0 0

#Transform 139
Transform: AffineTransform_float_3_3
Parameters: 0.99999 -0.00198054 -0.00401266 0.00200345 0.999981 0.00585002 0.00400034 -0.00585798 0.999975 0.409345 0.0499179 0.652357
FixedParameters: 0 0 0

#Transform 140
Transform: AffineTransform_float_3_3
Parameters: 0.999992 -0.00226516 -0.00323444 0.00227983 0.999987 0.00459066 0.00322356 -0.00459834 0.999984 0.387687 0.113276 0.632453
FixedParameters: 0 0 0

#Transform 141
Transform: AffineTransform_float_3_3
Parameters: 0.999992 -0.00212216 -0.0035613 0.00214084 0.999983 0.00529542 0.00354971 -0.00530258 0.999979 0.387091 0.0823079 0.674322
FixedParameters: 0 0 0

#Transform 142
Transform: AffineTransform_float_3_3
Parameters: 0.999994 -0.00171092 -0.00319413 0.00172609 0.999988 0.00472652 0.00318587 -0.00473148 0.999983 0.374131 0.0969715 0.635165
FixedParameters: 0 0 0

#Transform 143
Transform: AffineTransform_float_3_3
Parameters: 0.999989 -0.0022194 -0.00399638 0.00223759 0.999986 0.00465511 0.00398562 -0.00466389 0.999981 0.437033 0.120861 0.667037
FixedParameters: 0 0 0

#Transform 144
Transform: AffineTransform_float_3_3
Parameters: 0.999991 -0.0022206 -0.0034672 0.0022374 0.999985 0.00502229 0.0034568 -0.00502972 0.999982 0.420308 0.109356 0.634364
FixedParameters: 0 0 0

#Transform 145
Transform: AffineTransform_float_3_3
Parameters: 0.99999 -0.00260863 -0.00375543 0.00262438 0.999987 0.00436219 0.00374458 -0.00437182 0.999984 0.456759 0.136441 0.693548
FixedParameters: 0 0 0

#Transform 146
Transform: AffineTransform_float_3_3
Parameters: 0.99999 -0.00242419 -0.00357477 0.00244081 0.999987 0.00442532 0.00356422 -0.00443368 0.999984 0.437776 0.0841352 0.605615
FixedParameters: 0 0 0

#Transform 147
Transform: AffineTransform_float_3_3
Parameters: 0.999991 -0.00267261 -0.00332059 0.00268239 0.999993 0.00282812 0.00331242 -0.00283688 0.999991 0.451094 0.158115 0.593721
FixedParameters: 0 0 0

#Transform 148
Transform: AffineTransform_float_3_3
Parameters: 0.99999 -0.00265685 -0.00376802 0.00267115 0.99999 0.00375598 0.00375798 -0.00376603 0.999986 0.460234 0.098536 0.617435
FixedParameters: 0 0 0

#Transform 149
Transform: AffineTransform_float_3_3
Parameters: 0.99999 -0.00266075 -0.00339406 0.00267125 0.999992 0.00301796 0.00338594 -0.00302704 0.999989 0.455767 0.152235 0.594051
FixedParameters: 0 0 0

#Transform 150
Transform: AffineTransform_float_3_3
Parameters: 0.999989 -0.00265893 -0.00372863 0.00267107 0.999991 0.00323507 0.00372036 -0.00324493 0.999988 0.464459 0.14996 0.614916
FixedParameters: 0 0 0

#Transform 151
Transform: AffineTransform_float_3_3
Parameters: 0.999993 -0.00261325 -0.00289294 0.00262176 0.999992 0.00302744 0.00288507 -0.00303456 0.999991 0.460337 0.144288 0.589789
FixedParameters: 0 0 0

#Transform 152
Transform: AffineTransform_float_3_3
Parameters: 0.99999 -0.00263826 -0.00375199 0.00265174 0.99999 0.00339409 0.00374301 -0.00340391 0.999987 0.480506 0.159283 0.623918
FixedParameters: 0 0 0

#Transform 153
Transform: AffineTransform_float_3_3
Parameters: 0.99999 -0.00262929 -0.00342778 0.0026427 0.999989 0.00370698 0.00341821 -0.00371602 0.999988 0.466023 0.115159 0.582881
FixedParameters: 0 0 0

#Transform 154
Transform: AffineTransform_float_3_3
Parameters: 0.99999 -0.0026899 -0.00359657 0.0026991 0.999993 0.00280632 0.00358942 -0.00281668 0.999989 0.47956 0.164576 0.601173
FixedParameters: 0 0 0

#Transform 155
Transform: AffineTransform_float_3_3
Parameters: 0.999988 -0.00281699 -0.00395035 0.00283701 0.999983 0.00506785 0.00393666 -0.00507915 0.99998 0.482781 0.0856611 0.628361
FixedParameters: 0 0 0

#Transform 156
Transform: AffineTransform_float_3_3
Parameters: 0.999989 -0.00304324 -0.00373907 0.00305776 0.999988 0.00394862 0.00372694 -0.00395939 0.999985 0.5089 0.150766 0.660054
FixedParameters: 0 0 0

#Transform 157
Transform: AffineTransform_float_3_3
Parameters: 0.999987 -0.00301587 -0.00413948 0.00303614 0.999983 0.0051095 0.00412352 -0.00512151 0.999979 0.500647 0.083657 0.650451
FixedParameters: 0 0 0

#Transform 158
Transform: AffineTransform_float_3_3
Parameters: 0.999989 -0.00288355 -0.0036971 0.00289945 0.999987 0.00417933 0.0036859 -0.00419068 0.999985 0.477553 0.108842 0.644645
FixedParameters: 0 0 0

#Transform 159
Transform: AffineTransform_float_3_3
Parameters: 0.999987 -0.00306077 -0.00406301 0.00307424 0.99999 0.00325555 0.004053 -0.00326745 0.999987 0.507683 0.140309 0.642393
FixedParameters: 0 0 0

#Transform 160
Transform: AffineTransform_float_3_3
Parameters: 0.999987 -0.00286704 -0.00418613 0.00288896 0.999982 0.00524998 0.00417088 -0.00526203 0.999978 0.493912 0.0492319 0.631242
FixedParameters: 0 0 0

#Transform 161
Transform: AffineTransform_float_3_3
Parameters: 0.999988 -0.00306209 -0.00365999 0.0030739 0.99999 0.00325179 0.00365 -0.00326321 0.999988 0.494222 0.155282 0.61913
FixedParameters: 0 0 0

#Transform 162
Transform: AffineTransform_float_3_3
Parameters: 0.999985 -0.00305349 -0.00438734 0.00307451 0.999985 0.00467458 0.00437365 -0.00468843 0.99998 0.512081 0.070947 0.652709
FixedParameters: 0 0 0

#Transform 163
Transform: AffineTransform_float_3_3
Parameters: 0.999987 -0.00316525 -0.00400111 0.00318275 0.999985 0.00443832 0.00398689 -0.00445068 0.999982 0.510114 0.0838512 0.634232
FixedParameters: 0 0 0

#Transform 164
Transform: AffineTransform_float_3_3
Parameters: 0.999986 -0.00343254 -0.00404203 0.00344946 0.999986 0.00407211 0.00402796 -0.00408588 0.999983 0.524673 0.147306 0.719527
FixedParameters: 0 0 0

#Transform 165
Transform: AffineTransform_float_3_3
Parameters: 0.999988 -0.0031428 -0.00391468 0.0031602 0.999984 0.00465069 0.00390033 -0.00466332 0.999982 0.500686 0.061252 0.639214
FixedParameters: 0 0 0

#Transform 166
Transform: AffineTransform_float_3_3
Parameters: 0.999986 -0.00348899 -0.00380811 0.00350001 0.999989 0.00288771 0.00379888 -0.00290129 0.999988 0.500554 0.164788 0.63666
FixedParameters: 0 0 0

#Transform 167
Transform: AffineTransform_float_3_3
Parameters: 0.999988 -0.00323879 -0.00351244 0.00324922 0.999991 0.00290662 0.00350355 -0.00291738 0.999989 0.492132 0.128726 0.604354
FixedParameters: 0 0 0

#Transform 168
Transform: AffineTransform_float_3_3
Parameters: 0.999985 -0.00394903 -0.00366577 0.00395897 0.999989 0.00271753 0.00365522 -0.00273147 0.999989 0.54774 0.170832 0.590724
FixedParameters: 0 0 0

#Transform 169
Transform: AffineTransform_float_3_3
Parameters: 0.999986 -0.00386217 -0.0035549 0.00387383 0.999987 0.00332828 0.0035411 -0.00334172 0.999988 0.53965 0.118297 0.553051
FixedParameters: 0 0 0

#Transform 170
Transform: AffineTransform_float_3_3
Parameters: 0.999984 -0.00398821 -0.00387114 0.00399878 0.999988 0.00278256 0.00385985 -0.00279844 0.999988 0.56263 0.162797 0.584779
FixedParameters: 0 0 0

#Transform 171
Transform: AffineTransform_float_3_3
Parameters: 0.999987 -0.00348621 -0.00387047 0.00350079 0.999987 0.0035625 0.00385753 -0.0035755 0.999986 0.539596 0.115306 0.559
FixedParameters: 0 0 0

#Transform 172
Transform: AffineTransform_float_3_3
Parameters: 0.999983 -0.00414496 -0.0041162 0.00416003 0.999984 0.00365094 0.0041008 -0.00366806 0.999985 0.568981 0.177402 0.64709
FixedParameters: 0 0 0

#Transform 173
Transform: AffineTransform_float_3_3
Parameters: 0.999984 -0.00391866 -0.00395326 0.00393834 0.999981 0.00489651 0.00393373 -0.00491249 0.99998 0.544779 0.10859 0.640247
FixedParameters: 0 0 0

#Transform 174
Transform: AffineTransform_float_3_3
Parameters: 0.999985 -0.00383892 -0.00372357 0.00385308 0.999986 0.00378171 0.00370943 -0.0037963 0.999986 0.544955 0.171992 0.588676
FixedParameters: 0 0 0

#Transform 175
Transform: AffineTransform_float_3_3
Parameters: 0.999984 -0.00392136 -0.00403225 0.00393864 0.999983 0.00412718 0.00401575 -0.00414281 0.999984 0.544612 0.156576 0.672996
FixedParameters: 0 0 0

#Transform 176
Transform: AffineTransform_float_3_3
Parameters: 0.999987 -0.00371931 -0.00368689 0.0037347 0.999985 0.00398729 0.00367212 -0.00400071 0.999986 0.50688 0.126819 0.626999
FixedParameters: 0 0 0

#Transform 177
Transform: AffineTransform_float_3_3
Parameters: 0.999986 -0.00392476 -0.0035736 0.00393825 0.999986 0.00370698 0.0035594 -0.00372102 0.999986 0.531133 0.182175 0.656222
FixedParameters: 0 0 0

#Transform 178
Transform: AffineTransform_float_3_3
Parameters: 0.999986 -0.00376322 -0.00367622 0.00377878 0.999983 0.00429417 0.00366078 -0.00430783 0.999984 0.516392 0.111777 0.634287
FixedParameters: 0 0 0

#Transform 179
Transform: AffineTransform_float_3_3
Parameters: 0.999985 -0.00392564 -0.00365531 0.00393835 0.999986 0.00337965 0.00364168 -0.00339434 0.999987 0.574689 0.173169 0.60297
FixedParameters: 0 0 0

#Transform 180
Transform: AffineTransform_float_3_3
Parameters: 0.999983 -0.003918 -0.00417087 0.00393799 0.99998 0.00479665 0.00415213 -0.00481234 0.99998 0.551156 0.132228 0.665861
FixedParameters: 0 0 0

#Transform 181
Transform: AffineTransform_float_3_3
Parameters: 0.999986 -0.00392294 -0.00358156 0.00393806 0.999984 0.00420696 0.00356544 -0.00422105 0.999984 0.525159 0.14788 0.603356
FixedParameters: 0 0 0

#Transform 182
Transform: AffineTransform_float_3_3
Parameters: 0.999985 -0.00428188 -0.00358155 0.00429413 0.999985 0.00338567 0.00356745 -0.00340033 0.999988 0.556246 0.181778 0.634351
FixedParameters: 0 0 0

#Transform 183
Transform: AffineTransform_float_3_3
Parameters: 0.999985 -0.00392739 -0.00367836 0.00393861 0.999988 0.00288155 0.00366664 -0.00289544 0.999989 0.554354 0.137082 0.559789
FixedParameters: 0 0 0

#Transform 184
Transform: AffineTransform_float_3_3
Parameters: 0.999984 -0.00434202 -0.00377651 0.00435198 0.999987 0.00263861 0.0037645 -0.00265439 0.99999 0.589251 0.198108 0.608437
FixedParameters: 0 0 0

#Transform 185
Transform: AffineTransform_float_3_3
Parameters: 0.999986 -0.00392604 -0.00355425 0.00393795 0.999986 0.00336305 0.00354075 -0.00337695 0.999988 0.575707 0.146847 0.574778
FixedParameters: 0 0 0

#Transform 186
Transform: AffineTransform_float_3_3
Parameters: 0.999983 -0.00425089 -0.00385307 0.00425911 0.999988 0.00235863 0.00384293 -0.00237537 0.99999 0.59477 0.218962 0.580795
FixedParameters: 0 0 0

#Transform 187
Transform: AffineTransform_float_3_3
Parameters: 0.999985 -0.00392322 -0.00385112 0.00393878 0.999985 0.00383789 0.00383588 -0.00385311 0.999985 0.596631 0.134103 0.595611
FixedParameters: 0 0 0

#Transform 188
Transform: AffineTransform_float_3_3
Parameters: 0.999984 -0.00438851 -0.00375412 0.00439849 0.999987 0.00252253 0.00374288 -0.00253947 0.99999 0.610367 0.19236 0.532519
FixedParameters: 0 0 0

#Transform 189
Transform: AffineTransform_float_3_3
Parameters: 0.999983 -0.00433486 -0.00391361 0.00434814 0.999985 0.00335604 0.00389939 -0.00337296 0.999986 0.614312 0.128217 0.563121
FixedParameters: 0 0 0

#Transform 190
Transform: AffineTransform_float_3_3
