#Insight Transform File V1.0
#Transform 0
Transform: AffineTransform_float_3_3
Parameters: 0.999999 -0.00123231 0.000821534 0.00123368 0.999997 -0.00205499 -0.000818465 0.00205601 0.999997 0.0703556 -0.067604 -0.0173696
FixedParameters: 0 0 0

#Transform 1
Transform: AffineTransform_float_3_3
Parameters: 0.999999 -0.00113507 0.000701502 0.00113593 0.999999 -0.0013222 -0.000700498 0.0013228 0.999999 0.0698558 -0.0700323 0.027289
FixedParameters: 0 0 0

#Transform 2
Transform: AffineTransform_float_3_3
Parameters: 0.999999 -0.00105148 0.000792696 0.00105152 0.999999 -0.000661167 -0.000792305 0.000661834 1 0.0780149 -0.0240641 -0.0678077
FixedParameters: 0 0 0

#Transform 3
Transform: AffineTransform_float_3_3
Parameters: 0.999999 -0.00105153 0.000823604 0.00105147 1 -0.000573135 -0.000822398 0.000573866 1 0.0736412 -0.0596686 -0.0513791
FixedParameters: 0 0 0

#Transform 4
Transform: AffineTransform_float_3_3
Parameters: 1 -0.000797053 0.000681109 0.000797946 0.999998 -0.00139046 -0.000679891 0.00139154 0.999999 0.078285 -0.0385649 -0.0388562
FixedParameters: 0 0 0

#Transform 5
Transform: AffineTransform_float_3_3
Parameters: 1 -0.001052 1.4728e-06 0.001052 0.999998 -0.0014 4.72801e-07 0.0014 0.999999 0.074349 -0.0566821 -0.049354
FixedParameters: 0 0 0

#Transform 6
Transform: AffineTransform_float_3_3
Parameters: 1 -0.000924372 0.000596976 0.00092563 0.999999 -0.00105445 -0.000596025 0.00105455 1 0.0649571 -0.0704853 -0.0340184
FixedParameters: 0 0 0

#Transform 7
Transform: AffineTransform_float_3_3
Parameters: 0.999999 -0.000938966 0.000907035 0.000939034 0.999999 -3.71483e-05 -0.000906965 3.78516e-05 0.999999 0.0653337 -0.0471601 -0.0765805
FixedParameters: 0 0 0

#Transform 8
Transform: AffineTransform_float_3_3
Parameters: 1 -0.00105194 0.000440137 0.00105206 1 -0.000129537 -0.000439864 0.000129463 1 0.0708179 -0.0654825 -0.0886789
FixedParameters: 0 0 0

#Transform 9
Transform: AffineTransform_float_3_3
Parameters: 1 -0.00105215 0.000439653 0.00105186 1 0.000330463 -0.000440348 -0.000330537 1 0.0731906 -0.0455754 -0.0509758
FixedParameters: 0 0 0

#Transform 10
Transform: AffineTransform_float_3_3
Parameters: 0.999999 -0.000689789 0.000530273 0.000690209 0.999999 -0.000395634 -0.000529726 0.000396365 1 0.0774541 -0.0394275 -0.0781958
FixedParameters: 0 0 0

#Transform 11
Transform: AffineTransform_float_3_3
Parameters: 0.999999 -0.000780933 0.000440117 0.000781065 0.999999 -0.000149656 -0.000439882 0.000150344 1 0.0667732 -0.0602234 -0.0794851
FixedParameters: 0 0 0

#Transform 12
Transform: AffineTransform_float_3_3
Parameters: 0.999999 -0.000780355 0.000634793 0.000780644 0.999999 -0.00101551 -0.000634207 0.0010165 1 0.0626724 -0.0344818 -0.0360153
FixedParameters: 0 0 0

#Transform 13
Transform: AffineTransform_float_3_3
Parameters: 0.999999 -0.000781009 0.000439984 0.000780991 0.999999 2.03436e-05 -0.000440016 -2.06563e-05 1 0.0780893 -0.0428024 -0.080184
FixedParameters: 0 0 0

#Transform 14
Transform: AffineTransform_float_3_3
Parameters: 0.999999 -0.000710335 0.000439458 0.000710665 1 0.000762313 -0.000440541 -0.000761687 0.999999 0.0657081 -0.0487891 -0.0189392
FixedParameters: 0 0 0

#Transform 15
Transform: AffineTransform_float_3_3
Parameters: 1 -0.000780305 0.000839647 0.000780696 1 -0.000828346 -0.000838354 0.000828655 1 0.0636613 -0.0313715 -0.0250534
FixedParameters: 0 0 0

#Transform 16
Transform: AffineTransform_float_3_3
Parameters: 0.999999 -0.000781086 0.000439846 0.000780913 0.999999 0.000197343 -0.000440153 -0.000196656 1 0.0568576 -0.0288145 -0.0499685
FixedParameters: 0 0 0

#Transform 17
Transform: AffineTransform_float_3_3
Parameters: 0.999999 -0.000608082 0.000439886 0.000607917 1 0.000187267 -0.000440113 -0.000186732 1 0.0273643 -0.0272597 0.00723928
FixedParameters: 0 0 0

#Transform 18
Transform: AffineTransform_float_3_3
Parameters: 1 -0.000144887 0.000180091 0.000145113 1 -0.000626974 -0.000179909 0.000627026 1 0.0135607 -0.0373506 -0.0245196
FixedParameters: 0 0 0

#Transform 19
Transform: AffineTransform_float_3_3
Parameters: 1 -0.000284747 0.000440164 0.000285253 1 -0.000574874 -0.000439836 0.000575125 0.999999 -0.00275458 -0.0377256 -0.0102908
FixedParameters: 0 0 0

#Transform 20
Transform: AffineTransform_float_3_3
Parameters: 1 -0.000109014 -4.99694e-05 0.000108986 1 -0.000281005 5.00306e-05 0.000280995 1 -0.00271536 -0.00177277 -0.0096711
FixedParameters: 0 0 0

#Transform 21
Transform: AffineTransform_float_3_3
Parameters: 1 -7.80251e-05 0.000439995 7.79749e-05 1 5.70343e-05 -0.000440004 -5.69657e-05 1 0.00315547 -0.0509677 -0.0189098
FixedParameters: 0 0 0

#Transform 22
Transform: AffineTransform_float_3_3
Parameters: 1 -5.80593e-05 -0.00036399 5.89407e-05 1 -0.000163021 0.00036401 0.000162979 1 0.0137664 -0.0419229 0.00556814
FixedParameters: 0 0 0

#Transform 23
Transform: AffineTransform_float_3_3
Parameters: 1 0.000179879 0.000368059 -0.000180121 1 0.000328934 -0.000367941 -0.000328066 1 0.0131049 -0.042946 -0.0572941
FixedParameters: 0 0 0

#Transform 24
Transform: AffineTransform_float_3_3
Parameters: 0.999999 0.000331554 -0.000862787 -0.000330445 0.999999 0.000643285 0.000863213 -0.000642714 1 -0.00233884 -0.0441322 0.00468475
FixedParameters: 0 0 0

#Transform 25
Transform: AffineTransform_float_3_3
Parameters: 0.999999 0.000314014 -0.000696993 -0.000313986 1 2.02188e-05 0.000697006 -1.97811e-05 1 0.00238433 -0.00899856 -0.003608
FixedParameters: 0 0 0

#Transform 26
Transform: AffineTransform_float_3_3
Parameters: 1 0.000325133 -0.00048291 -0.000324867 1 0.000275157 0.000483089 -0.000274843 1 -0.00254321 -0.0504405 0.0250366
FixedParameters: 0 0 0

#Transform 27
Transform: AffineTransform_float_3_3
Parameters: 1 0.000449058 -0.000144821 -0.000448942 1 0.000398065 0.000145179 -0.000397935 1 0.000824082 -0.00448176 0.0240145
FixedParameters: 0 0 0

#Transform 28
Transform: AffineTransform_float_3_3
Parameters: 1 0.00044904 -4.35968e-05 -0.00044896 1 0.00089802 4.44032e-05 -0.00089798 0.999999 -0.00832304 -0.0256028 -0.0231678
FixedParameters: 0 0 0

#Transform 29
Transform: AffineTransform_float_3_3
Parameters: 0.999999 0.000449545 -0.000616603 -0.000448455 1 0.000883278 0.000617397 -0.000883724 1 -0.0159554 -0.0290034 0.0279264
FixedParameters: 0 0 0

#Transform 30
Transform: AffineTransform_float_3_3
Parameters: 1 0.000449005 -1.1815e-05 -0.000448995 1 0.000412005 1.2185e-05 -0.000411994 1 -0.00936326 -0.0264779 -0.014549
FixedParameters: 0 0 0

#Transform 31
Transform: AffineTransform_float_3_3
Parameters: 1 0.000449258 -0.000261558 -0.000448743 1 0.000985118 0.000261442 -0.000984884 1 -0.0143297 -0.0305448 0.021878
FixedParameters: 0 0 0

#Transform 32
Transform: AffineTransform_float_3_3
Parameters: 1 0.000575236 -0.000261482 -0.000575765 1 0.000900152 0.000261518 -0.000899851 1 -0.0152095 -0.0131725 0.000383556
FixedParameters: 0 0 0

#Transform 33
Transform: AffineTransform_float_3_3
Parameters: 1 0.000449277 -0.000261525 -0.000448724 1 0.00105812 0.000261475 -0.00105788 1 -0.016991 -0.0311071 0.0027529
FixedParameters: 0 0 0

#Transform 34
Transform: AffineTransform_float_3_3
Parameters: 1 0.000535149 -0.000159499 -0.000535849 0.999999 0.000937085 0.000160502 -0.000936913 0.999999 -0.00741687 -0.0300197 0.0297456
FixedParameters: 0 0 0

#Transform 35
Transform: AffineTransform_float_3_3
Parameters: 1 0.000531301 -0.00026139 -0.0005317 0.999999 0.00114914 0.000261611 -0.00114886 1 -0.0168841 -0.0291104 0.031397
FixedParameters: 0 0 0

#Transform 36
Transform: AffineTransform_float_3_3
Parameters: 0.999999 0.000569718 -0.000640362 -0.000569282 0.999999 0.00112137 0.000640638 -0.00112064 0.999999 -0.0202954 -0.0278793 0.027931
FixedParameters: 0 0 0

#Transform 37
Transform: AffineTransform_float_3_3
Parameters: 1 0.000669143 -0.000174455 -0.000668858 1 0.000815117 0.000174545 -0.000814883 0.999999 -0.0177522 -0.0265142 0.0422087
FixedParameters: 0 0 0

#Transform 38
Transform: AffineTransform_float_3_3
Parameters: 0.999999 0.000782228 -0.000261319 -0.000781772 1 0.000871205 0.000261681 -0.000870796 0.999999 -0.0196253 -0.0223929 0.032997
FixedParameters: 0 0 0

#Transform 39
Transform: AffineTransform_float_3_3
Parameters: 1 0.000449244 -0.000261582 -0.000448757 1 0.000930118 0.000261417 -0.000929883 0.999999 -0.0258167 -0.0438874 0.0600119
FixedParameters: 0 0 0

#Transform 40
Transform: AffineTransform_float_3_3
Parameters: 0.999999 0.000885319 -0.000260918 -0.00088468 0.999999 0.00122223 0.000262082 -0.00122277 0.999999 -0.0216829 -0.00422195 0.0435345
FixedParameters: 0 0 0

#Transform 41
Transform: AffineTransform_float_3_3
Parameters: 1 0.000899679 -0.000617011 -0.000899321 0.999999 0.00110056 0.00061799 -0.00109944 0.999999 -0.0263223 -0.0289296 0.0315779
FixedParameters: 0 0 0

#Transform 42
Transform: AffineTransform_float_3_3
Parameters: 0.999999 0.00077244 -0.00071052 -0.000771558 0.999999 0.000620548 0.000711478 -0.00062045 0.999999 -0.0369261 -0.0248589 0.0992563
FixedParameters: 0 0 0

#Transform 43
Transform: AffineTransform_float_3_3
Parameters: 1 0.000845706 -0.000643075 -0.000844296 0.999999 0.00109554 0.000643926 -0.00109546 0.999999 -0.0369947 -0.0122358 0.0509689
FixedParameters: 0 0 0

#Transform 44
Transform: AffineTransform_float_3_3
Parameters: 1 0.000990395 -0.000311748 -0.000990605 0.999998 0.00126431 0.000313252 -0.00126369 0.999999 -0.029743 -0.0239593 0.0822456
FixedParameters: 0 0 0

#Transform 45
Transform: AffineTransform_float_3_3
Parameters: 1 0.00104874 -0.000574647 -0.00104826 0.999998 0.0012906 0.000576353 -0.0012894 0.999999 -0.0515352 -0.000566373 0.0694724
FixedParameters: 0 0 0

#Transform 46
Transform: AffineTransform_float_3_3
Parameters: 0.999999 0.00113797 -0.000752528 -0.00113703 0.999998 0.00129486 0.000753473 -0.00129414 0.999999 -0.0510255 -0.0430437 0.063461
FixedParameters: 0 0 0

#Transform 47
Transform: AffineTransform_float_3_3
Parameters: 0.999999 0.00111593 -0.000557145 -0.00111507 0.999998 0.00166362 0.000558856 -0.00166338 0.999999 -0.0484318 0.00543048 0.0689984
FixedParameters: 0 0 0

#Transform 48
Transform: AffineTransform_float_3_3
Parameters: 0.999999 0.00122102 -0.000616986 -0.00121998 0.999998 0.00165075 0.000619015 -0.00165025 0.999999 -0.0548576 -0.00730535 0.0638353
FixedParameters: 0 0 0

#Transform 49
Transform: AffineTransform_float_3_3
Parameters: 0.999999 0.00123539 -0.000893086 -0.00123461 0.999998 0.00155111 0.000894915 -0.0015499 0.999999 -0.0576739 -0.0216492 0.0771004
FixedParameters: 0 0 0

#Transform 50
Transform: AffineTransform_float_3_3
Parameters: 0.999999 0.00123498 -0.000740375 -0.00123403 0.999999 0.00131692 0.000741625 -0.00131609 0.999999 -0.0495962 0.00840593 0.0937205
FixedParameters: 0 0 0

#Transform 51
Transform: AffineTransform_float_3_3
Parameters: 0.999999 0.00123551 -0.00089692 -0.00123449 0.999998 0.00168511 0.000899081 -0.00168389 0.999998 -0.0672495 -0.0135926 0.0860124
FixedParameters: 0 0 0

#Transform 52
Transform: AffineTransform_float_3_3
Parameters: 0.999999 0.00115508 -0.000527643 -0.00115392 0.999997 0.00204161 0.000529357 -0.00204139 0.999998 -0.0690347 0.00815828 0.111371
FixedParameters: 0 0 0

#Transform 53
Transform: AffineTransform_float_3_3
Parameters: 0.999999 0.0011792 -0.000711015 -0.0011778 0.999998 0.00168484 0.000712985 -0.00168416 0.999999 -0.062279 -0.0093781 0.0641313
FixedParameters: 0 0 0

#Transform 54
Transform: AffineTransform_float_3_3
Parameters: 0.999999 0.00123485 -0.000528016 -0.00123415 0.999998 0.00160765 0.000529983 -0.00160635 0.999998 -0.0702279 -0.0508818 0.0631338
FixedParameters: 0 0 0

#Transform 55
Transform: AffineTransform_float_3_3
Parameters: 0.999999 0.00116826 -0.000527225 -0.00116674 0.999996 0.00237662 0.000529773 -0.00237538 0.999997 -0.0632832 -0.0127855 0.0563386
FixedParameters: 0 0 0

#Transform 56
Transform: AffineTransform_float_3_3
Parameters: 0.999999 0.00123512 -0.000527375 -0.00123388 0.999997 0.00212665 0.000529624 -0.00212535 0.999997 -0.0608261 -0.0455941 0.0286133
FixedParameters: 0 0 0

#Transform 57
Transform: AffineTransform_float_3_3
Parameters: 0.999999 0.00112045 -0.000678619 -0.00111956 0.999997 0.00212676 0.000680381 -0.00212524 0.999997 -0.055959 -0.0517333 0.0560176
FixedParameters: 0 0 0

#Transform 58
Transform: AffineTransform_float_3_3
Parameters: 0.999999 0.00123489 -0.000527919 -0.00123411 0.999998 0.00168665 0.000529083 -0.00168635 0.999999 -0.0521123 -0.0504112 0.0497819
FixedParameters: 0 0 0

#Transform 59
Transform: AffineTransform_float_3_3
Parameters: 0.999999 0.00117295 -0.000913508 -0.00117106 0.999997 0.00212707 0.000915492 -0.00212593 0.999998 -0.058449 -0.0499739 0.0412093
FixedParameters: 0 0 0

#Transform 60
Transform: AffineTransform_float_3_3
Parameters: 1 0.000947045 -0.000528131 -0.000945955 0.999997 0.0019755 0.00052987 -0.0019755 0.999998 -0.0502204 -0.0100681 0.0952293
FixedParameters: 0 0 0

#Transform 61
Transform: AffineTransform_float_3_3
Parameters: 0.999999 0.00123528 -0.000702759 -0.00123472 0.999997 0.00181587 0.000705243 -0.00181513 0.999998 -0.0507032 -0.0600583 0.066593
FixedParameters: 0 0 0

#Transform 62
Transform: AffineTransform_float_3_3
Parameters: 0.999999 0.00123541 -0.000662375 -0.00123459 0.999997 0.00212682 0.000664626 -0.00212518 0.999998 -0.0592503 -0.0342123 0.0863387
FixedParameters: 0 0 0

#Transform 63
Transform: AffineTransform_float_3_3
Parameters: 0.999999 0.00123512 -0.000527375 -0.00123388 0.999997 0.00212665 0.000529624 -0.00212535 0.999997 -0.065119 -0.0203492 0.111662
FixedParameters: 0 0 0

#Transform 64
Transform: AffineTransform_float_3_3
Parameters: 0.999999 0.00110031 -0.000616662 -0.00109969 0.999997 0.00212668 0.000619339 -0.00212532 0.999997 -0.05926 -0.0205531 0.0863897
FixedParameters: 0 0 0

#Transform 65
Transform: AffineTransform_float_3_3
Parameters: 0.999999 0.00123571 -0.000716065 -0.0012343 0.999997 0.00237689 0.000718934 -0.00237511 0.999997 -0.0708035 -0.0278602 0.0765262
FixedParameters: 0 0 0

#Transform 66
Transform: AffineTransform_float_3_3
Parameters: 0.999999 0.00123563 -0.000718203 -0.00123437 0.999996 0.00226589 0.000720798 -0.00226511 0.999997 -0.0610026 -0.0282932 0.0671976
FixedParameters: 0 0 0

#Transform 67
Transform: AffineTransform_float_3_3
Parameters: 0.999998 0.00123636 -0.00102416 -0.00123464 0.999996 0.00230127 0.00102684 -0.00229973 0.999997 -0.048176 -0.052456 0.0971938
FixedParameters: 0 0 0

#Transform 68
Transform: AffineTransform_float_3_3
Parameters: 0.999999 0.00123574 -0.000772225 -0.00123426 0.999996 0.00224796 0.000774775 -0.00224604 0.999997 -0.0549863 -0.0278561 0.0906976
FixedParameters: 0 0 0

#Transform 69
Transform: AffineTransform_float_3_3
Parameters: 0.999999 0.00123536 -0.000526823 -0.00123464 0.999996 0.00257365 0.000529178 -0.00257235 0.999996 -0.052087 -0.0214699 0.0732193
FixedParameters: 0 0 0

#Transform 70
Transform: AffineTransform_float_3_3
Parameters: 0.999998 0.00123664 -0.00106394 -0.00123436 0.999996 0.00248032 0.00106706 -0.00247869 0.999997 -0.0705446 -0.0105031 0.121471
FixedParameters: 0 0 0

#Transform 71
Transform: AffineTransform_float_3_3
Parameters: 0.999999 0.0013489 -0.000823906 -0.00134711 0.999997 0.00229611 0.000827094 -0.00229489 0.999997 -0.0746677 0.00312489 0.109894
FixedParameters: 0 0 0

#Transform 72
Transform: AffineTransform_float_3_3
Parameters: 0.999999 0.00123665 -0.000979661 -0.00123435 0.999995 0.00270321 0.00098234 -0.00270279 0.999996 -0.0651375 -0.0227353 0.0973877
FixedParameters: 0 0 0

#Transform 73
Transform: AffineTransform_float_3_3
Parameters: 0.999998 0.00147748 -0.00129102 -0.00147352 0.999996 0.00269491 0.00129497 -0.00269309 0.999995 -0.0896953 -0.0313935 0.117142
FixedParameters: 0 0 0

#Transform 74
Transform: AffineTransform_float_3_3
Parameters: 0.999998 0.00159564 -0.0012015 -0.00159236 0.999997 0.00219392 0.00120549 -0.00219208 0.999997 -0.0988134 -0.0206165 0.0889632
FixedParameters: 0 0 0

#Transform 75
Transform: AffineTransform_float_3_3
Parameters: 0.999998 0.00142542 -0.00124309 -0.00142258 0.999995 0.00275078 0.00124692 -0.00274923 0.999996 -0.0890123 -0.027737 0.121843
FixedParameters: 0 0 0

#Transform 76
Transform: AffineTransform_float_3_3
Parameters: 0.999998 0.00135878 -0.00103836 -0.00135621 0.999995 0.00267841 0.00104163 -0.00267659 0.999996 -0.0898118 -0.0245728 0.104702
FixedParameters: 0 0 0

#Transform 77
Transform: AffineTransform_float_3_3
Parameters: 0.999998 0.00155688 -0.00107183 -0.00155412 0.999995 0.00267867 0.00107616 -0.00267633 0.999996 -0.0829223 -0.0155647 0.086852
FixedParameters: 0 0 0

#Transform 78
Transform: AffineTransform_float_3_3
Parameters: 0.999998 0.00155681 -0.00104684 -0.00155419 0.999995 0.00267863 0.00105116 -0.00267637 0.999996 -0.0925122 -0.024449 0.120413
FixedParameters: 0 0 0

#Transform 79
Transform: AffineTransform_float_3_3
Parameters: 0.999999 0.00155625 -0.000925223 -0.00155475 0.999996 0.00242944 0.000928778 -0.00242756 0.999996 -0.0934174 -0.0043211 0.0793454
FixedParameters: 0 0 0

#Transform 80
Transform: AffineTransform_float_3_3
Parameters: 0.999998 0.00155682 -0.00108999 -0.00155418 0.999996 0.0025807 0.00109401 -0.0025783 0.999996 -0.097575 -0.0237228 0.108115
FixedParameters: 0 0 0

#Transform 81
Transform: AffineTransform_float_3_3
Parameters: 0.999999 0.00155627 -0.000876989 -0.00155473 0.999996 0.00258037 0.000881014 -0.00257863 0.999997 -0.0938166 -0.0200314 0.119844
FixedParameters: 0 0 0

#Transform 82
Transform: AffineTransform_float_3_3
Parameters: 0.999998 0.00167735 -0.000876508 -0.00167565 0.999995 0.00268047 0.000880493 -0.00267853 0.999996 -0.0955901 -0.0245554 0.0860308
FixedParameters: 0 0 0

#Transform 83
Transform: AffineTransform_float_3_3
Parameters: 0.999998 0.00155713 -0.00113874 -0.00155488 0.999995 0.00273977 0.00114226 -0.00273823 0.999995 -0.091755 -0.0249967 0.117015
FixedParameters: 0 0 0

#Transform 84
Transform: AffineTransform_float_3_3
Parameters: 0.999998 0.00155669 -0.00106106 -0.00155431 0.999995 0.00253465 0.00106494 -0.00253335 0.999996 -0.0923198 -0.0232568 0.102515
FixedParameters: 0 0 0

#Transform 85
Transform: AffineTransform_float_3_3
Parameters: 0.999998 0.00155739 -0.00113837 -0.00155461 0.999995 0.00297578 0.00114263 -0.00297423 0.999995 -0.0917889 -0.0519169 0.126684
FixedParameters: 0 0 0

#Transform 86
Transform: AffineTransform_float_3_3
Parameters: 0.999999 0.00155658 -0.000876427 -0.00155442 0.999994 0.00294137 0.000880575 -0.00293963 0.999996 -0.093804 -0.0266254 0.0938259
FixedParameters: 0 0 0

#Transform 87
Transform: AffineTransform_float_3_3
Parameters: 0.999999 0.00155687 -0.000875926 -0.00155413 0.999994 0.00326337 0.000881077 -0.00326264 0.999995 -0.0853696 -0.0231027 0.110961
FixedParameters: 0 0 0

#Transform 88
Transform: AffineTransform_float_3_3
Parameters: 0.999999 0.00148394 -0.00109804 -0.00148106 0.999996 0.00267263 0.00110196 -0.00267037 0.999996 -0.0880602 -0.0244039 0.122107
FixedParameters: 0 0 0

#Transform 89
Transform: AffineTransform_float_3_3
Parameters: 0.999998 0.0017886 -0.00106163 -0.0017864 0.999995 0.0024449 0.00106637 -0.0024431 0.999997 -0.0928343 -0.0204283 0.104966
FixedParameters: 0 0 0

#Transform 90
Transform: AffineTransform_float_3_3
Parameters: 0.999998 0.00183954 -0.00128595 -0.00183646 0.999994 0.00275137 0.00129106 -0.00274863 0.999996 -0.10706 -0.0248257 0.123727
FixedParameters: 0 0 0

#Transform 91
Transform: AffineTransform_float_3_3
Parameters: 0.999998 0.00155738 -0.0012819 -0.00155462 0.999996 0.002634 0.0012861 -0.002632 0.999995 -0.105409 -0.0239874 0.164155
FixedParameters: 0 0 0

#Transform 92
Transform: AffineTransform_float_3_3
Parameters: 0.999998 0.0015568 -0.00122545 -0.0015542 0.999996 0.00228091 0.00122855 -0.00227909 0.999996 -0.0927413 -0.0183319 0.117961
FixedParameters: 0 0 0

#Transform 93
Transform: AffineTransform_float_3_3
Parameters: 0.999998 0.00155731 -0.00120172 -0.00155469 0.999995 0.00275387 0.00120629 -0.00275213 0.999996 -0.0999818 -0.0380284 0.148294
FixedParameters: 0 0 0

#Transform 94
Transform: AffineTransform_float_3_3
Parameters: 0.999998 0.00155768 -0.00122834 -0.00155432 0.999995 0.00299292 0.00123366 -0.00299108 0.999995 -0.0943699 0.000153018 0.124959
FixedParameters: 0 0 0

#Transform 95
Transform: AffineTransform_float_3_3
Parameters: 0.999998 0.00155754 -0.00122651 -0.00155445 0.999994 0.00288491 0.00123149 -0.00288309 0.999995 -0.102797 -0.021774 0.0764109
FixedParameters: 0 0 0

#Transform 96
Transform: AffineTransform_float_3_3
Parameters: 0.999999 0.00155674 -0.000912347 -0.00155427 0.999995 0.00299242 0.000916654 -0.00299058 0.999995 -0.112433 -0.0320129 0.122044
FixedParameters: 0 0 0

#Transform 97
Transform: AffineTransform_float_3_3
Parameters: 0.999998 0.00155721 -0.00116873 -0.00155479 0.999995 0.00274482 0.00117327 -0.00274318 0.999995 -0.106045 -0.00985629 0.108882
FixedParameters: 0 0 0

#Transform 98
Transform: AffineTransform_float_3_3
Parameters: 0.999997 0.0018374 -0.00167218 -0.0018336 0.999995 0.00262807 0.00167682 -0.00262493 0.999995 -0.16642 -0.04601 0.181662
FixedParameters: 0 0 0

#Transform 99
Transform: AffineTransform_float_3_3
Parameters: 0.999996 0.00217897 -0.00180141 -0.00217603 0.999997 0.00164993 0.00180559 -0.00164607 0.999997 -0.168791 -0.00296876 0.159701
FixedParameters: 0 0 0

#Transform 100
Transform: AffineTransform_float_3_3
Parameters: 0.999995 0.00228529 -0.00212847 -0.00228271 0.999996 0.00154687 0.00213153 -0.00154114 0.999996 -0.177112 -0.0183331 0.167971
FixedParameters: 0 0 0

#Transform 101
Transform: AffineTransform_float_3_3
Parameters: 0.999995 0.0022863 -0.00206726 -0.0022827 0.999995 0.00207873 0.00207174 -0.00207427 0.999995 -0.177583 -0.0209484 0.179022
FixedParameters: 0 0 0

#Transform 102
Transform: AffineTransform_float_3_3
Parameters: 0.999995 0.002287 -0.00215471 -0.002282 0.999994 0.00231893 0.00216029 -0.00231407 0.999995 -0.170313 -0.0130086 0.167512
FixedParameters: 0 0 0

#Transform 103
Transform: AffineTransform_float_3_3
Parameters: 0.999994 0.00251249 -0.00231799 -0.00250651 0.999993 0.00279682 0.00232501 -0.00279117 0.999993 -0.173639 -0.00535343 0.171575
FixedParameters: 0 0 0

#Transform 104
Transform: AffineTransform_float_3_3
Parameters: 0.999995 0.00253416 -0.00219993 -0.00252884 0.999993 0.00279758 0.00220707 -0.00279142 0.999993 -0.171342 0.00899874 0.143043
FixedParameters: 0 0 0

#Transform 105
Transform: AffineTransform_float_3_3
Parameters: 0.999994 0.00253659 -0.00230578 -0.00253041 0.999992 0.00285485 0.00231323 -0.00284915 0.999994 -0.169816 -0.0228437 0.157796
FixedParameters: 0 0 0

#Transform 106
Transform: AffineTransform_float_3_3
Parameters: 0.999995 0.00253592 -0.00219217 -0.00253009 0.999993 0.00269756 0.00219883 -0.00269244 0.999994 -0.177347 -0.00447003 0.193387
FixedParameters: 0 0 0

#Transform 107
Transform: AffineTransform_float_3_3
Parameters: 0.999995 0.00253613 -0.0021538 -0.00252987 0.999993 0.00284446 0.0021612 -0.00283853 0.999993 -0.180377 -0.00568229 0.15988
FixedParameters: 0 0 0

#Transform 108
Transform: AffineTransform_float_3_3
Parameters: 0.999994 0.00253762 -0.00238693 -0.00253038 0.999991 0.00318906 0.00239507 -0.00318294 0.999992 -0.188137 -0.00834878 0.200121
FixedParameters: 0 0 0

#Transform 109
Transform: AffineTransform_float_3_3
Parameters: 0.999993 0.00253778 -0.00248508 -0.00253022 0.999992 0.00312931 0.00249292 -0.00312369 0.999992 -0.177762 -0.00812137 0.138171
FixedParameters: 0 0 0

#Transform 110
Transform: AffineTransform_float_3_3
Parameters: 0.999994 0.00241566 -0.00273338 -0.00240635 0.999992 0.0031646 0.00274162 -0.0031584 0.999992 -0.174099 -0.0289924 0.177853
FixedParameters: 0 0 0

#Transform 111
Transform: AffineTransform_float_3_3
Parameters: 0.999994 0.00253769 -0.00232363 -0.00253031 0.999992 0.0033079 0.00233237 -0.0033011 0.999992 -0.173188 -0.00952405 0.162005
FixedParameters: 0 0 0

#Transform 112
Transform: AffineTransform_float_3_3
Parameters: 0.999994 0.0025388 -0.0023415 -0.0025302 0.99999 0.00375195 0.0023515 -0.00374605 0.99999 -0.178904 -0.0130188 0.16308
FixedParameters: 0 0 0

#Transform 113
Transform: AffineTransform_float_3_3
Parameters: 0.999994 0.0025379 -0.00245586 -0.00253009 0.999991 0.00321623 0.00246414 -0.00320976 0.999992 -0.176135 0.00139438 0.206957
FixedParameters: 0 0 0

#Transform 114
Transform: AffineTransform_float_3_3
Parameters: 0.999993 0.00253861 -0.00273303 -0.00253038 0.999992 0.00314994 0.00274198 -0.00314306 0.999992 -0.166316 -0.0188127 0.188013
FixedParameters: 0 0 0

#Transform 115
Transform: AffineTransform_float_3_3
Parameters: 0.999993 0.00280814 -0.00250089 -0.00279986 0.999991 0.00325302 0.00251011 -0.00324597 0.999991 -0.187707 -0.00859612 0.221154
FixedParameters: 0 0 0

#Transform 116
Transform: AffineTransform_float_3_3
Parameters: 0.999993 0.00253842 -0.0027332 -0.00252958 0.999992 0.00307893 0.00274179 -0.00307206 0.999991 -0.168883 0.0102616 0.215043
FixedParameters: 0 0 0

#Transform 117
Transform: AffineTransform_float_3_3
Parameters: 0.999994 0.0025377 -0.00261155 -0.00253031 0.999993 0.00294563 0.00261846 -0.00293838 0.999993 -0.174333 -0.00635361 0.221686
FixedParameters: 0 0 0

#Transform 118
Transform: AffineTransform_float_3_3
Parameters: 0.999994 0.00254003 -0.00259322 -0.00252998 0.99999 0.00386259 0.00260278 -0.00385542 0.999989 -0.177088 0.0200101 0.26015
FixedParameters: 0 0 0

#Transform 119
Transform: AffineTransform_float_3_3
Parameters: 0.999993 0.00253971 -0.00268686 -0.00253029 0.999991 0.00361082 0.00269615 -0.00360418 0.99999 -0.168106 0.0307118 0.237026
FixedParameters: 0 0 0

#Transform 120
Transform: AffineTransform_float_3_3
Parameters: 0.999994 0.0024198 -0.00245135 -0.0024112 0.99999 0.00358493 0.00245965 -0.00357907 0.99999 -0.162927 0.00113179 0.192796
FixedParameters: 0 0 0

#Transform 121
Transform: AffineTransform_float_3_3
Parameters: 0.999993 0.00248762 -0.00272033 -0.00247739 0.99999 0.00389877 0.00272967 -0.00389224 0.999988 -0.172758 -0.00112161 0.24728
FixedParameters: 0 0 0

#Transform 122
Transform: AffineTransform_float_3_3
Parameters: 0.999993 0.00285331 -0.00235898 -0.00284469 0.99999 0.00351973 0.00236902 -0.00351326 0.999991 -0.175025 0.017411 0.207357
FixedParameters: 0 0 0

#Transform 123
Transform: AffineTransform_float_3_3
Parameters: 0.999994 0.00253956 -0.0023959 -0.00252944 0.999989 0.00398608 0.00240609 -0.00397991 0.999989 -0.178513 0.0315798 0.211932
FixedParameters: 0 0 0

#Transform 124
Transform: AffineTransform_float_3_3
Parameters: 0.999993 0.00254031 -0.00268026 -0.00252969 0.99999 0.00384381 0.00269074 -0.00383719 0.999989 -0.176168 0.0557763 0.249153
FixedParameters: 0 0 0

#Transform 125
Transform: AffineTransform_float_3_3
Parameters: 0.999995 0.00263345 -0.00212782 -0.00262556 0.999991 0.00349461 0.00213718 -0.00348939 0.999991 -0.195695 0.0329039 0.204861
FixedParameters: 0 0 0

#Transform 126
Transform: AffineTransform_float_3_3
Parameters: 0.999994 0.0025396 -0.00228839 -0.00253041 0.999988 0.00418681 0.0022986 -0.00418019 0.999988 -0.195785 0.0353867 0.238074
FixedParameters: 0 0 0

#Transform 127
Transform: AffineTransform_float_3_3
Parameters: 0.999994 0.00253977 -0.00232839 -0.00253022 0.999988 0.00419092 0.00233962 -0.00418508 0.999989 -0.17892 0.042395 0.224182
FixedParameters: 0 0 0

#Transform 128
Transform: AffineTransform_float_3_3
Parameters: 0.999994 0.00254006 -0.00237529 -0.00252994 0.999988 0.00422804 0.00238671 -0.00422196 0.999988 -0.17854 0.0270583 0.22922
FixedParameters: 0 0 0

#Transform 129
Transform: AffineTransform_float_3_3
Parameters: 0.999993 0.00273076 -0.00231169 -0.00272224 0.999989 0.00378432 0.00232231 -0.00377768 0.99999 -0.186338 0.0306602 0.221529
FixedParameters: 0 0 0

#Transform 130
Transform: AffineTransform_float_3_3
Parameters: 0.999994 0.0029161 -0.00221105 -0.0029069 0.999988 0.00410746 0.00222295 -0.00410155 0.999989 -0.185305 0.0280006 0.208619
FixedParameters: 0 0 0

#Transform 131
Transform: AffineTransform_float_3_3
Parameters: 0.999993 0.00287651 -0.00233489 -0.00286549 0.999984 0.00491872 0.00234911 -0.00491228 0.999985 -0.183713 0.0359939 0.23875
FixedParameters: 0 0 0

#Transform 132
Transform: AffineTransform_float_3_3
Parameters: 0.999993 0.00288081 -0.00240291 -0.00286919 0.999984 0.00490293 0.00241709 -0.00489607 0.999985 -0.183225 0.0217016 0.20493
FixedParameters: 0 0 0

#Transform 133
Transform: AffineTransform_float_3_3
Parameters: 0.999993 0.00254296 -0.00247475 -0.00253004 0.999983 0.0052273 0.00248825 -0.00522071 0.999984 -0.186076 0.0191964 0.24825
FixedParameters: 0 0 0

#Transform 134
Transform: AffineTransform_float_3_3
Parameters: 0.999993 0.00288486 -0.00239057 -0.00287214 0.999982 0.00536391 0.00240643 -0.0053571 0.999983 -0.193394 0.0549596 0.266343
FixedParameters: 0 0 0

#Transform 135
Transform: AffineTransform_float_3_3
Parameters: 0.999993 0.00300129 -0.00226511 -0.00298971 0.999983 0.00497281 0.00227989 -0.00496619 0.999985 -0.190829 0.0168769 0.217223
FixedParameters: 0 0 0

#Transform 136
Transform: AffineTransform_float_3_3
Parameters: 0.999994 0.0025425 -0.00224593 -0.00252951 0.999982 0.00554872 0.00226006 -0.00554329 0.999982 -0.188871 0.0397507 0.23278
FixedParameters: 0 0 0

#Transform 137
Transform: AffineTransform_float_3_3
Parameters: 0.999992 0.0028506 -0.00254094 -0.0028374 0.999983 0.00494825 0.00255506 -0.00494075 0.999985 -0.208772 0.0373191 0.220218
FixedParameters: 0 0 0

#Transform 138
Transform: AffineTransform_float_3_3
Parameters: 0.999991 0.00292233 -0.00288455 -0.00290666 0.999981 0.00530543 0.00290045 -0.00529757 0.999982 -0.207223 -0.00226276 0.242679
FixedParameters: 0 0 0

#Transform 139
Transform: AffineTransform_float_3_3
Parameters: 0.999993 0.00305257 -0.00240614 -0.00304043 0.999982 0.00521035 0.00242186 -0.00520264 0.999983 -0.209101 0.0114383 0.208973
FixedParameters: 0 0 0

#Transform 140
Transform: AffineTransform_float_3_3
Parameters: 0.999993 0.00306823 -0.00242436 -0.00305477 0.999981 0.00544045 0.00244164 -0.00543255 0.999983 -0.202241 -0.00684506 0.206562
FixedParameters: 0 0 0

#Transform 141
Transform: AffineTransform_float_3_3
Parameters: 0.999992 0.00302383 -0.00254566 -0.00301017 0.999981 0.0054187 0.00256234 -0.00541129 0.999982 -0.211283 -0.00644275 0.232348
FixedParameters: 0 0 0

#Transform 142
Transform: AffineTransform_float_3_3
Parameters: 0.999991 0.00308014 -0.00276041 -0.00306786 0.999984 0.00475151 0.00277559 -0.00474249 0.999985 -0.210333 0.00697283 0.202348
FixedParameters: 0 0 0

#Transform 143
Transform: AffineTransform_float_3_3
Parameters: 0.999992 0.00298773 -0.00270089 -0.00297327 0.999982 0.00507407 0.00271611 -0.00506593 0.999984 -0.197783 -0.00363141 0.239113
FixedParameters: 0 0 0

#Transform 144
Transform: AffineTransform_float_3_3
Parameters: 0.999993 0.00273522 -0.00262127 -0.00272177 0.999983 0.00503617 0.00263473 -0.00502883 0.999984 -0.196279 0.0230325 0.272896
FixedParameters: 0 0 0

#Transform 145
Transform: AffineTransform_float_3_3
Parameters: 0.999993 0.0030041 -0.0024943 -0.0029909 0.999982 0.0052405 0.0025097 -0.0052325 0.999983 -0.190997 0.00858532 0.238703
FixedParameters: 0 0 0

#Transform 146
Transform: AffineTransform_float_3_3
Parameters: 0.999992 0.00308373 -0.00261188 -0.00307027 0.999981 0.00524406 0.00262812 -0.00523594 0.999983 -0.211715 -0.00782863 0.250118
FixedParameters: 0 0 0

#Transform 147
Transform: AffineTransform_float_3_3
Parameters: 0.999992 0.00298826 -0.00288428 -0.00297274 0.999981 0.00527962 0.00290072 -0.00527137 0.999982 -0.208147 0.0260698 0.285088
FixedParameters: 0 0 0

#Transform 148
Transform: AffineTransform_float_3_3
Parameters: 0.999991 0.00305746 -0.00288476 -0.00304354 0.999983 0.00500183 0.00290025 -0.00499318 0.999984 -0.204947 0.000584116 0.237923
FixedParameters: 0 0 0

#Transform 149
Transform: AffineTransform_float_3_3
Parameters: 0.999991 0.00290454 -0.00288444 -0.00288946 0.999982 0.00537538 0.00290056 -0.00536762 0.999982 -0.201716 -0.00710418 0.295606
FixedParameters: 0 0 0

#Transform 150
Transform: AffineTransform_float_3_3
Parameters: 0.999993 0.0029782 -0.00254146 -0.0029638 0.99998 0.00557158 0.00255854 -0.00556342 0.999982 -0.210685 0.015688 0.260992
FixedParameters: 0 0 0

#Transform 151
Transform: AffineTransform_float_3_3
Parameters: 0.999992 0.00308807 -0.00263242 -0.00307292 0.999979 0.00571114 0.00265058 -0.00570286 0.99998 -0.211672 -0.0176217 0.256169
FixedParameters: 0 0 0

#Transform 152
Transform: AffineTransform_float_3_3
Parameters: 0.999992 0.00301789 -0.00288242 -0.00300111 0.999979 0.0058447 0.00290058 -0.0058363 0.999979 -0.208494 0.0334599 0.275402
FixedParameters: 0 0 0

#Transform 153
Transform: AffineTransform_float_3_3
Parameters: 0.999992 0.00311419 -0.00253164 -0.0030998 0.999979 0.00559189 0.00254936 -0.0055841 0.999981 -0.212695 0.0355067 0.249868
FixedParameters: 0 0 0

#Transform 154
Transform: AffineTransform_float_3_3
Parameters: 0.999992 0.00300971 -0.00271167 -0.00299429 0.999979 0.00577816 0.00272933 -0.00576983 0.999979 -0.230156 0.017525 0.297753
FixedParameters: 0 0 0

#Transform 155
Transform: AffineTransform_float_3_3
Parameters: 0.999993 0.00300269 -0.00245917 -0.00298831 0.999978 0.00595639 0.00247683 -0.00594861 0.999979 -0.211526 0.0547451 0.253217
FixedParameters: 0 0 0

#Transform 156
Transform: AffineTransform_float_3_3
Parameters: 0.99999 0.00329541 -0.00276456 -0.00327959 0.999977 0.00591912 0.00278344 -0.00590988 0.999978 -0.230146 0.0260594 0.266852
FixedParameters: 0 0 0

#Transform 157
Transform: AffineTransform_float_3_3
Parameters: 0.999991 0.00317044 -0.00260653 -0.00315555 0.999979 0.00552727 0.00262447 -0.00551873 0.999982 -0.230022 0.043435 0.292117
FixedParameters: 0 0 0

#Transform 158
Transform: AffineTransform_float_3_3
Parameters: 0.999991 0.00330329 -0.00242298 -0.00328971 0.999979 0.00546902 0.00244101 -0.00546098 0.999982 -0.235713 -0.000773305 0.269555
FixedParameters: 0 0 0

#Transform 159
Transform: AffineTransform_float_3_3
Parameters: 0.99999 0.00341208 -0.00287988 -0.00339492 0.999976 0.00591584 0.00290012 -0.00590616 0.999979 -0.249566 -0.0148273 0.326051
FixedParameters: 0 0 0

#Transform 160
Transform: AffineTransform_float_3_3
Parameters: 0.999989 0.00370587 -0.00282199 -0.00368913 0.999976 0.00595948 0.00284402 -0.00594853 0.999979 -0.252287 0.0117201 0.303469
FixedParameters: 0 0 0

#Transform 161
Transform: AffineTransform_float_3_3
Parameters: 0.999989 0.00355837 -0.00287742 -0.00353962 0.999974 0.00636525 0.00290057 -0.00635475 0.999975 -0.265115 -0.0185303 0.306116
FixedParameters: 0 0 0

#Transform 162
Transform: AffineTransform_float_3_3
Parameters: 0.999989 0.00333471 -0.00313109 -0.00331429 0.999972 0.00659645 0.00315292 -0.00658656 0.999974 -0.259806 0.0189208 0.360335
FixedParameters: 0 0 0

#Transform 163
Transform: AffineTransform_float_3_3
Parameters: 0.99999 0.00333075 -0.00280623 -0.00331424 0.999977 0.00595436 0.00282577 -0.00594565 0.999979 -0.262328 0.00424275 0.314555
FixedParameters: 0 0 0

#Transform 164
Transform: AffineTransform_float_3_3
Parameters: 0.99999 0.00337402 -0.00287785 -0.00335498 0.999972 0.00658772 0.00290015 -0.00657828 0.999974 -0.274711 -0.0297609 0.367883
FixedParameters: 0 0 0

#Transform 165
Transform: AffineTransform_float_3_3
Parameters: 0.99999 0.00344788 -0.00287633 -0.00342811 0.999971 0.00688893 0.00290067 -0.00687907 0.999972 -0.263468 0.0103271 0.345629
FixedParameters: 0 0 0

#Transform 166
Transform: AffineTransform_float_3_3
Parameters: 0.999989 0.00351924 -0.0028754 -0.00349875 0.99997 0.00701514 0.0029006 -0.00700487 0.999972 -0.268605 -0.00426767 0.330017
FixedParameters: 0 0 0

#Transform 167
Transform: AffineTransform_float_3_3
Parameters: 0.999989 0.00332272 -0.00315923 -0.00329927 0.999966 0.0074855 0.00318377 -0.0074745 0.999967 -0.274213 0.0170916 0.385997
FixedParameters: 0 0 0

#Transform 168
Transform: AffineTransform_float_3_3
Parameters: 0.999989 0.00369086 -0.00287724 -0.00367214 0.999974 0.00618663 0.00290075 -0.00617636 0.999976 -0.275861 0.0404175 0.408916
FixedParameters: 0 0 0

#Transform 169
Transform: AffineTransform_float_3_3
Parameters: 0.999991 0.00368068 -0.00173278 -0.00367232 0.999983 0.0044154 0.00174822 -0.0044096 0.999989 -0.128738 0.0769079 0.552287
FixedParameters: 0 0 0

#Transform 170
Transform: AffineTransform_float_3_3
Parameters: 0.99999 0.00373551 -0.00272429 -0.00372449 0.999984 0.00421819 0.00274072 -0.00420781 0.999988 -0.228796 0.120982 0.602414
FixedParameters: 0 0 0

#Transform 171
Transform: AffineTransform_float_3_3
Parameters: 0.999987 0.0042612 -0.00280506 -0.00425179 0.999985 0.00327997 0.00281893 -0.00326803 0.99999 -0.315909 0.00425016 0.458354
FixedParameters: 0 0 0

#Transform 172
Transform: AffineTransform_float_3_3
Parameters: 0.999984 0.00455005 -0.00351058 -0.00453495 0.99998 0.00428399 0.00352942 -0.00426801 0.999984 -0.330905 0.00783865 0.434656
FixedParameters: 0 0 0

#Transform 173
Transform: AffineTransform_float_3_3
Parameters: 0.999986 0.00426981 -0.0030966 -0.0042522 0.999975 0.00573325 0.0031204 -0.00572076 0.999979 -0.334545 0.0466517 0.404132
FixedParameters: 0 0 0

#Transform 174
Transform: AffineTransform_float_3_3
Parameters: 0.999983 0.004275 -0.0038033 -0.004252 0.999973 0.00603427 0.00382869 -0.00601873 0.999974 -0.342076 0.0179975 0.452766
FixedParameters: 0 0 0

#Transform 175
Transform: AffineTransform_float_3_3
Parameters: 0.999982 0.00460464 -0.00387154 -0.00457736 0.999966 0.00686085 0.00390346 -0.00684315 0.999969 -0.343518 0.0243158 0.407556
FixedParameters: 0 0 0

#Transform 176
Transform: AffineTransform_float_3_3
Parameters: 0.999981 0.00453969 -0.00421733 -0.00451131 0.999967 0.00678716 0.00424767 -0.00676785 0.999968 -0.344185 0.0249098 0.406298
FixedParameters: 0 0 0

#Transform 177
Transform: AffineTransform_float_3_3
Parameters: 0.999976 0.00538937 -0.00433161 -0.00536362 0.999968 0.00584937 0.00436239 -0.00582563 0.999974 -0.405553 0.0328546 0.384364
FixedParameters: 0 0 0

#Transform 178
Transform: AffineTransform_float_3_3
Parameters: 0.999979 0.00505849 -0.0041745 -0.00503852 0.999977 0.00466514 0.0041975 -0.00464387 0.999981 -0.386963 0.0448783 0.357417
FixedParameters: 0 0 0

#Transform 179
Transform: AffineTransform_float_3_3
Parameters: 0.999978 0.00500251 -0.00433718 -0.00497949 0.999974 0.00518471 0.00436282 -0.00516329 0.999977 -0.38507 0.0378843 0.396745
FixedParameters: 0 0 0

#Transform 180
Transform: AffineTransform_float_3_3
Parameters: 0.999977 0.00508938 -0.00433337 -0.00506362 0.99997 0.00584808 0.00436263 -0.00582593 0.999974 -0.380429 0.0230848 0.382273
FixedParameters: 0 0 0

#Transform 181
Transform: AffineTransform_float_3_3
Parameters: 0.999978 0.00516517 -0.0043308 -0.00513784 0.999967 0.00626139 0.0043622 -0.00623861 0.999971 -0.387331 0.0583858 0.410091
FixedParameters: 0 0 0

#Transform 182
Transform: AffineTransform_float_3_3
Parameters: 0.999978 0.00507016 -0.00433257 -0.00504384 0.999969 0.00602899 0.00436243 -0.00600702 0.999973 -0.380195 0.0240316 0.377331
FixedParameters: 0 0 0

#Transform 183
Transform: AffineTransform_float_3_3
Parameters: 0.999977 0.00507453 -0.0043321 -0.00504846 0.999968 0.006115 0.0043629 -0.00609299 0.999972 -0.392461 0.0340227 0.421284
FixedParameters: 0 0 0

#Transform 184
Transform: AffineTransform_float_3_3
Parameters: 0.999979 0.00493955 -0.00433292 -0.00491245 0.999969 0.00611642 0.00436308 -0.00609458 0.999972 -0.381733 0.064147 0.396632
FixedParameters: 0 0 0

#Transform 185
Transform: AffineTransform_float_3_3
Parameters: 0.999978 0.00507178 -0.00433067 -0.00504322 0.999967 0.00640298 0.00436233 -0.00638102 0.99997 -0.386179 0.0242895 0.405059
FixedParameters: 0 0 0

#Transform 186
Transform: AffineTransform_float_3_3
Parameters: 0.999978 0.00504056 -0.00432998 -0.00501244 0.999966 0.00658085 0.00436303 -0.00655915 0.999969 -0.385593 0.0543507 0.421012
FixedParameters: 0 0 0

#Transform 187
Transform: AffineTransform_float_3_3
Parameters: 0.999979 0.00493308 -0.00433349 -0.00490692 0.99997 0.00600839 0.00436251 -0.00598761 0.999972 -0.383959 0.0407269 0.400861
FixedParameters: 0 0 0

#Transform 188
Transform: AffineTransform_float_3_3
