#Insight Transform File V1.0
#Transform 0
Transform: AffineTransform_float_3_3
Parameters: 0.999999 -0.000700627 0.00046355 0.000698374 0.999993 0.00350132 -0.000465447 -0.00350067 0.999994 0.144681 -0.0844474 0.229574
FixedParameters: 0 0 0

#Transform 1
Transform: AffineTransform_float_3_3
Parameters: 0.999999 -0.00112421 0.000887204 0.00112179 0.999997 0.00249 -0.000889796 -0.002489 0.999997 0.160904 -0.0797746 0.191955
FixedParameters: 0 0 0

#Transform 2
Transform: AffineTransform_float_3_3
Parameters: 0.999998 -0.00144263 0.00132732 0.00144137 0.999999 0.000471914 -0.00132768 -0.000470085 0.999999 0.179792 -0.0733497 0.163794
FixedParameters: 0 0 0

#Transform 3
Transform: AffineTransform_float_3_3
Parameters: 0.999999 -0.000975161 0.00109586 0.000974838 0.999999 0.000148068 -0.00109614 -0.000146931 1 0.16217 -0.0229865 0.0673227
FixedParameters: 0 0 0

#Transform 4
Transform: AffineTransform_float_3_3
Parameters: 0.999998 -0.00164013 0.0010958 0.00163987 0.999998 0.000122797 -0.0010962 -0.000120202 1 0.171693 0.0328882 -0.0222054
FixedParameters: 0 0 0

#Transform 5
Transform: AffineTransform_float_3_3
Parameters: 0.999999 -0.00140097 0.000668961 0.00140002 0.999998 0.00145594 -0.000671038 -0.00145506 0.999998 0.183131 -0.0710144 0.0779212
FixedParameters: 0 0 0

#Transform 6
Transform: AffineTransform_float_3_3
Parameters: 0.999999 -0.00117839 0.000940508 0.00117761 0.999999 0.000418108 -0.000941493 -0.000417891 1 0.15931 0.0356796 -0.0257601
FixedParameters: 0 0 0

#Transform 7
Transform: AffineTransform_float_3_3
Parameters: 0.999999 -0.000659089 0.000669931 0.000657912 0.999999 0.00162344 -0.000671069 -0.00162356 0.999999 0.15435 -0.059399 0.00517354
FixedParameters: 0 0 0

#Transform 8
Transform: AffineTransform_float_3_3
Parameters: 1 -0.000327991 -4.00715e-05 0.000328009 1 0.000217987 3.99285e-05 -0.000218013 1 0.150293 0.0288818 -0.0602781
FixedParameters: 0 0 0

#Transform 9
Transform: AffineTransform_float_3_3
Parameters: 1 -0.000327752 -0.000330246 0.000328248 0.999999 0.000751891 0.000329753 -0.000752108 0.999999 0.146302 -0.042042 0.00712321
FixedParameters: 0 0 0

#Transform 10
Transform: AffineTransform_float_3_3
Parameters: 1 -0.000328013 -3.38783e-05 0.000327987 1 -0.000371011 3.41217e-05 0.000370989 1 0.129312 0.0589214 -0.0836838
FixedParameters: 0 0 0

#Transform 11
Transform: AffineTransform_float_3_3
Parameters: 1 -0.000454993 -6.30532e-05 0.000455007 1 0.000116971 6.29468e-05 -0.000117029 1 0.112475 -0.029077 -0.0275129
FixedParameters: 0 0 0

#Transform 12
Transform: AffineTransform_float_3_3
Parameters: 1 -0.000620875 0.000216357 0.000621124 0.999999 -0.000574865 -0.000215643 0.000575134 1 0.109409 0.0767865 -0.104611
FixedParameters: 0 0 0

#Transform 13
Transform: AffineTransform_float_3_3
Parameters: 1 -0.000327899 -0.000330101 0.000328101 1 0.000306892 0.000329899 -0.000307108 1 0.0939945 -0.0284834 -0.00885517
FixedParameters: 0 0 0

#Transform 14
Transform: AffineTransform_float_3_3
Parameters: 1 -0.000328234 -0.000329767 0.000327766 0.999999 -0.000709108 0.000330232 0.000708891 0.999999 0.0625949 0.0703232 -0.0992023
FixedParameters: 0 0 0

#Transform 15
Transform: AffineTransform_float_3_3
Parameters: 1 0.000115003 2.49877e-05 -0.000114997 1 -0.000107003 -2.50123e-05 0.000106997 1 0.0356246 -0.038246 -0.0522015
FixedParameters: 0 0 0

#Transform 16
Transform: AffineTransform_float_3_3
Parameters: 1 0.000306991 -1.22284e-05 -0.000307009 0.999999 -0.000743996 1.17716e-05 0.000744003 0.999999 0.00926456 0.0591715 -0.104516
FixedParameters: 0 0 0

#Transform 17
Transform: AffineTransform_float_3_3
Parameters: 1 0.000333972 0.000292032 -0.000334028 1 9.59025e-05 -0.000291968 -9.60975e-05 1 -0.0160638 -0.046756 -0.0597308
FixedParameters: 0 0 0

#Transform 18
Transform: AffineTransform_float_3_3
Parameters: 1 4.80817e-05 0.000249984 -4.79182e-05 1 -0.000327012 -0.000250016 0.000326988 1 0.0146435 0.0106903 -0.0658175
FixedParameters: 0 0 0

#Transform 19
Transform: AffineTransform_float_3_3
Parameters: 0.999999 0.000334242 0.00067588 -0.000333758 1 -0.000358226 -0.000676119 0.000358774 0.999999 -0.0147453 -0.0144178 -0.0136795
FixedParameters: 0 0 0

#Transform 20
Transform: AffineTransform_float_3_3
Parameters: 1 6.89822e-05 -0.000330004 -6.90178e-05 1 -5.39772e-05 0.000329996 5.40228e-05 1 0.0153927 0.000106789 -0.0174228
FixedParameters: 0 0 0

#Transform 21
Transform: AffineTransform_float_3_3
Parameters: 1 -0.000267097 0.000304915 0.000266903 1 0.000317081 -0.000305085 -0.000316918 1 -0.0118849 -0.0508994 0.0877
FixedParameters: 0 0 0

#Transform 22
Transform: AffineTransform_float_3_3
Parameters: 1 -0.000140131 -0.000425957 0.000139869 1 -0.00030806 0.000426043 0.00030794 1 0.0239121 -0.0140424 -0.0661235
FixedParameters: 0 0 0

#Transform 23
Transform: AffineTransform_float_3_3
Parameters: 1 -0.000305825 0.000210255 0.000305175 0.999999 -0.000832935 -0.000209746 0.000833064 0.999999 0.00430889 0.0392423 0.00804612
FixedParameters: 0 0 0

#Transform 24
Transform: AffineTransform_float_3_3
Parameters: 1 -0.000293046 0.000218938 0.000292954 1 0.000212064 -0.000219062 -0.000211936 1 0.00703182 -0.0420417 0.00234371
FixedParameters: 0 0 0

#Transform 25
Transform: AffineTransform_float_3_3
Parameters: 1 -0.000444952 0.000263082 0.000445048 1 -0.000183883 -0.000262918 0.000183117 1 0.015131 0.030064 0.00103926
FixedParameters: 0 0 0

#Transform 26
Transform: AffineTransform_float_3_3
Parameters: 0.999999 -0.000591154 0.000701869 0.000590845 1 0.000220415 -0.000701129 -0.000219586 0.999999 0.0242319 -0.0432401 0.00741037
FixedParameters: 0 0 0

#Transform 27
Transform: AffineTransform_float_3_3
Parameters: 0.999999 -0.00079096 8.43733e-05 0.000791039 0.999999 -0.000471933 -8.36274e-05 0.000471066 1 0.0540856 0.0382267 -0.0628299
FixedParameters: 0 0 0

#Transform 28
Transform: AffineTransform_float_3_3
Parameters: 1 -6.32131e-05 -0.000329959 6.27868e-05 1 -0.00064602 0.000330041 0.000645979 0.999999 0.0299549 -0.0406139 -0.0031045
FixedParameters: 0 0 0

#Transform 29
Transform: AffineTransform_float_3_3
Parameters: 1 -3.28116e-06 -0.000329997 2.71884e-06 0.999999 -0.000852 0.000330002 0.000851998 0.999999 0.0138546 0.0401684 -0.00353881
FixedParameters: 0 0 0

#Transform 30
Transform: AffineTransform_float_3_3
Parameters: 1 0.000132918 -0.000330033 -0.000133082 1 -0.000247956 0.000329967 0.000248044 1 0.0105017 -0.0338296 0.0568615
FixedParameters: 0 0 0

#Transform 31
Transform: AffineTransform_float_3_3
Parameters: 1 7.95868e-05 -0.0003301 -8.04131e-05 0.999999 -0.00125197 0.0003299 0.00125203 0.999999 0.00629714 0.0638443 -0.0500032
FixedParameters: 0 0 0

#Transform 32
Transform: AffineTransform_float_3_3
Parameters: 1 -2.9703e-06 -0.00033 3.0297e-06 1 8.9999e-05 0.00033 -9.0001e-05 1 0.00987469 -0.0532063 0.0575082
FixedParameters: 0 0 0

#Transform 33
Transform: AffineTransform_float_3_3
Parameters: 1 -0.000227983 1.23096e-05 0.000228016 0.999999 -0.001358 -1.16904e-05 0.001358 0.999999 -0.000393535 0.0671411 -0.0308541
FixedParameters: 0 0 0

#Transform 34
Transform: AffineTransform_float_3_3
Parameters: 1 -2.93138e-06 9.40021e-05 3.06862e-06 0.999999 -0.000729999 -9.39978e-05 0.00073 0.999999 0.0160274 -0.0217569 0.0885072
FixedParameters: 0 0 0

#Transform 35
Transform: AffineTransform_float_3_3
Parameters: 1 -0.000255386 0.00042437 0.000255615 0.999999 -0.00144789 -0.00042463 0.00144811 0.999999 -0.0207986 0.0661323 0.0581782
FixedParameters: 0 0 0

#Transform 36
Transform: AffineTransform_float_3_3
Parameters: 1 -2.81881e-06 0.000141004 3.18118e-06 0.999999 -0.001285 -0.000140996 0.001285 0.999999 -0.0310211 -0.0024986 -0.00451529
FixedParameters: 0 0 0

#Transform 37
Transform: AffineTransform_float_3_3
Parameters: 1 -0.000412218 -0.000329728 0.000411782 0.999999 -0.000660135 0.000330272 0.000659864 0.999999 0.0144598 0.0499969 -0.0967258
FixedParameters: 0 0 0

#Transform 38
Transform: AffineTransform_float_3_3
Parameters: 1 -0.000442118 -0.000123579 0.000441882 1 -0.000953055 0.000124421 0.000952945 0.999999 0.0124161 -0.0185742 -0.0251314
FixedParameters: 0 0 0

#Transform 39
Transform: AffineTransform_float_3_3
Parameters: 1 -0.000374436 -0.000329506 0.000373565 0.999999 -0.00132112 0.000329494 0.00132088 0.999999 0.012361 0.0738031 -0.145402
FixedParameters: 0 0 0

#Transform 40
Transform: AffineTransform_float_3_3
Parameters: 1 -3.06468e-06 -0.000329999 2.93532e-06 1 -0.000196001 0.000330001 0.000195999 1 0.00097984 -0.0459262 -0.067267
FixedParameters: 0 0 0

#Transform 41
Transform: AffineTransform_float_3_3
Parameters: 1 -8.74622e-05 -0.000329878 8.75376e-05 0.999999 -0.00140103 0.000330123 0.00140097 0.999999 -0.00441327 0.0679921 -0.145008
FixedParameters: 0 0 0

#Transform 42
Transform: AffineTransform_float_3_3
Parameters: 1 -3.15708e-06 -0.000329998 2.84292e-06 1 -0.000476001 0.000330001 0.000475999 1 -0.00561206 -0.0223112 -0.0738484
FixedParameters: 0 0 0

#Transform 43
Transform: AffineTransform_float_3_3
Parameters: 1 -0.000271469 -0.000329615 0.000270532 0.999999 -0.00142109 0.000329385 0.00142091 0.999999 0.0312418 0.0653199 -0.154843
FixedParameters: 0 0 0

#Transform 44
Transform: AffineTransform_float_3_3
Parameters: 1 -0.000447113 -0.000122588 0.000446887 1 -0.000922055 0.000122412 0.000921945 0.999999 0.0138323 -0.0190246 -0.0961224
FixedParameters: 0 0 0

#Transform 45
Transform: AffineTransform_float_3_3
Parameters: 1 -0.000448885 -0.00100316 0.000447116 0.999998 -0.00187845 0.00100384 0.00187755 0.999997 0.04442 0.0693099 -0.13298
FixedParameters: 0 0 0

#Transform 46
Transform: AffineTransform_float_3_3
Parameters: 0.999999 0.00117324 -0.00100606 -0.00117476 0.999998 -0.00175182 0.00100394 0.00175318 0.999998 -0.0588027 0.0126365 -0.133042
FixedParameters: 0 0 0

#Transform 47
Transform: AffineTransform_float_3_3
Parameters: 0.999993 0.00334807 -0.0012952 -0.00335193 0.99999 -0.00304268 0.0012848 0.00304732 0.999995 -0.161295 0.125905 -0.175857
FixedParameters: 0 0 0

#Transform 48
Transform: AffineTransform_float_3_3
Parameters: 0.999997 0.00214258 -0.00069155 -0.00214542 0.999992 -0.00352153 0.000683446 0.00352347 0.999993 -0.136678 0.193632 -0.218678
FixedParameters: 0 0 0

#Transform 49
Transform: AffineTransform_float_3_3
Parameters: 0.999999 0.00149568 -0.000482099 -0.00149631 0.999995 -0.00273928 0.000477903 0.00273972 0.999996 -0.0898781 0.0549976 -0.175183
FixedParameters: 0 0 0

#Transform 50
Transform: AffineTransform_float_3_3
Parameters: 0.999999 0.000913335 -0.000188252 -0.000913663 0.999993 -0.00355983 0.000184748 0.00356017 0.999993 -0.084133 0.156074 -0.203247
FixedParameters: 0 0 0

#Transform 51
Transform: AffineTransform_float_3_3
Parameters: 0.999999 0.000877902 -0.000431241 -0.000879097 0.999997 -0.00255162 0.000428757 0.00255238 0.999996 -0.0812906 0.0493364 -0.181577
FixedParameters: 0 0 0

#Transform 52
Transform: AffineTransform_float_3_3
Parameters: 0.999999 0.000648513 -0.000502924 -0.000650487 0.999996 -0.00296268 0.000501075 0.00296333 0.999996 -0.0867354 0.131777 -0.235405
FixedParameters: 0 0 0

#Transform 53
Transform: AffineTransform_float_3_3
Parameters: 0.999999 0.000690165 -0.000366577 -0.000690836 0.999997 -0.00228275 0.000365424 0.00228225 0.999998 -0.0764549 0.0515854 -0.213288
FixedParameters: 0 0 0

#Transform 54
Transform: AffineTransform_float_3_3
Parameters: 1 0.00055722 -0.00100555 -0.00055978 0.999996 -0.00276744 0.00100345 0.00276756 0.999995 -0.0300953 0.139995 -0.230012
FixedParameters: 0 0 0

#Transform 55
Transform: AffineTransform_float_3_3
Parameters: 0.999998 0.000806141 -0.0014162 -0.00080986 0.999996 -0.00272586 0.0014148 0.00272714 0.999996 -0.0210827 0.0334541 -0.196278
FixedParameters: 0 0 0

#Transform 56
Transform: AffineTransform_float_3_3
Parameters: 0.999999 0.000576598 -0.001275 -0.000580401 0.999994 -0.00345426 0.001273 0.00345574 0.999993 0.000452493 0.131443 -0.214556
FixedParameters: 0 0 0

#Transform 57
Transform: AffineTransform_float_3_3
Parameters: 0.999999 0.000576257 -0.0012472 -0.000580741 0.999992 -0.00380528 0.0012448 0.00380672 0.999992 -0.0210611 0.123576 -0.161406
FixedParameters: 0 0 0

#Transform 58
Transform: AffineTransform_float_3_3
Parameters: 1 -0.000461283 -0.000365385 0.000459718 0.999994 -0.00350517 0.000366613 0.00350483 0.999994 0.0187958 0.147275 -0.212844
FixedParameters: 0 0 0

#Transform 59
Transform: AffineTransform_float_3_3
Parameters: 0.999999 -0.00124371 -0.000171906 0.00124228 0.999991 -0.00409721 0.000177092 0.00409778 0.999991 0.059851 0.184855 -0.185202
FixedParameters: 0 0 0

#Transform 60
Transform: AffineTransform_float_3_3
Parameters: 0.999999 -0.000868651 -0.000232581 0.000868347 0.999995 -0.0027862 0.00023542 0.0027858 0.999996 0.0388799 0.0286294 -0.118478
FixedParameters: 0 0 0

#Transform 61
Transform: AffineTransform_float_3_3
Parameters: 1 -0.000879497 -0.000781198 0.000877504 0.999994 -0.00319068 0.000783804 0.00319031 0.999994 0.047485 0.118052 -0.170257
FixedParameters: 0 0 0

#Transform 62
Transform: AffineTransform_float_3_3
Parameters: 0.999999 -0.000881691 -0.000275799 0.000881311 0.999997 -0.00249724 0.000277201 0.00249676 0.999997 0.0208078 0.0870675 -0.152824
FixedParameters: 0 0 0

#Transform 63
Transform: AffineTransform_float_3_3
Parameters: 1 -0.000419866 -0.000509287 0.000419134 0.999999 -0.00170022 0.000509713 0.00169979 0.999999 0.022271 0.015286 -0.169917
FixedParameters: 0 0 0

#Transform 64
Transform: AffineTransform_float_3_3
Parameters: 0.999999 -8.71682e-05 -0.000783762 8.48311e-05 0.999996 -0.00276607 0.000784237 0.00276593 0.999996 -0.00485769 0.0929473 -0.146755
FixedParameters: 0 0 0

#Transform 65
Transform: AffineTransform_float_3_3
Parameters: 1 0.000288983 -0.00113751 -0.000291018 0.999999 -0.00177467 0.00113649 0.00177433 0.999998 0.00790527 -0.0195496 -0.158167
FixedParameters: 0 0 0

#Transform 66
Transform: AffineTransform_float_3_3
Parameters: 0.999999 -0.000423792 -0.00131647 0.000419206 0.999994 -0.00363856 0.00131853 0.00363745 0.999993 0.0499088 0.12339 -0.162923
FixedParameters: 0 0 0

#Transform 67
Transform: AffineTransform_float_3_3
Parameters: 0.999999 -0.000349744 -0.00152806 0.000350255 1 0.000166465 0.00152794 -0.000167535 0.999999 0.0533936 -0.0687924 -0.0875981
FixedParameters: 0 0 0

#Transform 68
Transform: AffineTransform_float_3_3
Parameters: 0.999997 0.00127002 -0.00234171 -0.00127498 0.999997 -0.00212602 0.00233829 0.00212898 0.999995 -0.0545642 0.000650273 -0.20824
FixedParameters: 0 0 0

#Transform 69
Transform: AffineTransform_float_3_3
Parameters: 0.999999 0.00127207 -0.00123403 -0.00127493 0.999997 -0.00237743 0.00123097 0.00237857 0.999997 -0.055692 0.019792 -0.14765
FixedParameters: 0 0 0

#Transform 70
Transform: AffineTransform_float_3_3
Parameters: 0.999999 0.00101001 -0.00102197 -0.00101198 0.999997 -0.00194397 0.00102003 0.00194503 0.999997 -0.0217222 -0.0170165 -0.210351
FixedParameters: 0 0 0

#Transform 71
Transform: AffineTransform_float_3_3
Parameters: 0.999999 -0.000378938 -0.000848136 0.000377062 0.999998 -0.00228432 0.000848863 0.00228368 0.999997 0.0686929 0.0620016 -0.191967
FixedParameters: 0 0 0

#Transform 72
Transform: AffineTransform_float_3_3
Parameters: 1 -0.000164763 -0.00100871 0.000163237 0.999999 -0.00174717 0.00100929 0.00174684 0.999998 0.0537059 -0.0438283 -0.202514
FixedParameters: 0 0 0

#Transform 73
Transform: AffineTransform_float_3_3
Parameters: 0.999998 -0.00136128 -0.00142 0.00135472 0.99999 -0.00441693 0.001426 0.00441507 0.999989 0.085182 0.095389 -0.111958
FixedParameters: 0 0 0

#Transform 74
Transform: AffineTransform_float_3_3
Parameters: 0.999998 -0.0016671 -0.000883449 0.0016619 0.999982 -0.00573848 0.00089355 0.00573652 0.999983 0.0423232 0.149485 0.076378
FixedParameters: 0 0 0

#Transform 75
Transform: AffineTransform_float_3_3
Parameters: 0.999998 -0.00218925 -0.000602876 0.00218675 0.99999 -0.00371333 0.000611122 0.00371167 0.999993 0.0665909 -0.0159675 0.0827741
FixedParameters: 0 0 0

#Transform 76
Transform: AffineTransform_float_3_3
Parameters: 0.999998 -0.00157908 -0.0011712 0.00157692 0.999997 -0.00177585 0.0011738 0.00177415 0.999997 0.0531046 -0.127191 -0.0896653
FixedParameters: 0 0 0

#Transform 77
Transform: AffineTransform_float_3_3
Parameters: 0.999999 -0.00168091 -0.000761799 0.00167909 0.999996 -0.00250128 0.000766201 0.00249972 0.999996 0.077277 -0.0509905 -0.0699605
FixedParameters: 0 0 0

#Transform 78
Transform: AffineTransform_float_3_3
Parameters: 0.999999 -0.00167965 -0.00057209 0.00167935 0.999998 -0.00113796 0.000573911 0.00113704 0.999999 0.0706259 -0.0424404 -0.149985
FixedParameters: 0 0 0

#Transform 79
Transform: AffineTransform_float_3_3
Parameters: 0.999999 -0.00167964 -0.000572114 0.00167936 0.999998 -0.00112396 0.000573888 0.00112304 0.999999 0.0708245 -0.166813 -0.102592
FixedParameters: 0 0 0

#Transform 80
Transform: AffineTransform_float_3_3
Parameters: 0.999998 -0.00203865 -0.000568095 0.00203734 0.999993 -0.00289816 0.000573907 0.00289783 0.999995 0.10431 -0.0180851 -0.225635
FixedParameters: 0 0 0

#Transform 81
Transform: AffineTransform_float_3_3
Parameters: 0.999996 -0.00234757 -0.00191642 0.00234344 0.999995 -0.0023815 0.00192158 0.0023775 0.999996 0.181989 -0.0566503 -0.163319
FixedParameters: 0 0 0

#Transform 82
Transform: AffineTransform_float_3_3
Parameters: 0.999996 -0.00234864 -0.0016299 0.00234336 0.999992 -0.00345583 0.0016381 0.00345217 0.999992 0.188702 0.0319968 -0.0229329
FixedParameters: 0 0 0

#Transform 83
Transform: AffineTransform_float_3_3
Parameters: 0.999999 -0.00142457 -0.0011506 0.00142044 0.999994 -0.00309364 0.0011544 0.00309236 0.999994 0.113913 0.0149578 -0.141195
FixedParameters: 0 0 0

#Transform 84
Transform: AffineTransform_float_3_3
Parameters: 0.999997 -0.00184499 -0.00112009 0.00184201 0.999994 -0.00266607 0.00112491 0.00266493 0.999996 0.138731 -0.0326557 -0.132176
FixedParameters: 0 0 0

#Transform 85
Transform: AffineTransform_float_3_3
Parameters: 0.999998 0.00183254 -0.000508946 -0.00183446 0.999987 -0.00487808 0.000499057 0.00487893 0.999988 -0.0470788 -0.041003 -0.133246
FixedParameters: 0 0 0

#Transform 86
Transform: AffineTransform_float_3_3
Parameters: 0.999999 0.000395321 -0.000751945 -0.000398679 0.999988 -0.0048987 0.000750055 0.0048993 0.999987 -0.0325986 0.0508991 -0.172435
FixedParameters: 0 0 0

#Transform 87
Transform: AffineTransform_float_3_3
Parameters: 1 -0.000457133 -0.000952503 0.000453866 0.999995 -0.00328644 0.000954497 0.00328557 0.999994 -0.00177082 -0.0351126 -0.127974
FixedParameters: 0 0 0

#Transform 88
Transform: AffineTransform_float_3_3
Parameters: 0.999998 0.000625877 -0.00147362 -0.000632124 0.999991 -0.00415808 0.00147138 0.00415893 0.999991 -0.0744341 -0.0661943 -0.147167
FixedParameters: 0 0 0

#Transform 89
Transform: AffineTransform_float_3_3
Parameters: 0.999999 -0.000768545 -0.00124058 0.000763457 0.999989 -0.00446395 0.00124342 0.00446305 0.99999 0.0154846 -0.0295972 0.0975944
FixedParameters: 0 0 0

#Transform 90
Transform: AffineTransform_float_3_3
Parameters: 0.999998 -0.000485242 -0.0015834 0.00048076 0.999995 -0.00330877 0.0015846 0.00330824 0.999994 0.0132563 -0.170299 0.112121
FixedParameters: 0 0 0

#Transform 91
Transform: AffineTransform_float_3_3
Parameters: 0.999999 -0.000906481 -0.000844278 0.00090352 0.999991 -0.00411477 0.000847724 0.00411324 0.999991 0.0303299 -0.1407 0.0338766
FixedParameters: 0 0 0

#Transform 92
Transform: AffineTransform_float_3_3
Parameters: 0.999999 -0.00134899 -0.000499668 0.00134701 0.999992 -0.00395568 0.000505332 0.00395532 0.999992 0.024797 -0.0679266 0.0353053
FixedParameters: 0 0 0

#Transform 93
Transform: AffineTransform_float_3_3
Parameters: 0.999999 -0.00135093 -0.00112731 0.00134707 0.999993 -0.00348053 0.00113169 0.00347848 0.999994 0.0645423 -0.12796 0.0919357
FixedParameters: 0 0 0

#Transform 94
Transform: AffineTransform_float_3_3
Parameters: 0.999999 -0.00134835 -0.000716463 0.00134665 0.999998 -0.00188297 0.000718536 0.00188203 0.999998 0.0570801 -0.202169 0.0717074
FixedParameters: 0 0 0

#Transform 95
Transform: AffineTransform_float_3_3
Parameters: 0.999998 -0.000756754 -0.00141046 0.000752247 0.999994 -0.00336807 0.00141254 0.00336694 0.999994 0.0902969 -0.0247757 -0.106864
FixedParameters: 0 0 0

#Transform 96
Transform: AffineTransform_float_3_3
Parameters: 1 -0.000693047 -1.3801e-05 0.000692955 0.999994 -0.00317301 1.51988e-05 0.00317299 0.999995 0.0745685 -0.107189 -0.110339
FixedParameters: 0 0 0

#Transform 97
Transform: AffineTransform_float_3_3
Parameters: 0.999999 -0.00171212 -0.000405298 0.00171088 0.999995 -0.0027477 0.000409703 0.0027473 0.999996 0.113177 -0.177086 -0.0137142
FixedParameters: 0 0 0

#Transform 98
Transform: AffineTransform_float_3_3
Parameters: 0.999997 -0.00233065 -0.000599617 0.00232935 0.999993 -0.0027404 0.000605383 0.0027386 0.999996 0.141538 -0.0607639 -0.0665488
FixedParameters: 0 0 0

#Transform 99
Transform: AffineTransform_float_3_3
Parameters: 0.999997 -0.00229644 -0.000664616 0.00229356 0.99999 -0.00365353 0.000673384 0.00365246 0.999993 0.120411 -0.110551 -0.0189759
FixedParameters: 0 0 0

#Transform 100
Transform: AffineTransform_float_3_3
Parameters: 0.999999 -0.00142877 6.44068e-05 0.00142923 0.999992 -0.00378391 -5.85921e-05 0.00378409 0.999993 0.0443017 -0.187468 -0.0119998
FixedParameters: 0 0 0

#Transform 101
Transform: AffineTransform_float_3_3
Parameters: 0.999998 -0.0019771 0.00024055 0.00197791 0.999991 -0.00381753 -0.00023345 0.00381847 0.999992 0.0600736 -0.0678916 -0.0738714
FixedParameters: 0 0 0

#Transform 102
Transform: AffineTransform_float_3_3
Parameters: 0.999998 -0.00210354 -0.000147434 0.00210346 0.999992 -0.00359732 0.000154569 0.00359768 0.999993 0.0732319 -0.123221 -0.104775
FixedParameters: 0 0 0

#Transform 103
Transform: AffineTransform_float_3_3
Parameters: 0.999998 -0.00199606 0.000237052 0.00199694 0.99999 -0.00403253 -0.00022895 0.00403246 0.999992 0.0605019 -0.0886292 -0.0651487
FixedParameters: 0 0 0

#Transform 104
Transform: AffineTransform_float_3_3
Parameters: 0.999997 -0.00210189 0.000293111 0.00210311 0.999991 -0.0038574 -0.00028489 0.00385761 0.999993 0.0601036 -0.128572 -0.116485
FixedParameters: 0 0 0

#Transform 105
Transform: AffineTransform_float_3_3
Parameters: 0.999996 -0.00279382 0.00069882 0.00279717 0.999985 -0.00458506 -0.00068618 0.00458694 0.999989 0.0759657 -0.1008 -0.104303
FixedParameters: 0 0 0

#Transform 106
Transform: AffineTransform_float_3_3
Parameters: 0.999996 -0.00279426 0.000557912 0.00279774 0.999983 -0.00497546 -0.000544083 0.00497754 0.999988 0.100291 -0.0593112 -0.099563
FixedParameters: 0 0 0

#Transform 107
Transform: AffineTransform_float_3_3
Parameters: 0.999995 -0.00292625 0.000517795 0.00292875 0.999981 -0.00539451 -0.000502207 0.0053955 0.999986 0.108907 -0.0726545 -0.0329019
FixedParameters: 0 0 0

#Transform 108
Transform: AffineTransform_float_3_3
Parameters: 0.999996 -0.00279345 0.000542628 0.00279756 0.999974 -0.00666351 -0.000524366 0.00666549 0.999977 0.245803 0.0307623 -0.02352
FixedParameters: 0 0 0

#Transform 109
Transform: AffineTransform_float_3_3
Parameters: 0.999985 -0.00516428 0.00151161 0.00517171 0.999974 -0.00514526 -0.00148439 0.00515274 0.999985 0.263803 0.0606951 -0.0727822
FixedParameters: 0 0 0

#Transform 110
Transform: AffineTransform_float_3_3
Parameters: 0.999975 -0.00686429 0.00136261 0.00687371 0.999956 -0.00648979 -0.00131838 0.00649921 0.999978 0.449763 0.0237545 0.017703
FixedParameters: 0 0 0

#Transform 111
Transform: AffineTransform_float_3_3
Parameters: 0.999969 -0.00771193 0.00118396 0.00771906 0.999951 -0.00608204 -0.00113704 0.00609095 0.999981 0.533944 0.0399855 -0.0132691
FixedParameters: 0 0 0

#Transform 112
Transform: AffineTransform_float_3_3
Parameters: 0.999974 -0.00704785 0.00097554 0.00705416 0.999955 -0.00645528 -0.00093046 0.00646172 0.999978 0.448896 0.0792357 -0.152996
FixedParameters: 0 0 0

#Transform 113
Transform: AffineTransform_float_3_3
Parameters: 0.999976 -0.00681017 0.000597363 0.00681383 0.999954 -0.00665708 -0.000552638 0.00666091 0.999977 0.42684 -0.0213679 -0.116147
FixedParameters: 0 0 0

#Transform 114
Transform: AffineTransform_float_3_3
Parameters: 0.999977 -0.00673469 0.000602353 0.00673832 0.99995 -0.00747211 -0.000552653 0.00747589 0.999972 0.391197 0.0840135 -0.127446
FixedParameters: 0 0 0

#Transform 115
Transform: AffineTransform_float_3_3
Parameters: 0.999984 -0.00566984 -0.000225614 0.00566816 0.999956 -0.0074774 0.000267385 0.0074756 0.999972 0.32478 0.0273768 -0.121824
FixedParameters: 0 0 0

#Transform 116
Transform: AffineTransform_float_3_3
Parameters: 0.999988 -0.00482847 -0.0007591 0.00482453 0.999971 -0.00578273 0.0007869 0.00577827 0.999983 0.304289 0.0174666 -0.0608473
FixedParameters: 0 0 0

#Transform 117
Transform: AffineTransform_float_3_3
Parameters: 0.999994 -0.00337413 -0.000764696 0.00336887 0.999973 -0.00661662 0.000787305 0.00661438 0.999978 0.241615 0.0665347 -0.0898372
FixedParameters: 0 0 0

#Transform 118
Transform: AffineTransform_float_3_3
Parameters: 0.999994 -0.0033767 -0.00104543 0.0033683 0.999968 -0.00728656 0.00106957 0.00728343 0.999973 0.212992 0.0375626 -0.0778395
FixedParameters: 0 0 0

#Transform 119
Transform: AffineTransform_float_3_3
Parameters: 0.999991 -0.00406652 -0.000531724 0.00406348 0.999971 -0.00646521 0.000557277 0.00646279 0.999979 0.204501 0.0724887 -0.085978
FixedParameters: 0 0 0

#Transform 120
Transform: AffineTransform_float_3_3
Parameters: 0.999989 -0.00452729 -0.000370979 0.0045257 0.999972 -0.00597074 0.000398026 0.00596926 0.999982 0.220551 0.0198658 -0.129344
FixedParameters: 0 0 0

#Transform 121
Transform: AffineTransform_float_3_3
Parameters: 0.999989 -0.00467115 -0.000173451 0.00466985 0.999971 -0.00611288 0.000202549 0.00611212 0.999982 0.235237 0.00351692 -0.121728
FixedParameters: 0 0 0

#Transform 122
Transform: AffineTransform_float_3_3
Parameters: 0.999986 -0.00516722 -1.5369e-05 0.00516678 0.999964 -0.00670217 5.06286e-05 0.00670183 0.999977 0.237038 0.0838171 -0.126307
FixedParameters: 0 0 0

#Transform 123
Transform: AffineTransform_float_3_3
Parameters: 0.99999 -0.00434277 4.89639e-05 0.00434322 0.99997 -0.00643885 -2.10339e-05 0.00643915 0.99998 0.199503 -0.0053128 -0.116228
FixedParameters: 0 0 0

#Transform 124
Transform: AffineTransform_float_3_3
Parameters: 0.999989 -0.00455411 -9.11609e-06 0.00455387 0.999974 -0.0054641 3.48828e-05 0.0054639 0.999985 0.204476 0.020321 -0.0755201
FixedParameters: 0 0 0

#Transform 125
Transform: AffineTransform_float_3_3
Parameters: 0.999987 -0.005067 0.000179692 0.005068 0.999969 -0.00605616 -0.000149309 0.00605683 0.999981 0.225196 0.0678814 -0.0285303
FixedParameters: 0 0 0

#Transform 126
Transform: AffineTransform_float_3_3
Parameters: 0.999989 -0.00455187 0.000325281 0.00455413 0.999966 -0.00686959 -0.000294721 0.00687042 0.999977 0.178772 -0.0470304 -0.0891963
FixedParameters: 0 0 0

#Transform 127
Transform: AffineTransform_float_3_3
Parameters: 0.999991 -0.00429582 4.49917e-05 0.00429618 0.999977 -0.00535186 -2.20067e-05 0.00535214 0.999985 0.149782 -0.0440069 -0.0409065
FixedParameters: 0 0 0

#Transform 128
Transform: AffineTransform_float_3_3
Parameters: 0.999986 -0.00525273 0.00080245 0.00525727 0.999971 -0.00541186 -0.000774548 0.00541614 0.999985 0.179905 0.0412618 -0.0387225
FixedParameters: 0 0 0

#Transform 129
Transform: AffineTransform_float_3_3
Parameters: 0.999987 -0.00514917 0.000750766 0.00515284 0.999973 -0.0051942 -0.000724231 0.0051988 0.999986 0.176071 -0.0605013 -0.0446147
FixedParameters: 0 0 0

#Transform 130
Transform: AffineTransform_float_3_3
Parameters: 0.999988 -0.00483513 0.000503424 0.00483888 0.999971 -0.00587563 -0.000475574 0.00587737 0.999982 0.162268 -0.00917558 -0.0858415
FixedParameters: 0 0 0

#Transform 131
Transform: AffineTransform_float_3_3
Parameters: 0.99998 -0.00632442 0.000244981 0.00632558 0.999954 -0.00711059 -0.000200019 0.0071124 0.999974 0.203738 0.124585 -0.143369
FixedParameters: 0 0 0

#Transform 132
Transform: AffineTransform_float_3_3
Parameters: 0.999984 -0.00556752 0.000256514 0.00556948 0.999966 -0.00619767 -0.00022148 0.00619933 0.999981 0.141456 0.0175952 -0.039045
FixedParameters: 0 0 0

#Transform 133
Transform: AffineTransform_float_3_3
Parameters: 0.999988 -0.00476339 0.000534793 0.00476561 0.999976 -0.00499251 -0.000511205 0.00499549 0.999987 0.0683234 -0.147262 -0.0324898
FixedParameters: 0 0 0

#Transform 134
Transform: AffineTransform_float_3_3
Parameters: 0.999992 -0.00415589 -0.000170495 0.00415511 0.999979 -0.00493475 0.000191506 0.00493425 0.999988 0.0919695 -0.00605849 -0.00225266
FixedParameters: 0 0 0

#Transform 135
Transform: AffineTransform_float_3_3
Parameters: 0.999992 -0.00411296 -0.000669031 0.00411004 0.999982 -0.00437179 0.00068697 0.00436921 0.99999 0.120926 -0.0959102 5.0994e-05
FixedParameters: 0 0 0

#Transform 136
Transform: AffineTransform_float_3_3
Parameters: 0.999998 -0.00195997 -0.000675581 0.00195603 0.999981 -0.00583233 0.00068642 0.00583167 0.999983 0.0647165 -0.0660496 0.165189
FixedParameters: 0 0 0

#Transform 137
Transform: AffineTransform_float_3_3
Parameters: 0.999998 -0.00182436 -0.000415782 0.00182164 0.999982 -0.00560477 0.000426216 0.00560423 0.999984 0.0700258 0.0989675 0.153482
FixedParameters: 0 0 0

#Transform 138
Transform: AffineTransform_float_3_3
Parameters: 0.999998 -0.00195362 0.000317017 0.00195638 0.999968 -0.0076814 -0.000301982 0.00768161 0.999971 -0.0144979 0.212309 -0.122063
FixedParameters: 0 0 0

#Transform 139
Transform: AffineTransform_float_3_3
Parameters: 0.999998 -0.00195693 -0.000137337 0.00195607 0.999977 -0.00647228 0.000149665 0.00647272 0.999979 -0.0221858 0.0588285 -0.0845689
FixedParameters: 0 0 0

#Transform 140
Transform: AffineTransform_float_3_3
Parameters: 0.999998 -0.00195773 -0.000331941 0.00195627 0.999985 -0.00514066 0.000342061 0.00514034 0.999986 -0.0152996 0.0692512 -0.0643512
FixedParameters: 0 0 0

#Transform 141
Transform: AffineTransform_float_3_3
Parameters: 0.999998 -0.00196207 -0.00105579 0.00195593 0.999981 -0.00572308 0.00106621 0.00572092 0.999983 0.0493841 0.0838042 -0.0938557
FixedParameters: 0 0 0

#Transform 142
Transform: AffineTransform_float_3_3
Parameters: 0.999997 -0.00213496 -0.000560855 0.00213204 0.999984 -0.00522421 0.000572144 0.00522279 0.999986 0.0309748 -0.0254724 -0.0261937
FixedParameters: 0 0 0

#Transform 143
Transform: AffineTransform_float_3_3
Parameters: 0.999997 -0.00240111 -2.27126e-05 0.00240089 0.999989 -0.00386806 3.22868e-05 0.00386793 0.999992 0.0292606 0.00574174 0.0067231
FixedParameters: 0 0 0

#Transform 144
Transform: AffineTransform_float_3_3
Parameters: 0.999998 -0.00195806 -0.000327956 0.00195594 0.999979 -0.00615465 0.000340043 0.00615335 0.999981 0.0322884 0.0414967 -0.00390947
FixedParameters: 0 0 0

#Transform 145
Transform: AffineTransform_float_3_3
Parameters: 0.999996 -0.0026071 -0.00031704 0.00260589 0.99999 -0.00343784 0.00032596 0.00343716 0.999994 0.0175141 -0.0522769 0.0761984
FixedParameters: 0 0 0

#Transform 146
Transform: AffineTransform_float_3_3
Parameters: 0.999997 -0.00243258 7.66624e-05 0.00243242 0.999979 -0.00602683 -6.23407e-05 0.00602717 0.999982 -0.0365483 0.0783564 0.012683
FixedParameters: 0 0 0

#Transform 147
Transform: AffineTransform_float_3_3
Parameters: 0.999997 -0.00234379 0.00127705 0.00235321 0.999971 -0.00725802 -0.00125995 0.00726098 0.999973 -0.136178 0.0348461 -0.0689377
FixedParameters: 0 0 0

#Transform 148
Transform: AffineTransform_float_3_3
Parameters: 0.999997 -0.00240024 0.000399 0.00240276 0.999972 -0.00707806 -0.000382002 0.00707894 0.999975 -0.0722572 -0.0994662 0.0179817
FixedParameters: 0 0 0

#Transform 149
Transform: AffineTransform_float_3_3
Parameters: 0.999995 -0.00308419 -0.000285297 0.00308282 0.999968 -0.00736391 0.000307709 0.00736309 0.999973 0.0781174 0.0268868 -0.00508967
FixedParameters: 0 0 0

#Transform 150
Transform: AffineTransform_float_3_3
Parameters: 0.999995 -0.00296857 -4.7011e-05 0.00296842 0.999951 -0.00942918 7.49923e-05 0.00942882 0.999955 0.0516914 0.0239423 0.0230123
FixedParameters: 0 0 0

#Transform 151
Transform: AffineTransform_float_3_3
Parameters: 0.999997 -0.00268431 0.000529724 0.0026897 0.999935 -0.0110606 -0.000500278 0.0110624 0.999938 0.0378026 0.0158193 0.0707607
FixedParameters: 0 0 0

#Transform 152
Transform: AffineTransform_float_3_3
Parameters: 0.999995 -0.0029077 0.000699068 0.00291529 0.999939 -0.01067 -0.000667928 0.010672 0.999943 0.0340948 -0.0520038 0.0237088
FixedParameters: 0 0 0

#Transform 153
Transform: AffineTransform_float_3_3
Parameters: 0.999995 -0.00293227 7.99931e-05 0.00293273 0.999928 -0.0115908 -4.60095e-05 0.0115912 0.999933 0.059923 0.02371 0.0135724
FixedParameters: 0 0 0

#Transform 154
Transform: AffineTransform_float_3_3
Parameters: 0.999995 -0.00292338 0.000334332 0.00292761 0.999931 -0.0113941 -0.000300661 0.0113949 0.999935 0.0805559 0.0976482 0.0826629
FixedParameters: 0 0 0

#Transform 155
Transform: AffineTransform_float_3_3
Parameters: 0.999993 -0.00348141 0.000840077 0.00348958 0.999951 -0.00920213 -0.000807918 0.00920487 0.999958 0.0532783 -0.0300279 0.0821879
FixedParameters: 0 0 0

#Transform 156
Transform: AffineTransform_float_3_3
Parameters: 0.999995 -0.00310834 0.00110351 0.00311866 0.999947 -0.00979762 -0.00107249 0.00980039 0.999952 0.0410131 -0.0525786 0.0686632
FixedParameters: 0 0 0

#Transform 157
Transform: AffineTransform_float_3_3
Parameters: 0.999992 -0.00394299 0.000855525 0.00395302 0.99992 -0.0120357 -0.000808473 0.0120393 0.999927 0.068559 0.0879998 0.141423
FixedParameters: 0 0 0

#Transform 158
Transform: AffineTransform_float_3_3
Parameters: 0.999993 -0.00356113 0.000910508 0.00357186 0.999933 -0.0110768 -0.000870486 0.0110792 0.999938 0.0348787 0.0229697 0.0758148
FixedParameters: 0 0 0

#Transform 159
Transform: AffineTransform_float_3_3
Parameters: 0.999995 -0.00287664 0.000898237 0.00288536 0.999951 -0.00945345 -0.000870759 0.00945555 0.999955 0.0352069 -0.0968051 0.0857404
FixedParameters: 0 0 0

#Transform 160
Transform: AffineTransform_float_3_3
Parameters: 0.999994 -0.00307563 0.00155182 0.00309037 0.999951 -0.00934626 -0.00152318 0.00935074 0.999955 -0.000367202 0.0525765 0.0864675
FixedParameters: 0 0 0

#Transform 161
Transform: AffineTransform_float_3_3
Parameters: 0.999996 -0.00262786 0.000892301 0.00263513 0.999964 -0.00809368 -0.000870697 0.00809632 0.999967 0.0270721 -0.108436 0.0652
FixedParameters: 0 0 0

#Transform 162
Transform: AffineTransform_float_3_3
Parameters: 0.999994 -0.00335959 0.000906613 0.0033684 0.999939 -0.010584 -0.000870392 0.010587 0.999943 0.0299921 0.0200936 0.0796714
FixedParameters: 0 0 0

#Transform 163
Transform: AffineTransform_float_3_3
Parameters: 0.999993 -0.00335655 0.00125191 0.00336846 0.999944 -0.0100829 -0.00121809 0.0100872 0.999949 0.0247855 0.0986423 -0.0435101
FixedParameters: 0 0 0

#Transform 164
Transform: AffineTransform_float_3_3
Parameters: 0.999995 -0.0030815 0.00090062 0.0030905 0.999949 -0.00959727 -0.000870374 0.00960074 0.999954 0.000625055 -0.0601398 -0.0490019
FixedParameters: 0 0 0

#Transform 165
Transform: AffineTransform_float_3_3
Parameters: 0.999994 -0.00321021 0.00118075 0.00322179 0.999952 -0.00924925 -0.00115124 0.00925275 0.999956 0.0118594 -0.04422 0.0643415
FixedParameters: 0 0 0

#Transform 166
Transform: AffineTransform_float_3_3
Parameters: 0.999997 -0.00239035 0.000543456 0.00239565 0.99994 -0.0106357 -0.00051855 0.0106363 0.999944 0.0608243 0.0497563 0.109954
FixedParameters: 0 0 0

#Transform 167
Transform: AffineTransform_float_3_3
Parameters: 0.999997 -0.00247378 0.000989529 0.00248523 0.99993 -0.0115046 -0.000961469 0.0115074 0.999934 0.0467109 0.0649351 0.0957706
FixedParameters: 0 0 0

#Transform 168
Transform: AffineTransform_float_3_3
Parameters: 0.999992 -0.00325106 0.00205929 0.00327495 0.999926 -0.0117303 -0.00202171 0.0117367 0.999929 -0.0380917 0.156243 0.0322721
FixedParameters: 0 0 0

#Transform 169
Transform: AffineTransform_float_3_3
Parameters: 0.999993 -0.00325828 0.0015477 0.00327572 0.999935 -0.010925 -0.00151229 0.01093 0.999939 -0.0245781 -0.00519211 0.0870986
FixedParameters: 0 0 0

#Transform 170
Transform: AffineTransform_float_3_3
Parameters: 0.999996 -0.00252006 0.000743452 0.00252793 0.999937 -0.0108752 -0.000715548 0.0108768 0.99994 -0.0436097 -0.0278863 0.026049
FixedParameters: 0 0 0

#Transform 171
Transform: AffineTransform_float_3_3
Parameters: 0.999992 -0.00336486 0.00208613 0.00338714 0.999937 -0.0107 -0.00204986 0.010707 0.99994 -0.0305685 0.0702876 0.0248294
FixedParameters: 0 0 0

#Transform 172
Transform: AffineTransform_float_3_3
Parameters: 0.999995 -0.00232302 0.00181691 0.00233997 0.999953 -0.00939679 -0.00179509 0.00940121 0.999954 -0.0649203 -0.015875 0.0658342
FixedParameters: 0 0 0

#Transform 173
Transform: AffineTransform_float_3_3
Parameters: 0.999994 -0.0026839 0.00182047 0.00270011 0.999951 -0.00945813 -0.00179553 0.00946286 0.999953 -0.0653411 0.0078912 0.0701431
FixedParameters: 0 0 0

#Transform 174
Transform: AffineTransform_float_3_3
Parameters: 0.999993 -0.00341874 0.0014218 0.00343327 0.999943 -0.0101562 -0.0013872 0.0101608 0.999948 0.000659071 0.123805 -0.0219483
FixedParameters: 0 0 0

#Transform 175
Transform: AffineTransform_float_3_3
Parameters: 0.999987 -0.0049649 0.00115908 0.0049771 0.99993 -0.0106744 -0.00110692 0.0106806 0.999943 0.052465 0.0654033 0.0305414
FixedParameters: 0 0 0

#Transform 176
Transform: AffineTransform_float_3_3
Parameters: 0.999995 -0.00312344 0.000604481 0.00312857 0.99995 -0.00942916 -0.000575524 0.00943085 0.999956 0.0523081 0.000481168 -0.0616492
FixedParameters: 0 0 0

#Transform 177
Transform: AffineTransform_float_3_3
Parameters: 0.999992 -0.00411679 0.000621562 0.00412122 0.999955 -0.00863151 -0.000586446 0.00863349 0.999962 0.226718 0.0501968 -0.193084
FixedParameters: 0 0 0

#Transform 178
Transform: AffineTransform_float_3_3
Parameters: 0.999984 -0.00566394 0.000159553 0.00566506 0.999955 -0.00768823 -0.000116448 0.00768879 0.999971 0.364662 0.146037 -0.166677
FixedParameters: 0 0 0

#Transform 179
Transform: AffineTransform_float_3_3
Parameters: 0.999982 -0.00596187 0.000429865 0.00596513 0.999952 -0.00768957 -0.000384132 0.00769243 0.999971 0.360331 0.00202187 -0.0622051
FixedParameters: 0 0 0

#Transform 180
Transform: AffineTransform_float_3_3
Parameters: 0.999987 -0.0050567 0.000309172 0.00505829 0.999955 -0.00794154 -0.000268837 0.00794246 0.999969 0.281931 -0.0884431 -0.0845412
FixedParameters: 0 0 0

#Transform 181
Transform: AffineTransform_float_3_3
Parameters: 0.999988 -0.00464131 0.00108056 0.00464868 0.999963 -0.00722106 -0.00104645 0.00722594 0.999974 0.28528 -0.0197601 -0.00757504
FixedParameters: 0 0 0

#Transform 182
Transform: AffineTransform_float_3_3
Parameters: 0.999978 -0.00660352 0.000303165 0.00660548 0.999965 -0.00517211 -0.000268834 0.00517389 0.999987 0.458215 0.00508935 -0.0371374
FixedParameters: 0 0 0

#Transform 183
Transform: AffineTransform_float_3_3
Parameters: 0.999969 -0.00768883 0.00124413 0.00769617 0.999953 -0.0058626 -0.00119886 0.0058724 0.999982 0.464006 -0.00308881 -0.11392
FixedParameters: 0 0 0

#Transform 184
Transform: AffineTransform_float_3_3
Parameters: 0.999969 -0.00759633 0.00195694 0.00760567 0.999958 -0.00498327 -0.00191907 0.00499773 0.999985 0.474541 -0.0490391 -0.0341907
FixedParameters: 0 0 0

#Transform 185
Transform: AffineTransform_float_3_3
Parameters: 0.999973 -0.00720583 0.0012936 0.00721318 0.999958 -0.00562682 -0.00125341 0.00563519 0.999984 0.48882 -0.00998528 -0.0138644
FixedParameters: 0 0 0

#Transform 186
Transform: AffineTransform_float_3_3
Parameters: 0.99997 -0.00768247 0.00114573 0.00769153 0.999942 -0.00763542 -0.00108727 0.00764359 0.99997 0.48378 0.1311 -0.115506
FixedParameters: 0 0 0

#Transform 187
Transform: AffineTransform_float_3_3
Parameters: 0.999971 -0.00764136 0.000933102 0.00764864 0.999944 -0.00733508 -0.000876894 0.00734191 0.999972 0.48625 -0.0578113 -0.0485347
FixedParameters: 0 0 0

#Transform 188
Transform: AffineTransform_float_3_3
