#Insight Transform File V1.0
#Transform 0
Transform: AffineTransform_float_3_3
Parameters: 0.999999 0.000381423 0.000668758 -0.000381576 0.999999 -0.000633255 -0.000669241 0.000632744 0.999999 -0.028587 0.070542 0.27158
FixedParameters: 0 0 0

#Transform 1
Transform: AffineTransform_float_3_3
Parameters: 0.999999 0.000633632 0.000752309 -0.000633367 0.999999 0.000488523 -0.00075169 -0.000488476 0.999999 -0.0550292 0.0490151 0.383239
FixedParameters: 0 0 0

#Transform 2
Transform: AffineTransform_float_3_3
Parameters: 1 0.000670987 0.000162051 -0.000671012 1 7.58913e-05 -0.000161949 -7.61087e-05 1 0.000133078 0.0480502 0.104137
FixedParameters: 0 0 0

#Transform 3
Transform: AffineTransform_float_3_3
Parameters: 1 0.000670825 -0.000186631 -0.000670175 1 -0.000940875 0.00018537 0.000940124 0.999999 0.046325 -0.0191177 -0.00595457
FixedParameters: 0 0 0

#Transform 4
Transform: AffineTransform_float_3_3
Parameters: 1 0.000524001 -9.69953e-05 -0.000523999 1 9.05083e-06 9.70047e-05 -8.94917e-06 1 -0.00640124 0.050061 0.234863
FixedParameters: 0 0 0

#Transform 5
Transform: AffineTransform_float_3_3
Parameters: 0.999999 0.000671314 0.000346391 -0.000670685 1 -0.000907232 -0.000347608 0.000906767 0.999999 0.0150459 0.0223759 -0.15965
FixedParameters: 0 0 0

#Transform 6
Transform: AffineTransform_float_3_3
Parameters: 1 0.00024186 -0.000196172 -0.000242139 0.999999 -0.000711952 0.000195828 0.000712047 0.999999 0.0331647 0.00509532 0.159755
FixedParameters: 0 0 0

#Transform 7
Transform: AffineTransform_float_3_3
Parameters: 0.999999 0.000423243 0.00068223 -0.000422757 0.999999 -0.00182129 -0.000682771 0.00182071 0.999998 0.0101573 0.0657159 -0.0130138
FixedParameters: 0 0 0

#Transform 8
Transform: AffineTransform_float_3_3
Parameters: 1 0.000380146 0.000108489 -0.000379853 0.999999 -0.00134504 -0.000109511 0.00134596 0.999999 0.0247666 -0.00358302 -0.106777
FixedParameters: 0 0 0

#Transform 9
Transform: AffineTransform_float_3_3
Parameters: 1 0.000463064 0.000108726 -0.000462935 0.999999 -0.00059205 -0.000109274 0.000591949 1 0.0122516 0.0345822 0.198146
FixedParameters: 0 0 0

#Transform 10
Transform: AffineTransform_float_3_3
Parameters: 1 0.000242163 0.000108636 -0.000241836 0.999999 -0.00150203 -0.000109363 0.00150197 0.999999 0.0271994 0.0355732 -0.187702
FixedParameters: 0 0 0

#Transform 11
Transform: AffineTransform_float_3_3
Parameters: 1 0.000242107 0.000108761 -0.000241892 0.999999 -0.000988025 -0.000109239 0.000987973 0.999999 -0.00960469 0.0111344 0.15971
FixedParameters: 0 0 0

#Transform 12
Transform: AffineTransform_float_3_3
Parameters: 1 0.000568674 0.000295707 -0.000567325 0.999998 -0.00227517 -0.000297291 0.00227483 0.999998 -0.0156287 0.0756309 -0.000188192
FixedParameters: 0 0 0

#Transform 13
Transform: AffineTransform_float_3_3
Parameters: 1 3.91638e-05 0.000108941 -3.88361e-05 0.999999 -0.001503 -0.000109058 0.001503 0.999999 0.0191248 0.0217494 -0.146491
FixedParameters: 0 0 0

#Transform 14
Transform: AffineTransform_float_3_3
Parameters: 1 0.000339218 0.000108319 -0.000338781 0.999998 -0.00200704 -0.00010968 0.00200696 0.999998 0.0186322 0.0328321 -0.102671
FixedParameters: 0 0 0

#Transform 15
Transform: AffineTransform_float_3_3
Parameters: 1 0.000176291 0.000164689 -0.00017571 0.999999 -0.00176403 -0.00016431 0.00176397 0.999999 0.0155665 0.0384384 -0.172946
FixedParameters: 0 0 0

#Transform 16
Transform: AffineTransform_float_3_3
Parameters: 1 0.000204184 0.000108655 -0.000203816 0.999998 -0.00168802 -0.000109344 0.00168798 0.999998 -0.0183451 0.0484969 0.0465416
FixedParameters: 0 0 0

#Transform 17
Transform: AffineTransform_float_3_3
Parameters: 1 -0.000202076 -6.07481e-05 0.000201924 0.999999 -0.00124701 6.12519e-05 0.00124699 0.999999 0.0133242 0.0409963 -0.212566
FixedParameters: 0 0 0

#Transform 18
Transform: AffineTransform_float_3_3
Parameters: 1 -0.000201895 0.000109195 0.000202105 0.999999 -0.000963977 -0.000108805 0.000964021 0.999999 -0.0148096 0.0303938 0.140153
FixedParameters: 0 0 0

#Transform 19
Transform: AffineTransform_float_3_3
Parameters: 1 0.000182133 0.000251904 -0.000181867 1 -0.000526046 -0.000252096 0.000526954 1 -7.31581e-05 0.0668 -0.140187
FixedParameters: 0 0 0

#Transform 20
Transform: AffineTransform_float_3_3
Parameters: 1 0.000130863 -0.000316056 -0.000131136 1 -0.000431958 0.000315943 0.000432041 1 0.0118556 0.00889436 0.0711682
FixedParameters: 0 0 0

#Transform 21
Transform: AffineTransform_float_3_3
Parameters: 1 0.000201002 0.000153998 -0.000200998 1 -1.0031e-05 -0.000154002 9.96905e-06 1 0.00440455 0.0442079 -0.108666
FixedParameters: 0 0 0

#Transform 22
Transform: AffineTransform_float_3_3
Parameters: 1 -0.000202108 -0.000412947 0.000201892 1 -0.000262083 0.000413053 0.000261917 1 0.031251 0.00400595 -0.183878
FixedParameters: 0 0 0

#Transform 23
Transform: AffineTransform_float_3_3
Parameters: 1 0.00026597 -0.000248032 -0.000266029 1 -0.000118934 0.000247968 0.000119066 1 0.00817431 0.0358823 0.0614516
FixedParameters: 0 0 0

#Transform 24
Transform: AffineTransform_float_3_3
Parameters: 1 -0.000202113 -0.00012081 0.000201887 0.999999 -0.000938024 0.000120189 0.000937975 0.999999 0.0422619 0.00997768 -0.252202
FixedParameters: 0 0 0

#Transform 25
Transform: AffineTransform_float_3_3
Parameters: 1 0.0002431 -7.06553e-05 -0.000242899 0.999999 0.00141802 7.13445e-05 -0.00141798 0.999999 0.0265915 -0.0565579 0.0494468
FixedParameters: 0 0 0

#Transform 26
Transform: AffineTransform_float_3_3
Parameters: 1 0.000352822 0.000299209 -0.000353177 1 0.000592894 -0.000298791 -0.000593105 1 -0.000234933 0.0116802 -0.0818668
FixedParameters: 0 0 0

#Transform 27
Transform: AffineTransform_float_3_3
Parameters: 1 0.000418161 -0.000282762 -0.000418839 1 0.000569118 0.000282238 -0.000568882 1 0.0202913 -0.0445231 -0.0671713
FixedParameters: 0 0 0

#Transform 28
Transform: AffineTransform_float_3_3
Parameters: 1 0.000417814 0.000232334 -0.000418185 0.999999 0.000798902 -0.000231666 -0.000799096 0.999999 0.004436 0.00240612 -0.0106413
FixedParameters: 0 0 0

#Transform 29
Transform: AffineTransform_float_3_3
Parameters: 0.999999 0.000418994 -0.000613322 -0.000418004 0.999998 0.00162026 0.000614678 -0.00162074 0.999998 -0.00126105 0.0104206 0.0833747
FixedParameters: 0 0 0

#Transform 30
Transform: AffineTransform_float_3_3
Parameters: 1 0.000418372 -0.000229322 -0.000418627 0.999998 0.00162009 0.000230678 -0.0016199 0.999998 -0.00106991 0.03876 0.00960496
FixedParameters: 0 0 0

#Transform 31
Transform: AffineTransform_float_3_3
Parameters: 1 0.000418324 -0.00022941 -0.000418675 0.999999 0.0014101 0.000230591 -0.0014109 0.999999 -0.0234762 -0.0224617 -0.0874603
FixedParameters: 0 0 0

#Transform 32
Transform: AffineTransform_float_3_3
Parameters: 1 0.000418359 -0.000229345 -0.000418639 0.999998 0.0015651 0.000230655 -0.0015649 0.999998 0.0015955 0.00204227 0.1411
FixedParameters: 0 0 0

#Transform 33
Transform: AffineTransform_float_3_3
Parameters: 1 0.000182228 -0.000229819 -0.000182771 0.999999 0.000994041 0.000230182 -0.000993957 0.999999 0.0411865 -0.0352613 -0.217161
FixedParameters: 0 0 0

#Transform 34
Transform: AffineTransform_float_3_3
Parameters: 1 0.000139383 -0.000229768 -0.000139616 0.999998 0.00166703 0.000230233 -0.00166697 0.999998 -0.0187732 -0.0609134 0.0953098
FixedParameters: 0 0 0

#Transform 35
Transform: AffineTransform_float_3_3
Parameters: 0.999999 -0.000156965 0.00136678 0.000155034 0.999999 0.00143821 -0.00136722 -0.00143779 0.999998 -0.0328596 -0.0307785 -0.0851644
FixedParameters: 0 0 0

#Transform 36
Transform: AffineTransform_float_3_3
Parameters: 1 -0.000242674 0.000523688 0.000242327 0.999999 0.00128713 -0.000523312 -0.00128687 0.999999 -0.00903492 -0.0819668 -0.136553
FixedParameters: 0 0 0

#Transform 37
Transform: AffineTransform_float_3_3
Parameters: 0.999999 -0.000242549 0.000765826 0.00024245 0.999999 0.000717186 -0.000766174 -0.000716815 1 0.00928089 -0.0708245 -0.185267
FixedParameters: 0 0 0

#Transform 38
Transform: AffineTransform_float_3_3
Parameters: 0.999999 -0.000242829 0.000680705 0.00024217 0.999999 0.00121817 -0.000681295 -0.00121784 0.999999 -0.0300003 -0.0634603 0.178464
FixedParameters: 0 0 0

#Transform 39
Transform: AffineTransform_float_3_3
Parameters: 0.999999 -0.000241354 0.00134312 0.000241647 1 -0.000481676 -0.00134288 0.000481324 0.999999 -0.00167738 0.0146806 -0.0914284
FixedParameters: 0 0 0

#Transform 40
Transform: AffineTransform_float_3_3
Parameters: 0.999999 -0.000243021 0.000665628 0.000241979 0.999999 0.00153316 -0.000666371 -0.00153284 0.999998 -0.0211965 -0.0757363 0.0374914
FixedParameters: 0 0 0

#Transform 41
Transform: AffineTransform_float_3_3
Parameters: 0.999999 -0.000241723 0.000820081 0.000242277 1 -0.000337801 -0.000819918 0.000338198 0.999999 -0.0141745 -0.0175958 -0.140774
FixedParameters: 0 0 0

#Transform 42
Transform: AffineTransform_float_3_3
Parameters: 0.999999 -0.000318315 0.000828878 0.000317685 1 0.000380263 -0.00082912 -0.000379736 0.999999 -0.0128597 -0.0681924 -0.0507871
FixedParameters: 0 0 0

#Transform 43
Transform: AffineTransform_float_3_3
Parameters: 0.999999 -0.00024204 0.000870988 0.00024196 1 4.62107e-05 -0.00087101 -4.57892e-05 0.999999 -0.0151102 0.00581186 -0.0620079
FixedParameters: 0 0 0

#Transform 44
Transform: AffineTransform_float_3_3
Parameters: 1 -0.000242211 0.0005139 0.000241789 1 0.000411124 -0.000514099 -0.000410875 1 0.0100247 -0.0695866 -0.152985
FixedParameters: 0 0 0

#Transform 45
Transform: AffineTransform_float_3_3
Parameters: 1 3.835e-06 0.000514001 -4.16499e-06 1 0.000320998 -0.000513999 -0.000321002 1 -0.0225604 -0.0122947 0.138341
FixedParameters: 0 0 0

#Transform 46
Transform: AffineTransform_float_3_3
Parameters: 1 -0.000242173 0.000513918 0.000241827 1 0.000337124 -0.000514081 -0.000336875 1 0.0049477 -0.0266722 -0.179413
FixedParameters: 0 0 0

#Transform 47
Transform: AffineTransform_float_3_3
Parameters: 1 -0.00024224 0.000513886 0.000241759 1 0.000468124 -0.000514113 -0.000467875 1 -0.0103886 -0.0161852 0.153702
FixedParameters: 0 0 0

#Transform 48
Transform: AffineTransform_float_3_3
Parameters: 1 -0.000242465 0.000513781 0.000242535 0.999999 0.000905125 -0.00051422 -0.000904875 1 0.019167 -0.00493767 -0.154936
FixedParameters: 0 0 0

#Transform 49
Transform: AffineTransform_float_3_3
Parameters: 1 -0.000242745 0.000513648 0.000242254 0.999999 0.00145012 -0.000514352 -0.00144987 0.999999 0.0122533 -0.0548678 -0.0164903
FixedParameters: 0 0 0

#Transform 50
Transform: AffineTransform_float_3_3
Parameters: 1 0.000175078 0.000514315 -0.000175922 0.999999 0.00179391 -0.000513685 -0.00179409 0.999999 0.00669211 -0.0222399 -0.0649541
FixedParameters: 0 0 0

#Transform 51
Transform: AffineTransform_float_3_3
Parameters: 1 0.000177934 0.000277042 -0.000178066 1 0.000237951 -0.000276958 -0.000238049 1 0.0270382 -0.0424192 -0.138418
FixedParameters: 0 0 0

#Transform 52
Transform: AffineTransform_float_3_3
Parameters: 0.999999 0.000295867 0.000657511 -0.000297134 0.999999 0.00172381 -0.000657489 -0.0017242 0.999999 -0.0203478 -0.0155106 0.151358
FixedParameters: 0 0 0

#Transform 53
Transform: AffineTransform_float_3_3
Parameters: 1 6.19391e-05 8.10465e-05 -6.20608e-05 0.999999 0.000750995 -8.09534e-05 -0.000751005 0.999999 0.0242381 -0.0506704 -0.200189
FixedParameters: 0 0 0

#Transform 54
Transform: AffineTransform_float_3_3
Parameters: 0.999999 0.000147321 0.00092027 -0.000148681 0.999999 0.00182486 -0.00092073 -0.00182514 0.999998 -0.00514825 -0.100261 -0.0105552
FixedParameters: 0 0 0

#Transform 55
Transform: AffineTransform_float_3_3
Parameters: 1 0.000301567 0.000575227 -0.000302432 0.999999 0.000751826 -0.000574772 -0.000752173 0.999999 0.016493 -0.0793779 -0.252949
FixedParameters: 0 0 0

#Transform 56
Transform: AffineTransform_float_3_3
Parameters: 1 0.000240924 0.000498521 -0.000242075 0.999997 0.00215988 -0.000497478 -0.00215912 0.999997 -0.0310692 -0.0654619 0.0942882
FixedParameters: 0 0 0

#Transform 57
Transform: AffineTransform_float_3_3
Parameters: 1 0.00012669 0.000498079 -0.00012631 1 0.000621937 -0.000497921 -0.000622063 0.999999 0.00344851 -0.0392956 -0.204188
FixedParameters: 0 0 0

#Transform 58
Transform: AffineTransform_float_3_3
Parameters: 1 0.00020024 -0.000126621 -0.000199759 0.999998 0.00189403 0.000127379 -0.00189398 0.999998 0.00955795 -0.0696625 0.0191646
FixedParameters: 0 0 0

#Transform 59
Transform: AffineTransform_float_3_3
Parameters: 1 8.3636e-05 0.000408075 -8.33643e-05 0.999999 0.000892965 -0.000407926 -0.000892033 0.999999 0.00613379 -0.0326468 -0.188375
FixedParameters: 0 0 0

#Transform 60
Transform: AffineTransform_float_3_3
Parameters: 1 -0.000197802 -0.000127308 0.000198197 0.999999 0.00155397 0.000126692 -0.00155402 0.999999 -0.0063741 -0.0597406 0.111195
FixedParameters: 0 0 0

#Transform 61
Transform: AffineTransform_float_3_3
Parameters: 1 -9.80878e-05 0.000402979 9.89121e-05 1 0.00021804 -0.000403021 -0.00021796 1 0.00942495 -0.0068557 -0.176509
FixedParameters: 0 0 0

#Transform 62
Transform: AffineTransform_float_3_3
Parameters: 1 -5.91524e-05 0.000214958 5.88475e-05 0.999999 0.000709012 -0.000215042 -0.000708987 0.999999 -0.00594941 -0.0137669 0.177777
FixedParameters: 0 0 0

#Transform 63
Transform: AffineTransform_float_3_3
Parameters: 0.999999 -0.000259775 0.000793746 0.000258224 0.999999 0.000977205 -0.000794253 -0.000976794 0.999999 0.00464497 0.00130961 -0.0906256
FixedParameters: 0 0 0

#Transform 64
Transform: AffineTransform_float_3_3
Parameters: 1 -0.000260542 0.00101961 0.000258459 0.999999 0.00151226 -0.00101939 -0.00151174 0.999999 -0.0283053 -0.0399627 0.226087
FixedParameters: 0 0 0

#Transform 65
Transform: AffineTransform_float_3_3
Parameters: 1 -0.000178056 0.00101982 0.000176945 1 0.00103518 -0.00101918 -0.00103482 0.999999 -0.0267559 0.0342162 0.0173482
FixedParameters: 0 0 0

#Transform 66
Transform: AffineTransform_float_3_3
Parameters: 1 -0.000143192 0.000263896 0.000142808 0.999999 0.000727037 -0.000264104 -0.000726962 0.999999 0.0219708 -0.0413247 -0.0925453
FixedParameters: 0 0 0

#Transform 67
Transform: AffineTransform_float_3_3
Parameters: 1 0.00030791 0.00117455 -0.00031009 0.999999 0.00178064 -0.00117345 -0.00178036 0.999997 -0.0012768 -0.0258621 0.0312238
FixedParameters: 0 0 0

#Transform 68
Transform: AffineTransform_float_3_3
Parameters: 1 -0.000259249 0.000480866 0.000258752 1 0.000517124 -0.000480134 -0.000516875 1 0.0479246 -0.0573859 -0.142214
FixedParameters: 0 0 0

#Transform 69
Transform: AffineTransform_float_3_3
Parameters: 1 -0.000152233 0.000480926 0.000152767 1 0.000485073 -0.000480074 -0.000484927 1 0.0317154 -0.0173396 0.0886279
FixedParameters: 0 0 0

#Transform 70
Transform: AffineTransform_float_3_3
Parameters: 1 -0.000259012 7.69586e-05 0.000258988 1 0.00016002 -7.70414e-05 -0.00015998 1 0.0643573 -0.0536761 -0.270136
FixedParameters: 0 0 0

#Transform 71
Transform: AffineTransform_float_3_3
Parameters: 1 -0.000259875 0.000572604 0.000258125 0.999999 0.00152715 -0.000573395 -0.00152685 0.999998 -0.00836311 -0.0829075 0.0270397
FixedParameters: 0 0 0

#Transform 72
Transform: AffineTransform_float_3_3
Parameters: 1 -0.000259096 0.000572956 0.000258904 1 0.000168148 -0.000573043 -0.000167852 1 0.0120785 -0.0466364 -0.21209
FixedParameters: 0 0 0

#Transform 73
Transform: AffineTransform_float_3_3
Parameters: 1 -0.000259254 0.000308787 0.000258747 0.999999 0.000822079 -0.000308213 -0.00082192 0.999999 0.0100374 -0.0821825 -0.0569308
FixedParameters: 0 0 0

#Transform 74
Transform: AffineTransform_float_3_3
Parameters: 1 -6.71678e-05 0.000652982 6.78321e-05 1 0.000257044 -0.000653017 -0.000256956 1 0.00432045 -0.0533682 -0.178417
FixedParameters: 0 0 0

#Transform 75
Transform: AffineTransform_float_3_3
Parameters: 1 -0.000259119 0.000144787 0.000258882 0.999999 0.000821037 -0.000144213 -0.000820962 0.999999 0.0209372 -0.0696254 -0.0946174
FixedParameters: 0 0 0

#Transform 76
Transform: AffineTransform_float_3_3
Parameters: 1 -0.000259156 0.000144722 0.000258845 1 0.00107404 -0.000144278 -0.00107396 1 0.0321137 -0.0365836 -0.11495
FixedParameters: 0 0 0

#Transform 77
Transform: AffineTransform_float_3_3
Parameters: 1 -0.000259354 0.000586843 0.000258646 1 0.000603152 -0.000587156 -0.000602847 0.999999 0.0504938 -0.0894465 -0.226534
FixedParameters: 0 0 0

#Transform 78
Transform: AffineTransform_float_3_3
Parameters: 1 -0.000259495 0.000336619 0.000258505 0.999999 0.00146909 -0.00033738 -0.00146891 0.999999 0.0478036 -0.0734914 -0.0488498
FixedParameters: 0 0 0

#Transform 79
Transform: AffineTransform_float_3_3
Parameters: 1 -0.000259139 0.000336893 0.000258861 1 0.000413087 -0.000337107 -0.000412913 1 0.0497592 -0.0354805 -0.20797
FixedParameters: 0 0 0

#Transform 80
Transform: AffineTransform_float_3_3
Parameters: 1 -0.000259216 0.0002808 0.000258783 0.999999 0.000771072 -0.000281199 -0.000770927 0.999999 0.0409984 -0.063977 -0.0943572
FixedParameters: 0 0 0

#Transform 81
Transform: AffineTransform_float_3_3
Parameters: 1 -0.000259298 0.000520851 0.000258701 1 0.000573135 -0.000521148 -0.000572865 0.999999 0.0195817 -0.0129285 -0.0847519
FixedParameters: 0 0 0

#Transform 82
Transform: AffineTransform_float_3_3
Parameters: 1 -0.0002592 0.000333845 0.0002588 1 0.000598086 -0.000334155 -0.000597913 1 0.0450353 -0.0566033 -0.173564
FixedParameters: 0 0 0

#Transform 83
Transform: AffineTransform_float_3_3
Parameters: 1 -0.000259217 0.000580903 0.000258783 1 0.00037415 -0.000581097 -0.000373849 1 -0.000801424 -0.00503869 0.0923848
FixedParameters: 0 0 0

#Transform 84
Transform: AffineTransform_float_3_3
Parameters: 1 -0.000180164 0.000637953 0.000179836 1 0.000257115 -0.000638046 -0.000256885 1 0.0522512 -0.0345627 -0.239391
FixedParameters: 0 0 0

#Transform 85
Transform: AffineTransform_float_3_3
Parameters: 1 -0.000259261 0.00035581 0.000258739 0.999999 0.000733092 -0.00035619 -0.000732907 0.999999 0.0518778 -0.0381894 -0.0535072
FixedParameters: 0 0 0

#Transform 86
Transform: AffineTransform_float_3_3
Parameters: 1 -0.000259354 0.00065586 0.000258646 1 0.000540169 -0.000656139 -0.00053983 0.999999 0.045329 0.00247152 -0.0937974
FixedParameters: 0 0 0

#Transform 87
Transform: AffineTransform_float_3_3
Parameters: 1 -0.000259044 0.000143921 0.000258956 1 0.000304037 -0.000144079 -0.000303963 1 0.0566657 -0.0234739 -0.135381
FixedParameters: 0 0 0

#Transform 88
Transform: AffineTransform_float_3_3
Parameters: 0.999999 -0.000151521 0.00130594 0.000151479 1 0.000399198 -0.00130606 -0.000398802 0.999999 -0.0432833 0.0104216 0.0760595
FixedParameters: 0 0 0

#Transform 89
Transform: AffineTransform_float_3_3
Parameters: 1 -0.000187251 0.000435892 0.000187749 1 0.000576082 -0.000436108 -0.000575918 0.999999 0.023758 -0.00163957 -0.162321
FixedParameters: 0 0 0

#Transform 90
Transform: AffineTransform_float_3_3
Parameters: 0.999999 -6.23876e-05 0.00129193 6.06123e-05 1 0.00107408 -0.00129207 -0.00107392 0.999998 -0.0373142 0.00845636 0.140703
FixedParameters: 0 0 0

#Transform 91
Transform: AffineTransform_float_3_3
Parameters: 1 1.50016e-05 0.000523 -1.49984e-05 1 -3.00784e-06 -0.000523 2.99215e-06 1 0.0254817 0.000679763 -0.21594
FixedParameters: 0 0 0

#Transform 92
Transform: AffineTransform_float_3_3
Parameters: 1 -0.00025938 0.000627843 0.00025862 1 0.000604162 -0.000628156 -0.000604837 0.999999 -0.0400471 -0.00151302 0.173068
FixedParameters: 0 0 0

#Transform 93
Transform: AffineTransform_float_3_3
Parameters: 0.999999 -4.86992e-06 0.000798 5.13007e-06 1 -0.000162996 -0.000797999 0.000163004 0.999999 -0.0168099 0.04164 -0.153948
FixedParameters: 0 0 0

#Transform 94
Transform: AffineTransform_float_3_3
Parameters: 1 -0.000258955 0.000225052 0.000259045 1 -0.000201942 -0.000224948 0.000202058 1 0.0254713 -0.0231747 -0.0950158
FixedParameters: 0 0 0

#Transform 95
Transform: AffineTransform_float_3_3
Parameters: 1 9.46935e-05 0.00115394 -9.43064e-05 1 -0.000601109 -0.00115406 0.000600891 0.999999 0.0176908 0.0504696 0.0905533
FixedParameters: 0 0 0

#Transform 96
Transform: AffineTransform_float_3_3
Parameters: 1 -0.000258796 0.000225234 0.000258204 0.999999 -0.000904941 -0.000225766 0.000905058 0.999999 0.00362183 0.0320118 -0.126759
FixedParameters: 0 0 0

#Transform 97
Transform: AffineTransform_float_3_3
Parameters: 1 -0.000256521 0.00119653 0.000258479 0.999998 -0.00207169 -0.00119647 0.00207231 0.999997 -0.0513172 0.0621626 -0.011372
FixedParameters: 0 0 0

#Transform 98
Transform: AffineTransform_float_3_3
Parameters: 0.999999 -0.000493669 0.000760215 0.000494331 1 -0.000435624 -0.000759784 0.000435375 0.999999 0.0198411 -0.0212562 -0.0840856
FixedParameters: 0 0 0

#Transform 99
Transform: AffineTransform_float_3_3
Parameters: 0.999999 -0.000468327 0.000694455 0.000468675 1 -0.000970676 -0.000694546 0.000970326 1 0.0718726 0.0585068 0.170586
FixedParameters: 0 0 0

#Transform 100
Transform: AffineTransform_float_3_3
Parameters: 0.999999 -0.000685098 0.00129254 0.000688901 0.999997 -0.00224611 -0.00129046 0.00224689 0.999996 0.0438435 0.0544946 0.065594
FixedParameters: 0 0 0

#Transform 101
Transform: AffineTransform_float_3_3
Parameters: 1 -0.00030981 0.000884418 0.000311191 0.999999 -0.00134573 -0.000884582 0.00134627 0.999998 0.0463781 0.091816 0.203852
FixedParameters: 0 0 0

#Transform 102
Transform: AffineTransform_float_3_3
Parameters: 1 -0.000445514 0.000510424 0.000445486 1 -0.000951774 -0.000510576 0.000952229 1 0.029737 0.0629362 0.0763167
FixedParameters: 0 0 0

#Transform 103
Transform: AffineTransform_float_3_3
Parameters: 0.999999 -2.98256e-06 0.000898004 4.01743e-06 1 -0.001133 -0.000897996 0.001133 0.999999 0.0122535 0.0969182 0.118753
FixedParameters: 0 0 0

#Transform 104
Transform: AffineTransform_float_3_3
Parameters: 1 -0.000148518 0.00115806 0.000149482 1 -0.000415827 -0.00115794 0.000416172 0.999999 -0.0153946 0.0337996 -0.112675
FixedParameters: 0 0 0

#Transform 105
Transform: AffineTransform_float_3_3
Parameters: 1 5.16647e-05 0.00115197 -5.13353e-05 1 -0.00057706 -0.00115203 0.000576941 0.999999 0.000361197 0.0897483 0.151425
FixedParameters: 0 0 0

#Transform 106
Transform: AffineTransform_float_3_3
Parameters: 1 -0.000148807 0.000534054 0.000149193 1 -0.00036192 -0.000533946 0.000362079 1 0.0265462 -0.0122481 -0.245469
FixedParameters: 0 0 0

#Transform 107
Transform: AffineTransform_float_3_3
Parameters: 0.999999 -0.0001487 0.000943046 0.0001493 1 -0.000317859 -0.000942952 0.00031814 0.999999 -0.00173523 0.0236251 0.126929
FixedParameters: 0 0 0

#Transform 108
Transform: AffineTransform_float_3_3
Parameters: 0.999999 -0.000148555 0.000907073 0.000149446 1 -0.000491865 -0.000906927 0.000491135 1 0.011783 -0.0171899 -0.251465
FixedParameters: 0 0 0

#Transform 109
Transform: AffineTransform_float_3_3
Parameters: 1 0.000276955 0.00109001 -0.000277045 1 4.06981e-05 -0.00108999 -4.13019e-05 1 -0.0263512 0.0192704 0.142975
FixedParameters: 0 0 0

#Transform 110
Transform: AffineTransform_float_3_3
Parameters: 0.999999 -0.000246733 0.00122205 0.000247266 1 -0.000217698 -0.00122195 0.000218302 0.999999 0.0158572 0.00745446 -0.299917
FixedParameters: 0 0 0

#Transform 111
Transform: AffineTransform_float_3_3
Parameters: 0.999999 -0.000149275 0.000933955 0.000149724 1 0.00029514 -0.000934043 -0.000294861 0.999999 0.00474975 -0.0505843 -0.0341204
FixedParameters: 0 0 0

#Transform 112
Transform: AffineTransform_float_3_3
Parameters: 0.999999 -0.00014924 0.000972963 0.00014976 1 0.000247146 -0.000973037 -0.000246855 1 -0.00372728 0.0094993 -0.21529
FixedParameters: 0 0 0

#Transform 113
Transform: AffineTransform_float_3_3
Parameters: 0.999999 -0.000418003 0.000927997 0.000417996 1 4.3879e-06 -0.000928001 -3.61209e-06 0.999999 0.011296 -0.0662909 -0.234701
FixedParameters: 0 0 0

#Transform 114
Transform: AffineTransform_float_3_3
Parameters: 0.999998 -0.000377962 0.00154076 0.000377036 0.999999 0.000625581 -0.00154123 -0.000624418 0.999998 -0.0244246 -0.0226964 0.0760027
FixedParameters: 0 0 0

#Transform 115
Transform: AffineTransform_float_3_3
Parameters: 0.999999 -0.000451428 0.00115322 0.000451573 1 -0.00049648 -0.00115278 0.000496521 0.999999 0.00709472 0.0121712 -0.220378
FixedParameters: 0 0 0

#Transform 116
Transform: AffineTransform_float_3_3
Parameters: 0.999999 -0.000404445 0.00124718 0.000404556 1 -0.000445496 -0.00124682 0.000445505 0.999999 0.0413761 -0.0811629 -0.276653
FixedParameters: 0 0 0

#Transform 117
Transform: AffineTransform_float_3_3
Parameters: 0.999999 -0.000675701 0.00105719 0.000675299 0.999999 -0.000282286 -0.00105681 0.000282714 1 0.0168684 -0.0844692 -0.181725
FixedParameters: 0 0 0

#Transform 118
Transform: AffineTransform_float_3_3
Parameters: 0.999999 -0.000394902 0.00171825 0.000395098 0.999999 -0.000638322 -0.00171875 0.00063968 0.999999 -0.00905464 -0.016758 -0.126057
FixedParameters: 0 0 0

#Transform 119
Transform: AffineTransform_float_3_3
Parameters: 0.999999 -0.000535606 0.00136515 0.000535394 1 -0.000288269 -0.00136485 0.000288731 0.999999 0.0283168 -0.069885 -0.273082
FixedParameters: 0 0 0

#Transform 120
Transform: AffineTransform_float_3_3
Parameters: 0.999999 -0.00040255 0.00122215 0.000403451 1 -0.000368507 -0.00122185 0.000368492 0.999999 0.0492589 -0.0539807 -0.0602549
FixedParameters: 0 0 0

#Transform 121
Transform: AffineTransform_float_3_3
Parameters: 0.999999 -0.000425379 0.00125221 0.000425622 1 -0.000496467 -0.00125179 0.000496533 0.999999 0.0546017 -0.0436647 -0.277036
FixedParameters: 0 0 0

#Transform 122
Transform: AffineTransform_float_3_3
Parameters: 1 -0.000411622 0.00101715 0.000411378 1 -0.000371582 -0.00101685 0.000372419 1 0.0328023 -0.0685156 -0.132222
FixedParameters: 0 0 0

#Transform 123
Transform: AffineTransform_float_3_3
Parameters: 0.999998 -9.26664e-05 0.00187807 9.33332e-05 0.999999 -0.000709826 -0.00187793 0.000710175 0.999998 -0.00199197 -0.0109649 -0.107843
FixedParameters: 0 0 0

#Transform 124
Transform: AffineTransform_float_3_3
Parameters: 0.999999 -0.000619326 0.00128481 0.000620673 0.999999 -0.0013022 -0.00128419 0.0013038 0.999999 0.0172457 -0.0243334 -0.208072
FixedParameters: 0 0 0

#Transform 125
Transform: AffineTransform_float_3_3
Parameters: 0.999999 -5.22715e-06 0.00149302 9.77278e-06 0.999997 -0.00252699 -0.00149298 0.00252701 0.999995 0.00584287 0.0320396 -0.00602063
FixedParameters: 0 0 0

#Transform 126
Transform: AffineTransform_float_3_3
Parameters: 1 -0.000302761 0.00105236 0.00030324 1 -0.00117768 -0.00105264 0.00117832 0.999999 0.0376218 -0.0102893 -0.194644
FixedParameters: 0 0 0

#Transform 127
Transform: AffineTransform_float_3_3
Parameters: 0.999999 -0.000152174 0.0014543 0.000154825 0.999998 -0.00194278 -0.0014537 0.00194322 0.999997 0.00551472 -0.0140875 -0.0427459
FixedParameters: 0 0 0

#Transform 128
Transform: AffineTransform_float_3_3
Parameters: 0.999999 -0.000619266 0.00111097 0.000620734 0.999998 -0.00156131 -0.00111003 0.00156169 0.999998 0.0326429 -0.0311777 -0.338881
FixedParameters: 0 0 0

#Transform 129
Transform: AffineTransform_float_3_3
Parameters: 1 -0.000457649 0.00111056 0.00045835 0.999999 -0.00121649 -0.00110944 0.00121751 0.999998 0.02979 -0.0813749 -0.327878
FixedParameters: 0 0 0

#Transform 130
Transform: AffineTransform_float_3_3
Parameters: 1 -0.000358394 0.00100922 0.000359607 1 -0.000600637 -0.00100979 0.000600362 1 -0.00375413 -0.0513337 -0.149688
FixedParameters: 0 0 0

#Transform 131
Transform: AffineTransform_float_3_3
Parameters: 0.999998 -0.00050046 0.00152851 0.000502539 1 -0.00100723 -0.00152749 0.00100777 0.999999 0.00301656 0.0270926 -0.15994
FixedParameters: 0 0 0

#Transform 132
Transform: AffineTransform_float_3_3
Parameters: 0.999999 -0.000620764 0.000662221 0.000621236 0.999999 -0.000356589 -0.000661778 0.000356411 0.999999 0.0352068 -0.0615121 -0.21795
FixedParameters: 0 0 0

#Transform 133
Transform: AffineTransform_float_3_3
Parameters: 0.999998 -0.000293683 0.0019452 0.000294316 0.999999 -0.000676429 -0.0019448 0.000677572 0.999998 -0.028072 -0.0110962 -0.0188733
FixedParameters: 0 0 0

#Transform 134
Transform: AffineTransform_float_3_3
Parameters: 1 -0.000410422 0.000855278 0.000410579 0.999999 -0.000675649 -0.000855723 0.000676352 1 0.038104 -0.0203081 -0.303472
FixedParameters: 0 0 0

#Transform 135
Transform: AffineTransform_float_3_3
Parameters: 0.999999 -0.00062 0.00110156 0.000621001 1 -0.000908317 -0.00110144 0.000908684 0.999999 0.0113477 -0.041828 0.000513015
FixedParameters: 0 0 0

#Transform 136
Transform: AffineTransform_float_3_3
Parameters: 1 -0.000314676 0.0010394 0.000316326 0.999999 -0.00127467 -0.0010396 0.00127433 0.999998 0.0342789 -0.00119655 -0.240379
FixedParameters: 0 0 0

#Transform 137
Transform: AffineTransform_float_3_3
Parameters: 0.999999 -0.00058623 0.00111141 0.000586772 1 -0.000693349 -0.00111159 0.000693653 0.999999 0.0104288 -0.0468524 -0.107668
FixedParameters: 0 0 0

#Transform 138
Transform: AffineTransform_float_3_3
Parameters: 0.999998 -0.000613539 0.00190812 0.000616461 0.999998 -0.00181383 -0.00190688 0.00181517 0.999996 -0.0309461 0.0243066 -0.0777216
FixedParameters: 0 0 0

#Transform 139
Transform: AffineTransform_float_3_3
Parameters: 0.999999 -0.000550695 0.00113064 0.000551305 0.999999 -0.00115338 -0.00113036 0.00115462 0.999998 0.0395992 -0.0261862 -0.237396
FixedParameters: 0 0 0

#Transform 140
Transform: AffineTransform_float_3_3
Parameters: 0.999999 -0.000101858 0.00137701 0.000102142 1 -0.000102859 -0.00137699 0.00010314 0.999999 0.00917473 -0.0394717 -0.10922
FixedParameters: 0 0 0

#Transform 141
Transform: AffineTransform_float_3_3
Parameters: 1 -0.000513076 0.000981484 0.000513924 1 -0.000941497 -0.000980517 0.000942504 0.999999 0.0444157 -0.0317514 -0.222829
FixedParameters: 0 0 0

#Transform 142
Transform: AffineTransform_float_3_3
Parameters: 0.999998 -0.000391799 0.00208104 0.000392201 1 -9.6184e-05 -0.00208096 9.68155e-05 0.999998 0.00303453 -0.00843572 0.030926
FixedParameters: 0 0 0

#Transform 143
Transform: AffineTransform_float_3_3
Parameters: 1 -0.000390501 0.00100858 0.0003915 0.999999 -0.00148661 -0.00100842 0.00148739 0.999999 0.0494541 0.00457849 -0.244028
FixedParameters: 0 0 0

#Transform 144
Transform: AffineTransform_float_3_3
Parameters: 0.999998 -0.000391031 0.00168622 0.000391969 1 -0.00057434 -0.00168578 0.00057466 0.999999 -0.0102241 -0.0392573 -0.158886
FixedParameters: 0 0 0

#Transform 145
Transform: AffineTransform_float_3_3
Parameters: 0.999999 -0.000390763 0.00116242 0.000391238 1 -0.00106455 -0.00116258 0.00106446 0.999999 0.0389668 -0.027946 -0.216427
FixedParameters: 0 0 0

#Transform 146
Transform: AffineTransform_float_3_3
Parameters: 0.999999 -0.000465034 0.00131434 0.000465966 0.999999 -0.000734388 -0.00131466 0.000735612 0.999999 0.0373689 -0.0221619 -0.130405
FixedParameters: 0 0 0

#Transform 147
Transform: AffineTransform_float_3_3
Parameters: 0.999999 -0.000499631 0.000672273 0.000499368 0.999999 -0.000547664 -0.000671726 0.000548335 0.999999 0.0505303 -0.0170668 -0.0731985
FixedParameters: 0 0 0

#Transform 148
Transform: AffineTransform_float_3_3
Parameters: 0.999999 -0.000684097 0.00114214 0.000685904 0.999999 -0.00166722 -0.00114086 0.00166778 0.999998 0.0446559 0.0285855 -0.0736485
FixedParameters: 0 0 0

#Transform 149
Transform: AffineTransform_float_3_3
Parameters: 1 -0.000807334 0.000576933 0.000807666 0.999999 -0.00115453 -0.000576068 0.00115547 0.999999 0.0751868 0.0549143 0.133954
FixedParameters: 0 0 0

#Transform 150
Transform: AffineTransform_float_3_3
Parameters: 1 -0.000594714 0.000969642 0.000599283 0.99999 -0.00442542 -0.000966357 0.00442658 0.999989 0.0666128 0.141591 -0.162373
FixedParameters: 0 0 0

#Transform 151
Transform: AffineTransform_float_3_3
Parameters: 1 -0.000202188 0.000552666 0.000204813 0.999994 -0.00327989 -0.000552331 0.00328011 0.999995 -0.0316169 0.121529 0.259904
FixedParameters: 0 0 0

#Transform 152
Transform: AffineTransform_float_3_3
Parameters: 0.999999 -5.66129e-05 0.000802172 5.93864e-05 0.999995 -0.00297595 -0.000801827 0.00297605 0.999996 -0.00317703 0.184093 0.05317
FixedParameters: 0 0 0

#Transform 153
Transform: AffineTransform_float_3_3
Parameters: 1 -0.000304786 0.00117983 0.000308215 0.999996 -0.00272564 -0.00117916 0.00272536 0.999995 -0.0354174 0.122128 0.228762
FixedParameters: 0 0 0

#Transform 154
Transform: AffineTransform_float_3_3
Parameters: 0.999999 -9.65405e-05 0.00133533 0.000101463 0.999995 -0.00334087 -0.00133567 0.00334013 0.999993 0.00111275 0.126928 -0.218868
FixedParameters: 0 0 0

#Transform 155
Transform: AffineTransform_float_3_3
Parameters: 1 0.000322241 0.00112536 -0.000319759 0.999998 -0.00199136 -0.00112564 0.00199064 0.999998 -0.0115134 0.0298656 0.00590724
FixedParameters: 0 0 0

#Transform 156
Transform: AffineTransform_float_3_3
Parameters: 0.999998 0.000772278 0.0018302 -0.000767724 0.999997 -0.00233641 -0.0018318 0.00233559 0.999995 -0.0155964 0.0785689 -0.124307
FixedParameters: 0 0 0

#Transform 157
Transform: AffineTransform_float_3_3
Parameters: 1 -8.90124e-06 0.000548019 1.00987e-05 0.999998 -0.00200499 -0.000547981 0.002005 0.999998 0.0493007 -0.0224446 -0.351668
FixedParameters: 0 0 0

#Transform 158
Transform: AffineTransform_float_3_3
Parameters: 1 9.12656e-05 0.000593806 -9.07339e-05 0.999997 -0.00213105 -0.000594194 0.00213094 0.999997 0.0381758 -0.00586458 -0.100004
FixedParameters: 0 0 0

#Transform 159
Transform: AffineTransform_float_3_3
Parameters: 1 -0.000211976 0.000510426 0.000213025 0.999998 -0.00200689 -0.000510573 0.00200711 0.999998 0.049062 -0.0135953 -0.364752
FixedParameters: 0 0 0

#Transform 160
Transform: AffineTransform_float_3_3
Parameters: 0.999999 -2.04693e-06 0.000737008 3.95304e-06 0.999997 -0.00265 -0.000736992 0.00265 0.999996 0.0334221 -0.0152072 -0.0786861
FixedParameters: 0 0 0

#Transform 161
Transform: AffineTransform_float_3_3
Parameters: 0.999999 0.000205565 0.00143221 -0.000200436 0.999992 -0.00388429 -0.00143279 0.00388471 0.999992 0.0624272 0.0907377 -0.180452
FixedParameters: 0 0 0

#Transform 162
Transform: AffineTransform_float_3_3
Parameters: 0.999999 -0.000210484 0.000960554 0.000212514 0.999996 -0.0026198 -0.000959446 0.0026202 0.999996 0.0586685 -0.0154693 -0.315953
FixedParameters: 0 0 0

#Transform 163
Transform: AffineTransform_float_3_3
Parameters: 1 -0.000211096 0.000612659 0.000212905 0.999995 -0.00310887 -0.000612341 0.00310913 0.999995 0.0447927 0.0101145 -0.196801
FixedParameters: 0 0 0

#Transform 164
Transform: AffineTransform_float_3_3
Parameters: 0.999999 -0.00052268 0.000836453 0.00052532 0.999996 -0.00277456 -0.000835545 0.00277544 0.999996 0.0572779 -0.00797633 -0.341157
FixedParameters: 0 0 0

#Transform 165
Transform: AffineTransform_float_3_3
Parameters: 0.999999 -0.000642644 0.000611486 0.000644354 0.999993 -0.00386061 -0.000608517 0.0038614 0.999993 0.0749946 0.0379361 -0.036188
FixedParameters: 0 0 0

#Transform 166
Transform: AffineTransform_float_3_3
Parameters: 1 -0.000641414 0.000925496 0.000644589 0.999993 -0.00388041 -0.000923506 0.0038806 0.999992 0.0797615 0.0900838 -0.314783
FixedParameters: 0 0 0

#Transform 167
Transform: AffineTransform_float_3_3
Parameters: 0.999999 -0.000120071 0.00136826 0.000122932 0.999997 -0.00214183 -0.00136874 0.00214117 0.999997 0.0192586 0.0656453 -1.01784
FixedParameters: 0 0 0

#Transform 168
Transform: AffineTransform_float_3_3
Parameters: 0.999999 0.000572369 -0.00164609 -0.000584631 0.999975 -0.00707404 0.00164191 0.00707495 0.999973 -0.120951 0.399267 -0.759297
FixedParameters: 0 0 0

#Transform 169
Transform: AffineTransform_float_3_3
Parameters: 1 0.000562217 -0.0010702 -0.00057179 0.999958 -0.0091624 0.00106581 0.00916361 0.999958 -0.129242 0.452215 -0.317906
FixedParameters: 0 0 0

#Transform 170
Transform: AffineTransform_float_3_3
Parameters: 0.999999 0.00036259 -0.00120749 -0.000374407 0.999955 -0.00946355 0.00120351 0.00946344 0.999954 -0.103641 0.534163 -0.276606
FixedParameters: 0 0 0

#Transform 171
Transform: AffineTransform_float_3_3
Parameters: 1 0.00011053 -0.00117004 -0.000121469 0.99996 -0.00895187 0.00116896 0.00895214 0.999959 -0.080567 0.50468 -0.329739
FixedParameters: 0 0 0

#Transform 172
Transform: AffineTransform_float_3_3
Parameters: 0.999999 0.000504745 -0.000845373 -0.000512259 0.999963 -0.00860257 0.000841623 0.00860342 0.999962 -0.0888487 0.451964 -0.37157
FixedParameters: 0 0 0

#Transform 173
Transform: AffineTransform_float_3_3
Parameters: 1 0.000485406 -0.000843828 -0.000492588 0.999969 -0.00783259 0.000839168 0.00783241 0.999969 -0.0952813 0.422693 -0.331407
FixedParameters: 0 0 0

#Transform 174
Transform: AffineTransform_float_3_3
Parameters: 0.999999 0.000499094 -0.000794739 -0.000504907 0.999972 -0.0074476 0.000791261 0.0074484 0.999972 -0.0894629 0.410484 -0.54929
FixedParameters: 0 0 0

#Transform 175
Transform: AffineTransform_float_3_3
Parameters: 0.999999 0.000114037 -0.00091876 -0.000119965 0.999979 -0.0064929 0.00091824 0.00649311 0.999979 -0.0701305 0.293073 -0.615554
FixedParameters: 0 0 0

#Transform 176
Transform: AffineTransform_float_3_3
Parameters: 0.999999 0.000564108 -0.000529101 -0.000566892 0.999985 -0.0054827 0.0005259 0.0054823 0.999985 -0.0897071 0.262619 -0.626939
FixedParameters: 0 0 0

#Transform 177
Transform: AffineTransform_float_3_3
Parameters: 0.999999 0.000156535 -0.000706004 -0.000160465 0.99998 -0.00632889 0.000704998 0.00632911 0.999979 -0.0790291 0.252548 -0.780146
FixedParameters: 0 0 0

#Transform 178
Transform: AffineTransform_float_3_3
Parameters: 1 0.00021861 -0.000617211 -0.000221388 0.999985 -0.00549686 0.000615792 0.00549713 0.999984 -0.087773 0.236067 -0.628153
FixedParameters: 0 0 0

#Transform 179
Transform: AffineTransform_float_3_3
Parameters: 1 0.000104681 -0.000654705 -0.000109314 0.999978 -0.00659993 0.000653293 0.00660007 0.999978 -0.0900986 0.26727 -0.823242
FixedParameters: 0 0 0

#Transform 180
Transform: AffineTransform_float_3_3
Parameters: 0.999999 -0.000263612 -0.000753402 0.000258384 0.999982 -0.0061152 0.000755594 0.0061148 0.999981 -0.0973503 0.211155 -0.702245
FixedParameters: 0 0 0

#Transform 181
Transform: AffineTransform_float_3_3
Parameters: 1 0.000144303 -0.000627861 -0.000147698 0.999982 -0.00589191 0.000627141 0.00589209 0.999983 -0.0982526 0.251918 -0.754032
FixedParameters: 0 0 0

#Transform 182
Transform: AffineTransform_float_3_3
Parameters: 0.999999 0.000223038 -0.00072754 -0.000227958 0.999976 -0.00682684 0.000725461 0.00682716 0.999977 -0.0821682 0.208646 -0.833597
FixedParameters: 0 0 0

#Transform 183
Transform: AffineTransform_float_3_3
Parameters: 1 0.000248058 -0.000470563 -0.000250945 0.999981 -0.00626289 0.000469438 0.00626312 0.999981 -0.106397 0.248552 -0.727529
FixedParameters: 0 0 0

#Transform 184
Transform: AffineTransform_float_3_3
Parameters: 1 -0.000121496 -0.00048113 0.000117498 0.999973 -0.00725905 0.000482865 0.00725894 0.999973 -0.104764 0.261066 -0.873755
FixedParameters: 0 0 0

#Transform 185
Transform: AffineTransform_float_3_3
Parameters: 1 0.000294112 -0.000627836 -0.000297889 0.99998 -0.00620181 0.000626164 0.00620218 0.99998 -0.135111 0.274114 -0.596276
FixedParameters: 0 0 0

#Transform 186
Transform: AffineTransform_float_3_3
Parameters: 0.999999 0.000174917 -0.000816327 -0.000181081 0.999972 -0.00745785 0.000814672 0.00745815 0.999972 -0.0733445 0.300113 -0.879651
FixedParameters: 0 0 0

#Transform 187
Transform: AffineTransform_float_3_3
Parameters: 0.999999 0.000148968 -0.00130306 -0.00015804 0.999976 -0.0069348 0.00130294 0.0069342 0.999975 -0.0699317 0.254869 -0.690451
FixedParameters: 0 0 0

#Transform 188
Transform: AffineTransform_float_3_3
Parameters: 1 -1.46186e-05 -8.89005e-05 1.43807e-05 0.999976 -0.006954 8.91021e-05 0.006954 0.999976 -0.177401 0.288423 -0.853249
FixedParameters: 0 0 0

#Transform 189
Transform: AffineTransform_float_3_3
Parameters: 0.999999 0.000249989 0.000696229 -0.000245013 0.999975 -0.00715618 -0.000697771 0.00715683 0.999974 -0.307119 0.208091 -0.894377
FixedParameters: 0 0 0

#Transform 190
Transform: AffineTransform_float_3_3
