# transform file /out/sourcedata/freesurfer/sub-v2s17x50051_ses-1/mri/transforms/cc_up.lta
# created by oesteban on Wed Mar 11 15:06:12 2026

type      = 0 # LINEAR_VOX_TO_VOX
nxforms   = 1
mean      = 130.0000 131.0000 113.0000
sigma     = 10000.0000
1 4 4
9.999680519104004e-01 7.986033335328102e-03 -4.021895583719015e-04 -1.822507977485657e+00 
-7.986033335328102e-03 9.999681711196899e-01 3.212002184227458e-06 2.003332328796387e+01 
4.022023640573025e-04 -4.547473508864641e-13 9.999999403953552e-01 1.894812774658203e+01 
0.000000000000000e+00 0.000000000000000e+00 0.000000000000000e+00 1.000000000000000e+00 
src volume info
valid = 1  # volume info valid
filename = /out/sourcedata/freesurfer/sub-v2s17x50051_ses-1/mri/norm.mgz
volume = 256 256 256
voxelsize = 1.000000000000000e+00 1.000000000000000e+00 1.000000000000000e+00
xras   = -9.999999403953552e-01 0.000000000000000e+00 0.000000000000000e+00
yras   = 0.000000000000000e+00 0.000000000000000e+00 -9.999999403953552e-01
zras   = 0.000000000000000e+00 9.999999403953552e-01 0.000000000000000e+00
cras   = 2.687294006347656e+00 1.050796508789062e+00 -9.760620117187500e+00
dst volume info
valid = 1  # volume info valid
filename = /out/sourcedata/freesurfer/sub-v2s17x50051_ses-1/mri/norm.mgz
volume = 256 256 256
voxelsize = 1.000000000000000e+00 1.000000000000000e+00 1.000000000000000e+00
xras   = -9.999999403953552e-01 0.000000000000000e+00 0.000000000000000e+00
yras   = 0.000000000000000e+00 0.000000000000000e+00 -9.999999403953552e-01
zras   = 0.000000000000000e+00 9.999999403953552e-01 0.000000000000000e+00
cras   = 2.687294006347656e+00 1.050796508789062e+00 -9.760620117187500e+00
