#Insight Transform File V1.0
#Transform 0
Transform: AffineTransform_float_3_3
Parameters: 0.999999 -0.000665608 -0.000582447 0.00066539 0.999999 0.000671612 0.000581552 -0.000672387 0.999999 0.0162977 -0.00801084 0.240941
FixedParameters: 0 0 0

#Transform 1
Transform: AffineTransform_float_3_3
Parameters: 0.999999 -0.000665821 -0.000306389 0.000666179 1 0.000583796 0.000305611 -0.000584204 1 -0.0191271 0.00810597 0.087161
FixedParameters: 0 0 0

#Transform 2
Transform: AffineTransform_float_3_3
Parameters: 1 -0.000581961 0.000197114 0.000582039 1 -0.000195885 -0.000197886 0.000196115 1 -0.0147056 0.00218778 0.0722747
FixedParameters: 0 0 0

#Transform 3
Transform: AffineTransform_float_3_3
Parameters: 1 -0.000512986 0.00035302 0.000513014 1 -3.98189e-05 -0.000352979 4.01811e-05 1 -0.0136051 0.00324335 0.0689093
FixedParameters: 0 0 0

#Transform 4
Transform: AffineTransform_float_3_3
Parameters: 0.999999 -0.000771881 -0.000340268 0.000771117 0.999999 0.000346738 0.000339732 -0.000347262 1 0.00223257 -0.013013 0.088776
FixedParameters: 0 0 0

#Transform 5
Transform: AffineTransform_float_3_3
Parameters: 1 -0.000358855 -0.000139374 0.000359145 1 0.00104095 0.000138626 -0.00104105 1 -0.0288826 0.0150784 0.117175
FixedParameters: 0 0 0

#Transform 6
Transform: AffineTransform_float_3_3
Parameters: 1 4.6228e-05 -0.000251958 -4.57719e-05 0.999999 0.000905011 0.000252041 -0.000904988 0.999999 -0.0508245 0.00322686 0.141737
FixedParameters: 0 0 0

#Transform 7
Transform: AffineTransform_float_3_3
Parameters: 1 -0.000256784 -0.00025222 0.000257215 0.999999 0.000855934 0.00025178 -0.000856064 0.999999 0.00324227 0.0348455 0.101712
FixedParameters: 0 0 0

#Transform 8
Transform: AffineTransform_float_3_3
Parameters: 1 -0.000166768 -0.000252153 0.000167232 0.999999 0.000919957 0.000251846 -0.000920041 0.999999 -0.00866701 0.0147524 0.0964261
FixedParameters: 0 0 0

#Transform 9
Transform: AffineTransform_float_3_3
Parameters: 1 -0.000231533 -0.000252429 0.000232466 0.999999 0.00185194 0.00025157 -0.00185206 0.999999 -0.00587992 0.00902536 0.146557
FixedParameters: 0 0 0

#Transform 10
Transform: AffineTransform_float_3_3
Parameters: 0.999999 -0.00037237 -0.000843278 0.00037263 0.999999 0.000746686 0.000843722 -0.000747315 1 -0.0138074 0.0136691 0.0623895
FixedParameters: 0 0 0

#Transform 11
Transform: AffineTransform_float_3_3
Parameters: 1 -0.000386661 -0.000411319 0.000387339 0.999999 0.00082484 0.000410681 -0.000824158 0.999999 -0.00375273 0.0143374 0.0744418
FixedParameters: 0 0 0

#Transform 12
Transform: AffineTransform_float_3_3
Parameters: 1 -0.00018968 -0.000557109 0.00019032 1 0.000574894 0.000556891 -0.000574105 0.999999 0.00391896 -0.0167896 0.0521755
FixedParameters: 0 0 0

#Transform 13
Transform: AffineTransform_float_3_3
Parameters: 0.999999 -0.000174921 -0.000843016 0.000175078 1 9.28524e-05 0.000842983 -9.31475e-05 0.999999 -0.028748 -0.0118614 0.0433467
FixedParameters: 0 0 0

#Transform 14
Transform: AffineTransform_float_3_3
Parameters: 1 -0.000130894 -0.000510027 0.000131106 1 0.000206933 0.000509973 -0.000207067 1 -0.0160596 0.0192509 0.022931
FixedParameters: 0 0 0

#Transform 15
Transform: AffineTransform_float_3_3
Parameters: 1 -0.000235002 -7.59953e-05 0.000234998 1 -2.00179e-05 7.60047e-05 1.99821e-05 1 -0.0266909 -0.025792 0.0644127
FixedParameters: 0 0 0

#Transform 16
Transform: AffineTransform_float_3_3
Parameters: 1 -0.000154013 -9.59787e-05 0.000153987 1 -0.000138015 9.60212e-05 0.000137985 1 -0.0264869 -0.0158698 0.0621678
FixedParameters: 0 0 0

#Transform 17
Transform: AffineTransform_float_3_3
Parameters: 0.999999 0.000377917 0.000617051 -0.000378083 1 0.000134767 -0.000616949 -0.000135233 1 -0.0312341 -0.0148493 0.0240659
FixedParameters: 0 0 0

#Transform 18
Transform: AffineTransform_float_3_3
Parameters: 1 0.000264357 0.00101417 -0.000265643 1 0.000633731 -0.00101383 -0.000634268 1 -0.0441124 -0.0109869 0.0943904
FixedParameters: 0 0 0

#Transform 19
Transform: AffineTransform_float_3_3
Parameters: 1 -0.000176151 0.000432939 0.000175849 1 0.000348076 -0.000433061 -0.000348924 1 -0.0266185 0.0108751 0.0511466
FixedParameters: 0 0 0

#Transform 20
Transform: AffineTransform_float_3_3
Parameters: 1 -0.000175776 0.000433091 0.000176223 1 -0.000515924 -0.000432909 0.000516076 1 0.00627163 -0.00607373 -0.0154933
FixedParameters: 0 0 0

#Transform 21
Transform: AffineTransform_float_3_3
Parameters: 1 1.12484e-05 -0.000357992 -1.07515e-05 1 0.000694004 0.000358007 -0.000693996 0.999999 0.00513533 -0.00973841 -0.000373924
FixedParameters: 0 0 0

#Transform 22
Transform: AffineTransform_float_3_3
Parameters: 1 -0.000175999 -5.02869e-06 0.000176001 1 0.000162999 4.97131e-06 -0.000163001 1 -0.00818036 0.00471507 -0.0474056
FixedParameters: 0 0 0

#Transform 23
Transform: AffineTransform_float_3_3
Parameters: 1 8.41604e-05 -0.000357962 -8.38396e-05 1 0.00044803 0.000358038 -0.00044797 1 -0.0117428 -0.0340893 -0.0302826
FixedParameters: 0 0 0

#Transform 24
Transform: AffineTransform_float_3_3
Parameters: 1 0.000142095 -0.000357962 -0.000141905 1 0.000265051 0.000358038 -0.000264949 1 -0.00804629 -0.00879354 0.0141068
FixedParameters: 0 0 0

#Transform 25
Transform: AffineTransform_float_3_3
Parameters: 1 0.000172992 -0.000358004 -0.000173008 1 -2.29381e-05 0.000357996 2.30619e-05 1 -0.0192205 0.00976427 0.0445658
FixedParameters: 0 0 0

#Transform 26
Transform: AffineTransform_float_3_3
Parameters: 1 0.000135897 -0.000358039 -0.000136103 1 -0.000287951 0.000357961 0.000288049 1 -0.0133439 -0.0143056 0.00991718
FixedParameters: 0 0 0

#Transform 27
Transform: AffineTransform_float_3_3
Parameters: 1 0.000330216 -0.0003578 -0.000329783 1 0.000605118 0.000358199 -0.000604881 1 -0.018781 -0.0251359 0.0273334
FixedParameters: 0 0 0

#Transform 28
Transform: AffineTransform_float_3_3
Parameters: 1 0.000348007 2.89158e-05 -0.000347993 1 -0.00024201 -2.90842e-05 0.00024199 1 -0.0178898 0.00615322 -0.0270398
FixedParameters: 0 0 0

#Transform 29
Transform: AffineTransform_float_3_3
Parameters: 1 -7.75449e-05 -0.000358099 7.8455e-05 0.999999 0.00127097 0.000357901 -0.00127103 0.999999 -0.0050724 -0.00187672 0.0484901
FixedParameters: 0 0 0

#Transform 30
Transform: AffineTransform_float_3_3
Parameters: 0.999998 -0.00119254 -0.00114952 0.00119446 0.999999 0.00127063 0.00114748 -0.00127237 0.999998 0.00822045 -0.0191078 0.104133
FixedParameters: 0 0 0

#Transform 31
Transform: AffineTransform_float_3_3
Parameters: 1 -0.000188932 -8.01591e-05 0.000189067 0.999999 0.000841984 7.98408e-05 -0.000842014 0.999999 -0.0760551 0.0246395 0.101686
FixedParameters: 0 0 0

#Transform 32
Transform: AffineTransform_float_3_3
Parameters: 1 0.000611065 2.9693e-05 -0.000610936 0.999997 -0.00213902 -3.03068e-05 0.00213898 0.999997 -0.0673098 0.0529619 -0.156315
FixedParameters: 0 0 0

#Transform 33
Transform: AffineTransform_float_3_3
Parameters: 1 0.000407831 -0.000118583 -0.00040717 0.999999 -0.00142895 0.000118419 0.00142805 0.999999 -0.0644968 -0.0102151 -0.0913554
FixedParameters: 0 0 0

#Transform 34
Transform: AffineTransform_float_3_3
Parameters: 1 0.000153788 -0.000310105 -0.000154212 1 -0.000681952 0.000310895 0.000682047 0.999999 -0.0489767 -0.0241341 -0.0968151
FixedParameters: 0 0 0

#Transform 35
Transform: AffineTransform_float_3_3
Parameters: 1 0.000153869 -0.00049504 -0.000154131 1 -0.000263924 0.000494959 0.000264076 1 -0.058613 -0.0364993 -0.0633234
FixedParameters: 0 0 0

#Transform 36
Transform: AffineTransform_float_3_3
Parameters: 1 0.000153637 -0.000553101 -0.000154363 1 -0.000656914 0.000552898 0.000657085 0.999999 -0.0406258 -0.00986943 -0.0682976
FixedParameters: 0 0 0

#Transform 37
Transform: AffineTransform_float_3_3
Parameters: 1 0.000153884 -0.000312057 -0.000154116 1 -0.000372952 0.000311942 0.000373048 1 -0.0336116 -0.0221111 -0.0797048
FixedParameters: 0 0 0

#Transform 38
Transform: AffineTransform_float_3_3
Parameters: 1 0.000153814 -0.000495058 -0.000154186 1 -0.000374924 0.000494942 0.000375076 1 -0.0479213 -0.00775354 -0.0618159
FixedParameters: 0 0 0

#Transform 39
Transform: AffineTransform_float_3_3
Parameters: 1 4.05431e-05 -0.000495038 -4.14568e-05 0.999999 -0.00092298 0.000494962 0.00092302 1 -0.0600684 0.00508015 -0.126051
FixedParameters: 0 0 0

#Transform 40
Transform: AffineTransform_float_3_3
Parameters: 1 0.000152717 -0.00105419 -0.000154285 0.999999 -0.00121784 0.00105481 0.00121716 0.999998 -0.0583504 -0.0542743 -0.105371
FixedParameters: 0 0 0

#Transform 41
Transform: AffineTransform_float_3_3
Parameters: 1 0.00015324 -0.000495236 -0.00015476 0.999999 -0.00153492 0.000494763 0.00153408 0.999998 -0.0536354 -0.0220268 -0.086175
FixedParameters: 0 0 0

#Transform 42
Transform: AffineTransform_float_3_3
Parameters: 1 0.000293214 -0.000495466 -0.000294785 0.999998 -0.00158685 0.000494533 0.00158714 0.999998 -0.00240396 -0.0160637 -0.145614
FixedParameters: 0 0 0

#Transform 43
Transform: AffineTransform_float_3_3
Parameters: 1 0.000152882 -0.00109416 -0.000154118 1 -0.00102183 0.00109384 0.00102217 0.999999 -0.00410143 -0.0421249 -0.103293
FixedParameters: 0 0 0

#Transform 44
Transform: AffineTransform_float_3_3
Parameters: 0.999999 0.000396514 -0.00076677 -0.000398485 0.999998 -0.00193969 0.000765228 0.0019393 0.999998 -0.00656593 -0.0146716 -0.107441
FixedParameters: 0 0 0

#Transform 45
Transform: AffineTransform_float_3_3
Parameters: 0.999999 0.000152903 -0.000936179 -0.000154097 1 -0.00117186 0.000935819 0.00117214 0.999999 0.0130908 -0.0104538 -0.0926911
FixedParameters: 0 0 0

#Transform 46
Transform: AffineTransform_float_3_3
Parameters: 1 0.000152131 -0.00109426 -0.000154868 0.999998 -0.00170783 0.00109374 0.00170817 0.999998 0.0242304 -0.043859 -0.0430042
FixedParameters: 0 0 0

#Transform 47
Transform: AffineTransform_float_3_3
Parameters: 1 0.000151733 -0.0011753 -0.000154268 0.999998 -0.00192882 0.00117571 0.00192918 0.999998 0.0159168 -0.00269947 -0.0216991
FixedParameters: 0 0 0

#Transform 48
Transform: AffineTransform_float_3_3
Parameters: 0.999999 0.000151404 -0.00143928 -0.000154596 0.999999 -0.00180378 0.00143872 0.00180422 0.999998 0.00992124 -0.00175119 -0.0575749
FixedParameters: 0 0 0

#Transform 49
Transform: AffineTransform_float_3_3
Parameters: 0.999998 0.000154577 -0.00192295 -0.000154425 1 0.000299298 0.00192205 -0.000299703 0.999998 0.00367848 0.0138207 0.00322498
FixedParameters: 0 0 0

#Transform 50
Transform: AffineTransform_float_3_3
Parameters: 0.999997 0.000781601 -0.00200337 -0.000780397 1 0.000800565 0.00200462 -0.000798435 0.999997 -0.0408442 -0.0282868 0.0288639
FixedParameters: 0 0 0

#Transform 51
Transform: AffineTransform_float_3_3
Parameters: 0.999998 0.000851528 -0.00190421 -0.000852472 0.999999 -0.000247377 0.00190379 0.000248622 0.999998 -0.0206846 -0.00488784 0.113475
FixedParameters: 0 0 0

#Transform 52
Transform: AffineTransform_float_3_3
Parameters: 0.999998 0.000534163 -0.00190395 -0.000533837 1 8.60166e-05 0.00190405 -8.49831e-05 0.999998 -0.0119784 0.026187 0.0728109
FixedParameters: 0 0 0

#Transform 53
Transform: AffineTransform_float_3_3
Parameters: 0.999998 0.000500892 -0.00164773 -0.000500107 0.999999 0.000541824 0.00164827 -0.000541175 0.999998 -0.00724498 0.0198721 0.0916937
FixedParameters: 0 0 0

#Transform 54
Transform: AffineTransform_float_3_3
Parameters: 0.999998 0.000498447 -0.00190441 -0.000500553 0.999999 -0.000815048 0.00190459 0.00081595 0.999998 -0.0126325 0.00975417 0.0360601
FixedParameters: 0 0 0

#Transform 55
Transform: AffineTransform_float_3_3
Parameters: 0.999998 0.00049878 -0.0015124 -0.000500218 0.999999 -0.000805244 0.0015116 0.000806754 0.999998 -0.000694706 -0.00397595 0.0158987
FixedParameters: 0 0 0

#Transform 56
Transform: AffineTransform_float_3_3
Parameters: 0.999999 0.000498852 -0.00147039 -0.000500148 0.999999 -0.000780265 0.00147061 0.000780734 0.999998 -0.000365163 -0.00360126 0.015406
FixedParameters: 0 0 0

#Transform 57
Transform: AffineTransform_float_3_3
Parameters: 0.999999 0.00049829 -0.00137162 -0.000500711 0.999999 -0.00124732 0.00137138 0.00124769 0.999999 0.0162477 -0.00706458 -0.0606844
FixedParameters: 0 0 0

#Transform 58
Transform: AffineTransform_float_3_3
Parameters: 0.999998 0.000693814 -0.0019048 -0.000696185 0.999999 -0.00114668 0.0019042 0.00114832 0.999997 -0.00731145 -0.0476076 -0.0446503
FixedParameters: 0 0 0

#Transform 59
Transform: AffineTransform_float_3_3
Parameters: 0.999998 0.000497574 -0.00152379 -0.000500423 0.999998 -0.00159124 0.0015222 0.00159276 0.999997 -0.000668844 -0.0172984 -0.059249
FixedParameters: 0 0 0

#Transform 60
Transform: AffineTransform_float_3_3
Parameters: 0.999999 0.000656772 -0.00111972 -0.000657228 0.999999 -0.00109726 0.00111828 0.00109774 0.999999 -0.0162123 -0.0191459 -0.071263
FixedParameters: 0 0 0

#Transform 61
Transform: AffineTransform_float_3_3
Parameters: 0.999999 0.00070351 -0.00137576 -0.000705488 0.999999 -0.00108203 0.00137424 0.00108397 0.999999 -0.0272995 -0.0396663 -0.0585526
FixedParameters: 0 0 0

#Transform 62
Transform: AffineTransform_float_3_3
Parameters: 0.999999 0.000498462 -0.00137556 -0.000500538 0.999999 -0.00111831 0.00137444 0.00111869 0.999999 -0.0245684 -0.0355978 -0.0381413
FixedParameters: 0 0 0

#Transform 63
Transform: AffineTransform_float_3_3
Parameters: 0.999999 0.000498199 -0.00137565 -0.000500799 0.999999 -0.00130831 0.00137435 0.00130969 0.999998 -0.0150738 -0.00730198 -0.0646307
FixedParameters: 0 0 0

#Transform 64
Transform: AffineTransform_float_3_3
Parameters: 0.999999 0.000497691 -0.00131388 -0.00050031 0.999999 -0.00175834 0.00131312 0.00175866 0.999997 0.000922397 -0.014385 -0.0275734
FixedParameters: 0 0 0

#Transform 65
Transform: AffineTransform_float_3_3
Parameters: 0.999999 0.000740081 -0.00137603 -0.000741918 0.999999 -0.00139398 0.00137497 0.00139502 0.999998 -0.00434987 -0.0555937 -0.051061
FixedParameters: 0 0 0

#Transform 66
Transform: AffineTransform_float_3_3
Parameters: 0.999999 0.000776513 -0.00137641 -0.000779486 0.999998 -0.00180693 0.00137459 0.00180807 0.999998 -0.00499557 -0.0236558 -0.0818305
FixedParameters: 0 0 0

#Transform 67
Transform: AffineTransform_float_3_3
Parameters: 0.999998 0.000499113 -0.00159128 -0.000500887 0.999999 -0.000557203 0.00159072 0.000557794 0.999998 0.0246317 -0.0139561 -0.0663718
FixedParameters: 0 0 0

#Transform 68
Transform: AffineTransform_float_3_3
Parameters: 0.999994 -0.000749848 -0.00318251 0.000751151 1 0.000674613 0.00318249 -0.00067739 0.999994 0.0274676 -0.0637721 -0.00746768
FixedParameters: 0 0 0

#Transform 69
Transform: AffineTransform_float_3_3
Parameters: 0.999997 0.000689696 -0.00229999 -0.000693305 0.999998 -0.00143641 0.00229901 0.00143759 0.999997 -0.0174192 -0.0270276 -0.0820694
FixedParameters: 0 0 0

#Transform 70
Transform: AffineTransform_float_3_3
Parameters: 0.999998 -0.000173386 -0.00227882 0.000170613 1 -0.00104739 0.00227918 0.00104661 0.999997 0.0279276 -0.0936822 -0.0813269
FixedParameters: 0 0 0

#Transform 71
Transform: AffineTransform_float_3_3
Parameters: 0.999994 0.00103759 -0.00328272 -0.00104342 0.999998 -0.00164859 0.00328128 0.00165141 0.999994 -0.0513797 -0.0397685 -0.144841
FixedParameters: 0 0 0

#Transform 72
Transform: AffineTransform_float_3_3
Parameters: 0.999916 0.00741434 0.0106353 -0.00739866 0.999971 -0.00148081 -0.0106467 0.00140218 0.999943 0.0194586 -0.088784 -0.0944564
FixedParameters: 0 0 0

#Transform 73
Transform: AffineTransform_float_3_3
Parameters: 0.999899 0.00690278 0.0124108 -0.00690622 0.999976 0.00021631 -0.0124092 -0.000302689 0.999923 0.010749 -0.0402834 -0.0397434
FixedParameters: 0 0 0

#Transform 74
Transform: AffineTransform_float_3_3
Parameters: 0.999979 0.00259883 0.00604907 -0.00259916 0.999996 1.92779e-05 -0.00604893 -3.57209e-05 0.999981 0.104501 0.0146645 -0.0708095
FixedParameters: 0 0 0

#Transform 75
Transform: AffineTransform_float_3_3
Parameters: 0.999969 0.00246315 0.00738862 -0.00245284 0.999996 -0.00138316 -0.00739237 0.00136483 0.999971 0.161417 -0.031591 -0.157371
FixedParameters: 0 0 0

#Transform 76
Transform: AffineTransform_float_3_3
Parameters: 0.999972 0.00297405 0.0067659 -0.00296695 0.999995 -0.0010521 -0.00676909 0.0010319 0.999976 0.0932267 -0.100787 -0.0705941
FixedParameters: 0 0 0

#Transform 77
Transform: AffineTransform_float_3_3
Parameters: 0.999978 0.00242896 0.00629047 -0.00242504 0.999997 -0.000637269 -0.00629153 0.000621732 0.99998 0.0956346 -0.0663927 -0.00779538
FixedParameters: 0 0 0

#Transform 78
Transform: AffineTransform_float_3_3
Parameters: 0.999976 0.00164338 0.00670493 -0.00163962 0.999999 -0.00065901 -0.00670608 0.000647995 0.999978 0.149657 -0.0747739 -0.0390244
FixedParameters: 0 0 0

#Transform 79
Transform: AffineTransform_float_3_3
Parameters: 0.999979 0.00164827 0.00625157 -0.00163874 0.999998 -0.00148628 -0.00625344 0.00147672 0.99998 0.15956 -0.111285 0.229665
FixedParameters: 0 0 0

#Transform 80
Transform: AffineTransform_float_3_3
Parameters: 0.999952 0.00194331 0.00958011 -0.00193368 0.999997 -0.000981571 -0.00958188 0.000962425 0.999953 0.202735 -0.012177 1.32741
FixedParameters: 0 0 0

#Transform 81
Transform: AffineTransform_float_3_3
Parameters: 0.99995 0.00124202 0.00991337 -0.00123698 0.999999 -0.000512288 -0.00991463 0.000499711 0.99995 0.158976 0.0580472 0.924629
FixedParameters: 0 0 0

#Transform 82
Transform: AffineTransform_float_3_3
Parameters: 0.999977 0.000675706 0.00685671 -0.000652293 0.999994 -0.00345956 -0.0068583 0.00345445 0.999971 0.102449 0.0433212 -0.391151
FixedParameters: 0 0 0

#Transform 83
Transform: AffineTransform_float_3_3
Parameters: 0.999999 0.000466027 0.00120711 -0.000473973 0.999978 0.00661344 -0.00120389 -0.00661357 0.999978 -0.00821806 -0.227971 -0.808909
FixedParameters: 0 0 0

#Transform 84
Transform: AffineTransform_float_3_3
Parameters: 1 0.000470833 0.000257868 -0.000474168 0.999922 0.0124209 -0.00025213 -0.0124211 0.999923 -0.0853744 -0.541511 -0.904067
FixedParameters: 0 0 0

#Transform 85
Transform: AffineTransform_float_3_3
Parameters: 0.999999 0.000481186 -0.000533607 -0.000474809 0.999911 0.0133863 0.000540405 -0.0133868 0.999911 -0.0750636 -0.663783 0.501777
FixedParameters: 0 0 0

#Transform 86
Transform: AffineTransform_float_3_3
Parameters: 0.999999 0.000463004 0.00145654 -0.000473992 0.999972 0.00755832 -0.00145246 -0.00755869 0.999971 -0.0939233 -0.300574 -0.204321
FixedParameters: 0 0 0

#Transform 87
Transform: AffineTransform_float_3_3
Parameters: 1 -0.00114562 -0.000374166 0.00114638 0.999999 0.00101757 0.000372833 -0.00101843 1 -0.0831781 -0.802422 -0.555788
FixedParameters: 0 0 0

#Transform 88
Transform: AffineTransform_float_3_3
Parameters: 0.999996 -0.00226343 -0.00163701 0.00229557 0.999794 0.0201763 0.001591 -0.0201797 0.999795 0.217763 -1.2969 0.226638
FixedParameters: 0 0 0

#Transform 89
Transform: AffineTransform_float_3_3
Parameters: 0.999997 0.000370714 -0.00216766 -0.000338296 0.999887 0.0150728 0.00217234 -0.0150722 0.999884 0.128305 -0.850386 -0.00194319
FixedParameters: 0 0 0

#Transform 90
Transform: AffineTransform_float_3_3
Parameters: 0.999994 -5.98361e-06 -0.00327122 3.90138e-05 0.999949 0.0100929 0.00327077 -0.0100931 0.999943 0.273898 -0.568501 0.504951
FixedParameters: 0 0 0

#Transform 91
Transform: AffineTransform_float_3_3
Parameters: 0.999993 -0.000178432 -0.00368616 0.000201565 0.999981 0.0061223 0.00368484 -0.0061237 0.999975 0.286858 -0.374655 0.42776
FixedParameters: 0 0 0

#Transform 92
Transform: AffineTransform_float_3_3
Parameters: 0.999987 -0.000677639 -0.00501335 0.000702367 0.999988 0.00485954 0.00501064 -0.00486246 0.999975 0.00508644 0.0148504 1.26278
FixedParameters: 0 0 0

#Transform 93
Transform: AffineTransform_float_3_3
Parameters: 0.999981 -0.000181472 -0.00607803 0.000239525 0.999953 0.00962972 0.00607597 -0.00963128 0.999935 -0.214379 0.0924411 1.27842
FixedParameters: 0 0 0

#Transform 94
Transform: AffineTransform_float_3_3
Parameters: 0.999979 0.000178117 -0.00636684 -0.000129882 0.999972 0.00755698 0.00636816 -0.00755602 0.999951 -0.296141 0.120816 1.44449
FixedParameters: 0 0 0

#Transform 95
Transform: AffineTransform_float_3_3
Parameters: 0.999991 0.0014137 -0.00382095 -0.0013893 0.999978 0.00646036 0.00383005 -0.00645464 0.999972 -0.286166 0.101879 1.40111
FixedParameters: 0 0 0

#Transform 96
Transform: AffineTransform_float_3_3
Parameters: 0.999997 0.00139783 -0.0018885 -0.00138917 0.999988 0.00466964 0.00189451 -0.00466737 0.999988 -0.270866 0.114065 1.3362
FixedParameters: 0 0 0

#Transform 97
Transform: AffineTransform_float_3_3
Parameters: 0.999997 0.00139808 -0.0023416 -0.00138892 0.999991 0.00387526 0.0023474 -0.00387273 0.999989 -0.274347 0.0751028 1.30956
FixedParameters: 0 0 0

#Transform 98
Transform: AffineTransform_float_3_3
Parameters: 0.999996 0.00139513 -0.00220713 -0.00138887 0.999995 0.00277707 0.00221186 -0.00277392 0.999993 -0.273248 0.0812034 1.27007
FixedParameters: 0 0 0

#Transform 99
Transform: AffineTransform_float_3_3
Parameters: 0.999998 0.00139319 -0.00186588 -0.00138881 0.999997 0.0022456 0.00186912 -0.0022434 0.999995 -0.283152 0.0900239 1.22092
FixedParameters: 0 0 0

#Transform 100
Transform: AffineTransform_float_3_3
Parameters: 0.999997 0.00139335 -0.00234942 -0.00138865 0.999998 0.00185327 0.00235257 -0.00184973 0.999995 -0.195685 0.0887537 1.33851
FixedParameters: 0 0 0

#Transform 101
Transform: AffineTransform_float_3_3
Parameters: 0.999991 0.00125387 -0.00406504 -0.00125413 0.999999 -2.99022e-05 0.00406496 3.50972e-05 0.999991 -0.0857415 0.134585 1.64105
FixedParameters: 0 0 0

#Transform 102
Transform: AffineTransform_float_3_3
Parameters: 0.999996 0.000127808 -0.00281605 -0.000129191 1 -0.000422638 0.00281595 0.000423362 0.999996 0.0447031 0.121843 1.76885
FixedParameters: 0 0 0

#Transform 103
Transform: AffineTransform_float_3_3
Parameters: 1 0.000497353 -0.000501642 -0.000497646 0.999999 -0.00128975 0.000500358 0.00129025 0.999999 0.104168 0.0935152 1.81545
FixedParameters: 0 0 0

#Transform 104
Transform: AffineTransform_float_3_3
Parameters: 0.999998 -0.000370555 0.00223108 0.000370443 1 -0.000198174 -0.00223093 0.000199827 0.999998 0.191721 0.0720184 1.76609
FixedParameters: 0 0 0

#Transform 105
Transform: AffineTransform_float_3_3
Parameters: 0.999997 -0.000363679 0.00240912 0.000370321 0.999996 -0.00303912 -0.00240789 0.00303989 0.999993 0.0272364 -0.00323668 1.7878
FixedParameters: 0 0 0

#Transform 106
Transform: AffineTransform_float_3_3
Parameters: 0.999995 7.16941e-05 0.00313981 -6.33047e-05 0.999996 -0.00276921 -0.00314019 0.00276879 0.999991 0.0545556 0.0999106 1.72682
FixedParameters: 0 0 0

#Transform 107
Transform: AffineTransform_float_3_3
Parameters: 0.999997 0.000471269 0.00257661 -0.000457731 0.999986 -0.0051472 -0.00257939 0.0051468 0.999984 0.038965 0.0311251 1.58401
FixedParameters: 0 0 0

#Transform 108
Transform: AffineTransform_float_3_3
Parameters: 0.999998 0.000602846 0.00193566 -0.000591157 0.999984 -0.00559916 -0.00193834 0.00559785 0.999983 0.0255203 0.0216205 1.58783
FixedParameters: 0 0 0

#Transform 109
Transform: AffineTransform_float_3_3
Parameters: 0.999998 0.000643287 0.00193496 -0.000630714 0.999979 -0.00634323 -0.00193904 0.00634276 0.999978 0.0243547 0.0630746 1.4555
FixedParameters: 0 0 0

#Transform 110
Transform: AffineTransform_float_3_3
Parameters: 1 0.000299744 0.00099959 -0.000294254 0.999988 -0.0047433 -0.00100141 0.0047427 0.999989 0.0203194 0.0129137 1.50868
FixedParameters: 0 0 0

#Transform 111
Transform: AffineTransform_float_3_3
Parameters: 1 0.000296168 0.000271733 -0.000294831 0.999991 -0.00428708 -0.000273266 0.00428692 0.999991 0.026612 0.0409742 1.55404
FixedParameters: 0 0 0

#Transform 112
Transform: AffineTransform_float_3_3
Parameters: 1 0.000294043 -0.000221278 -0.00029496 0.99999 -0.00433793 0.000220722 0.00433806 0.99999 0.0346954 0.020998 1.39863
FixedParameters: 0 0 0

#Transform 113
Transform: AffineTransform_float_3_3
Parameters: 1 0.00029528 6.88082e-05 -0.000294719 0.999992 -0.00403802 -7.01906e-05 0.00403798 0.999992 0.0199356 0.00697555 1.47086
FixedParameters: 0 0 0

#Transform 114
Transform: AffineTransform_float_3_3
Parameters: 1 0.000299309 0.00101975 -0.00029469 0.999991 -0.0042233 -0.00102125 0.0042227 0.99999 0.0124747 0.0476179 1.58162
FixedParameters: 0 0 0

#Transform 115
Transform: AffineTransform_float_3_3
Parameters: 1 0.000456635 -8.98738e-05 -0.000456366 0.999992 -0.00410196 8.81287e-05 0.00410204 0.999991 0.000695322 0.0793223 1.58259
FixedParameters: 0 0 0

#Transform 116
Transform: AffineTransform_float_3_3
Parameters: 1 0.000291937 -0.00101289 -0.000294064 0.999996 -0.0030257 0.00101212 0.0030253 0.999995 -0.00317855 0.112228 1.5656
FixedParameters: 0 0 0

#Transform 117
Transform: AffineTransform_float_3_3
Parameters: 0.999998 0.0004812 -0.00187646 -0.000482799 1 -0.000958096 0.00187654 0.000959905 0.999998 -0.014091 0.158442 1.82119
FixedParameters: 0 0 0

#Transform 118
Transform: AffineTransform_float_3_3
Parameters: 0.999997 0.000294886 -0.00216701 -0.000294114 1 -5.23628e-05 0.00216698 5.26391e-05 0.999997 -0.0175401 0.153032 1.83157
FixedParameters: 0 0 0

#Transform 119
Transform: AffineTransform_float_3_3
Parameters: 0.999996 -0.000243804 -0.00257192 0.000243197 1 -0.000312626 0.00257207 0.000312374 0.999996 0.0196806 0.164403 1.77289
FixedParameters: 0 0 0

#Transform 120
Transform: AffineTransform_float_3_3
Parameters: 0.999996 -0.000133046 -0.002753 0.000132955 1 -1.63661e-05 0.002753 1.66338e-05 0.999996 0.026493 0.171012 1.72619
FixedParameters: 0 0 0

#Transform 121
Transform: AffineTransform_float_3_3
Parameters: 0.999998 0.000504352 -0.00197191 -0.000503648 1 0.000178994 0.00197209 -0.000178006 0.999998 0.00640554 0.17036 1.70119
FixedParameters: 0 0 0

#Transform 122
Transform: AffineTransform_float_3_3
Parameters: 0.999996 0.000308964 -0.00258041 -0.000304037 0.999998 0.00192379 0.00258059 -0.00192321 0.999995 0.0046961 0.149648 1.73823
FixedParameters: 0 0 0

#Transform 123
Transform: AffineTransform_float_3_3
Parameters: 0.999997 4.2828e-05 -0.00270692 -3.71716e-05 0.999997 0.00215311 0.00270709 -0.00215289 0.999994 0.0149987 0.160744 1.76428
FixedParameters: 0 0 0

#Transform 124
Transform: AffineTransform_float_3_3
Parameters: 0.999997 0.000229005 -0.00269575 -0.000225996 1 0.00111461 0.00269625 -0.00111439 0.999995 0.0199168 0.137589 1.71263
FixedParameters: 0 0 0

#Transform 125
Transform: AffineTransform_float_3_3
Parameters: 0.999996 0.000315555 -0.00260181 -0.000314445 1 0.00059782 0.00260219 -0.000597181 0.999997 0.0285339 0.125045 1.64933
FixedParameters: 0 0 0

#Transform 126
Transform: AffineTransform_float_3_3
Parameters: 0.999996 0.00035089 -0.00274951 -0.000347111 0.999999 0.00141496 0.00274949 -0.00141404 0.999995 0.0324339 0.123816 1.68343
FixedParameters: 0 0 0

#Transform 127
Transform: AffineTransform_float_3_3
Parameters: 0.999997 0.000507373 -0.00238635 -0.000508626 0.999999 -0.000680788 0.00238565 0.000682212 0.999997 0.0477659 0.122051 1.59778
FixedParameters: 0 0 0

#Transform 128
Transform: AffineTransform_float_3_3
Parameters: 0.999995 0.00078795 -0.00305053 -0.00079005 1 -0.000670594 0.00305047 0.000673407 0.999995 -0.0443342 0.0938841 1.58757
FixedParameters: 0 0 0

#Transform 129
Transform: AffineTransform_float_3_3
Parameters: 0.999995 0.00103464 -0.00273227 -0.00103836 0.999998 -0.00122717 0.00273173 0.00123083 0.999996 -0.0350706 0.0926075 1.59686
FixedParameters: 0 0 0

#Transform 130
Transform: AffineTransform_float_3_3
Parameters: 0.999998 0.000716295 -0.00212825 -0.000719707 0.999998 -0.00174147 0.00212675 0.00174253 0.999996 -0.00408699 0.10003 1.52887
FixedParameters: 0 0 0

#Transform 131
Transform: AffineTransform_float_3_3
Parameters: 0.999997 0.000510116 -0.00239876 -0.000508885 1 0.000465222 0.00239924 -0.000464777 0.999997 -0.0220048 0.043107 1.55852
FixedParameters: 0 0 0

#Transform 132
Transform: AffineTransform_float_3_3
Parameters: 0.999997 0.000795767 -0.00242009 -0.000793233 0.999999 0.00114392 0.00242091 -0.00114208 0.999997 -0.0113845 0.0686924 1.57416
FixedParameters: 0 0 0

#Transform 133
Transform: AffineTransform_float_3_3
Parameters: 0.999997 0.000638765 -0.00241053 -0.000637235 0.999999 0.000732538 0.00241147 -0.000731461 0.999997 0.00706711 0.0843137 1.62381
FixedParameters: 0 0 0

#Transform 134
Transform: AffineTransform_float_3_3
Parameters: 0.999995 0.00108386 -0.00302369 -0.00108314 1 0.000287277 0.00302431 -0.000283724 0.999996 -0.0470977 0.155186 1.48816
FixedParameters: 0 0 0

#Transform 135
Transform: AffineTransform_float_3_3
Parameters: 0.999996 0.00110879 -0.00254615 -0.00111621 0.999996 -0.00283117 0.00254285 0.00283383 0.999993 -0.0437048 0.120645 1.41289
FixedParameters: 0 0 0

#Transform 136
Transform: AffineTransform_float_3_3
Parameters: 0.999991 0.001193 -0.00392367 -0.001205 0.999994 -0.0030583 0.00391933 0.0030627 0.999987 -0.0558353 0.19449 1.35213
FixedParameters: 0 0 0

#Transform 137
Transform: AffineTransform_float_3_3
Parameters: 0.999991 0.00116018 -0.00390773 -0.00116582 0.999998 -0.00148746 0.00390627 0.00149155 0.999992 -0.0343044 0.167489 1.45978
FixedParameters: 0 0 0

#Transform 138
Transform: AffineTransform_float_3_3
Parameters: 0.999994 0.00105797 -0.00314603 -0.00106403 0.999997 -0.00191466 0.00314397 0.00191834 0.999993 -0.00918749 0.117628 1.40386
FixedParameters: 0 0 0

#Transform 139
Transform: AffineTransform_float_3_3
Parameters: 0.999995 0.00100655 -0.00276935 -0.00101246 0.999997 -0.0023302 0.00276764 0.00233279 0.999993 0.0190681 0.189227 1.44128
FixedParameters: 0 0 0

#Transform 140
Transform: AffineTransform_float_3_3
Parameters: 0.999995 0.000785281 -0.00311345 -0.000791721 0.999998 -0.00183654 0.00311255 0.00183845 0.999993 0.0207726 0.141211 1.4451
FixedParameters: 0 0 0

#Transform 141
Transform: AffineTransform_float_3_3
Parameters: 0.999994 0.00119054 -0.00345992 -0.00119846 0.999997 -0.00244287 0.00345708 0.00244713 0.999991 0.00999297 0.135861 1.44888
FixedParameters: 0 0 0

#Transform 142
Transform: AffineTransform_float_3_3
Parameters: 0.999993 0.000919706 -0.00346948 -0.000929294 0.999996 -0.00267779 0.00346752 0.00268121 0.999991 0.0155287 0.134629 1.39813
FixedParameters: 0 0 0

#Transform 143
Transform: AffineTransform_float_3_3
Parameters: 0.999992 0.00118588 -0.0038151 -0.00119812 0.999994 -0.00343946 0.0038109 0.00344355 0.999987 -0.00919285 0.136856 1.35858
FixedParameters: 0 0 0

#Transform 144
Transform: AffineTransform_float_3_3
Parameters: 0.999991 0.00133986 -0.00389854 -0.00135315 0.999994 -0.00337175 0.00389445 0.00337625 0.999986 -0.00577843 0.128497 1.37279
FixedParameters: 0 0 0

#Transform 145
Transform: AffineTransform_float_3_3
Parameters: 0.999993 0.0013936 -0.00367872 -0.0014064 0.999994 -0.00337185 0.00367328 0.00337614 0.999987 -0.0153973 0.128443 1.35709
FixedParameters: 0 0 0

#Transform 146
Transform: AffineTransform_float_3_3
Parameters: 0.999992 0.00111563 -0.00377857 -0.00113038 0.999991 -0.00406876 0.00377443 0.00407324 0.999984 0.00948325 0.141676 1.33339
FixedParameters: 0 0 0

#Transform 147
Transform: AffineTransform_float_3_3
Parameters: 0.999994 0.00112937 -0.0034911 -0.00114463 0.99999 -0.00447903 0.00348591 0.00448297 0.999984 0.0112678 0.170311 1.38147
FixedParameters: 0 0 0

#Transform 148
Transform: AffineTransform_float_3_3
Parameters: 0.999994 0.00134924 -0.0029917 -0.00136376 0.999987 -0.00493695 0.0029853 0.00494106 0.999984 -0.00713278 0.174586 1.40474
FixedParameters: 0 0 0

#Transform 149
Transform: AffineTransform_float_3_3
Parameters: 0.999992 0.00134523 -0.00360007 -0.00136377 0.999986 -0.00521613 0.00359293 0.00522087 0.99998 -0.0339197 0.154922 1.38688
FixedParameters: 0 0 0

#Transform 150
Transform: AffineTransform_float_3_3
Parameters: 0.999992 0.00134304 -0.00380247 -0.00136396 0.999984 -0.00551686 0.00379453 0.00552114 0.999977 -0.0188651 0.153019 1.31289
FixedParameters: 0 0 0

#Transform 151
Transform: AffineTransform_float_3_3
Parameters: 0.999991 0.00123858 -0.00410829 -0.00125642 0.99999 -0.00424088 0.0041027 0.00424612 0.999982 -0.0192722 0.167103 1.35226
FixedParameters: 0 0 0

#Transform 152
Transform: AffineTransform_float_3_3
Parameters: 0.999989 0.00105383 -0.00440612 -0.00107517 0.999988 -0.00480531 0.00440088 0.00480969 0.999978 -0.018078 0.136012 1.3509
FixedParameters: 0 0 0

#Transform 153
Transform: AffineTransform_float_3_3
Parameters: 0.999989 0.00134067 -0.0046468 -0.00136334 0.999986 -0.00502272 0.00464021 0.00502827 0.999976 -0.0162376 0.13698 1.31575
FixedParameters: 0 0 0

#Transform 154
Transform: AffineTransform_float_3_3
Parameters: 0.999989 0.00133997 -0.0045162 -0.00136403 0.999985 -0.0053209 0.0045098 0.0053271 0.999975 -0.0123391 0.134723 1.28854
FixedParameters: 0 0 0

#Transform 155
Transform: AffineTransform_float_3_3
Parameters: 0.999991 0.0013429 -0.00414889 -0.0013641 0.999986 -0.00508639 0.00414211 0.00509261 0.999979 -0.00453472 0.13629 1.33264
FixedParameters: 0 0 0

#Transform 156
Transform: AffineTransform_float_3_3
Parameters: 0.999988 0.00159253 -0.00447406 -0.00161546 0.999986 -0.00502183 0.00446594 0.00502917 0.999978 -0.0119633 0.136321 1.32559
FixedParameters: 0 0 0

#Transform 157
Transform: AffineTransform_float_3_3
Parameters: 0.999988 0.00169472 -0.00454437 -0.00171728 0.999986 -0.00490425 0.00453563 0.00491174 0.999977 -0.0144167 0.111496 1.30663
FixedParameters: 0 0 0

#Transform 158
Transform: AffineTransform_float_3_3
Parameters: 0.999991 0.00150786 -0.00410346 -0.00152814 0.999987 -0.00490878 0.00409655 0.00491523 0.99998 -0.0601038 0.149891 1.24139
FixedParameters: 0 0 0

#Transform 159
Transform: AffineTransform_float_3_3
Parameters: 0.99999 0.00128597 -0.00424205 -0.00130903 0.999985 -0.0054295 0.00423595 0.0054355 0.999977 -0.0230796 0.135589 1.23044
FixedParameters: 0 0 0

#Transform 160
Transform: AffineTransform_float_3_3
Parameters: 0.999988 0.00174925 -0.00471451 -0.00177175 0.999987 -0.00482571 0.0047065 0.00483329 0.999977 -0.0227744 0.116622 1.2455
FixedParameters: 0 0 0

#Transform 161
Transform: AffineTransform_float_3_3
Parameters: 0.999987 0.00175561 -0.0046632 -0.00177139 0.999993 -0.00351278 0.0046568 0.00352122 0.999983 -0.0359741 0.0875162 1.29868
FixedParameters: 0 0 0

#Transform 162
Transform: AffineTransform_float_3_3
Parameters: 0.999987 0.00141398 -0.0047573 -0.00143402 0.999989 -0.00441823 0.0047507 0.00442477 0.999979 -0.00147107 0.117275 1.22821
FixedParameters: 0 0 0

#Transform 163
Transform: AffineTransform_float_3_3
Parameters: 0.999988 0.00145431 -0.00453604 -0.00147269 0.999991 -0.00412037 0.00452997 0.00412664 0.999981 -0.00592808 0.103705 1.23462
FixedParameters: 0 0 0

#Transform 164
Transform: AffineTransform_float_3_3
Parameters: 0.999989 0.00146191 -0.00448826 -0.00148109 0.99999 -0.0042524 0.00448174 0.0042586 0.999981 -0.012033 0.07367 1.22477
FixedParameters: 0 0 0

#Transform 165
Transform: AffineTransform_float_3_3
Parameters: 0.999987 0.00141325 -0.00479496 -0.00143975 0.999984 -0.00557917 0.00478703 0.00558584 0.999973 -0.00160011 0.0869022 1.17659
FixedParameters: 0 0 0

#Transform 166
Transform: AffineTransform_float_3_3
Parameters: 0.999989 0.0012889 -0.00437018 -0.0013131 0.999984 -0.00551732 0.00436282 0.00552268 0.999975 0.023353 0.116813 1.11926
FixedParameters: 0 0 0

#Transform 167
Transform: AffineTransform_float_3_3
Parameters: 0.99999 0.00102457 -0.00451338 -0.00104843 0.999986 -0.00519132 0.00450761 0.00519567 0.999976 0.0252536 0.0828231 1.11197
FixedParameters: 0 0 0

#Transform 168
Transform: AffineTransform_float_3_3
Parameters: 0.999986 0.00131303 -0.00499863 -0.00133798 0.999986 -0.00499638 0.00499237 0.00500262 0.999975 0.0056078 0.0836578 1.16152
FixedParameters: 0 0 0

#Transform 169
Transform: AffineTransform_float_3_3
Parameters: 0.99999 0.00118027 -0.00418663 -0.00120673 0.999979 -0.00638801 0.00417837 0.00639299 0.999971 -0.00898056 0.187501 1.214
FixedParameters: 0 0 0

#Transform 170
Transform: AffineTransform_float_3_3
Parameters: 0.999987 0.0013331 -0.00492663 -0.0013609 0.999983 -0.00566437 0.00491836 0.00567163 0.999972 -0.0289238 0.123108 1.19836
FixedParameters: 0 0 0

#Transform 171
Transform: AffineTransform_float_3_3
Parameters: 0.999988 0.0013371 -0.00468489 -0.0013609 0.999986 -0.00510269 0.00467811 0.00510832 0.999976 -0.0123948 0.132409 1.18268
FixedParameters: 0 0 0

#Transform 172
Transform: AffineTransform_float_3_3
Parameters: 0.99999 0.00133643 -0.00443248 -0.00136157 0.999983 -0.00554502 0.00442551 0.00555097 0.999975 0.0144415 0.12681 1.10424
FixedParameters: 0 0 0

#Transform 173
Transform: AffineTransform_float_3_3
Parameters: 0.999988 0.00133705 -0.00467392 -0.00136095 0.999986 -0.0051237 0.00466708 0.0051303 0.999976 -0.00993156 0.121064 1.12357
FixedParameters: 0 0 0

#Transform 174
Transform: AffineTransform_float_3_3
Parameters: 0.999988 0.0013395 -0.00470717 -0.0013615 0.999988 -0.00456765 0.00470083 0.00457435 0.999979 -0.0100085 0.12216 1.20598
FixedParameters: 0 0 0

#Transform 175
Transform: AffineTransform_float_3_3
Parameters: 0.999988 0.001339 -0.00459546 -0.00136099 0.999987 -0.0047868 0.00458853 0.0047932 0.999978 0.0143541 0.192784 1.19147
FixedParameters: 0 0 0

#Transform 176
Transform: AffineTransform_float_3_3
Parameters: 0.999988 0.00133723 -0.00468984 -0.00136177 0.999986 -0.00506868 0.00468315 0.00507532 0.999976 0.0140448 0.168715 1.12003
FixedParameters: 0 0 0

#Transform 177
Transform: AffineTransform_float_3_3
Parameters: 0.999987 0.00153672 -0.00481781 -0.00156028 0.999986 -0.00504055 0.00481019 0.00504846 0.999975 0.0126919 0.13489 1.13712
FixedParameters: 0 0 0

#Transform 178
Transform: AffineTransform_float_3_3
Parameters: 0.999984 0.00152377 -0.00532486 -0.00155123 0.999985 -0.00511282 0.00531713 0.00512118 0.999973 -0.00275292 0.134309 1.14946
FixedParameters: 0 0 0

#Transform 179
Transform: AffineTransform_float_3_3
Parameters: 0.999986 0.00146098 -0.00512707 -0.00148902 0.999984 -0.00546544 0.00511893 0.00547356 0.999972 0.026406 0.176891 1.11358
FixedParameters: 0 0 0

#Transform 180
Transform: AffineTransform_float_3_3
Parameters: 0.999984 0.00140957 -0.00545742 -0.00143744 0.999986 -0.00521024 0.00545058 0.00521777 0.999971 0.0162132 0.121746 1.09408
FixedParameters: 0 0 0

#Transform 181
Transform: AffineTransform_float_3_3
Parameters: 0.999988 0.000758369 -0.00470871 -0.000793629 0.999972 -0.00735634 0.00470328 0.00736065 0.999962 -0.0583175 0.140625 1.13825
FixedParameters: 0 0 0

#Transform 182
Transform: AffineTransform_float_3_3
Parameters: 0.999984 0.00109668 -0.00544549 -0.00117132 0.999906 -0.0136628 0.0054305 0.0136692 0.999892 -0.0501044 0.057547 0.872857
FixedParameters: 0 0 0

#Transform 183
Transform: AffineTransform_float_3_3
Parameters: 0.999985 0.00134784 -0.00527102 -0.00140915 0.999931 -0.0116157 0.00525498 0.0116232 0.999918 -0.0411017 0.0853147 0.921399
FixedParameters: 0 0 0

#Transform 184
Transform: AffineTransform_float_3_3
Parameters: 0.999987 0.00116479 -0.00496953 -0.0012172 0.999944 -0.0105161 0.00495647 0.0105219 0.999933 0.00325934 0.0311004 0.923611
FixedParameters: 0 0 0

#Transform 185
Transform: AffineTransform_float_3_3
Parameters: 0.999986 0.00135559 -0.00513729 -0.0013944 0.999971 -0.00747994 0.00512671 0.00748705 0.999959 -0.00240096 0.0642554 1.09596
FixedParameters: 0 0 0

#Transform 186
Transform: AffineTransform_float_3_3
Parameters: 0.999985 0.00111945 -0.00522554 -0.00114555 0.999988 -0.00488909 0.00521946 0.00489492 0.999975 -0.0110717 0.125752 1.16576
FixedParameters: 0 0 0

#Transform 187
Transform: AffineTransform_float_3_3
Parameters: 0.999986 0.00122805 -0.00504139 -0.00125795 0.999981 -0.00594173 0.00503461 0.00594826 0.999969 0.00102067 0.117897 1.09277
FixedParameters: 0 0 0

#Transform 188
Transform: AffineTransform_float_3_3
Parameters: 0.999986 0.00122292 -0.0051929 -0.00125608 0.999979 -0.00637157 0.0051851 0.00637843 0.999966 -9.06118e-05 0.123294 1.10126
FixedParameters: 0 0 0

#Transform 189
Transform: AffineTransform_float_3_3
Parameters: 0.999985 0.00114958 -0.00522768 -0.00118442 0.999977 -0.0065859 0.00522031 0.00659209 0.999964 0.00854289 0.103179 1.0778
FixedParameters: 0 0 0

#Transform 190
