# transform file /out/sourcedata/freesurfer/sub-v2s17x50013_ses-1/mri/transforms/cc_up.lta
# created by oesteban on Wed Mar 11 14:20:06 2026

type      = 0 # LINEAR_VOX_TO_VOX
nxforms   = 1
mean      = 130.0000 121.0000 115.0000
sigma     = 10000.0000
1 4 4
9.992248415946960e-01 3.325410187244415e-02 2.107260376214981e-02 -4.726124286651611e+00 
-3.324671089649200e-02 9.994469881057739e-01 -7.011383422650397e-04 3.336134338378906e+01 
-2.108426578342915e-02 5.820766785236131e-11 9.997777938842773e-01 2.370734024047852e+01 
0.000000000000000e+00 0.000000000000000e+00 0.000000000000000e+00 1.000000000000000e+00 
src volume info
valid = 1  # volume info valid
filename = /out/sourcedata/freesurfer/sub-v2s17x50013_ses-1/mri/norm.mgz
volume = 256 256 256
voxelsize = 1.000000000000000e+00 1.000000000000000e+00 1.000000000000000e+00
xras   = -9.999999403953552e-01 0.000000000000000e+00 0.000000000000000e+00
yras   = 0.000000000000000e+00 0.000000000000000e+00 -9.999999403953552e-01
zras   = 0.000000000000000e+00 9.999999403953552e-01 0.000000000000000e+00
cras   = 1.251388549804688e+00 -8.302688598632812e+00 -8.976028442382812e+00
dst volume info
valid = 1  # volume info valid
filename = /out/sourcedata/freesurfer/sub-v2s17x50013_ses-1/mri/norm.mgz
volume = 256 256 256
voxelsize = 1.000000000000000e+00 1.000000000000000e+00 1.000000000000000e+00
xras   = -9.999999403953552e-01 0.000000000000000e+00 0.000000000000000e+00
yras   = 0.000000000000000e+00 0.000000000000000e+00 -9.999999403953552e-01
zras   = 0.000000000000000e+00 9.999999403953552e-01 0.000000000000000e+00
cras   = 1.251388549804688e+00 -8.302688598632812e+00 -8.976028442382812e+00
