#Insight Transform File V1.0
#Transform 0
Transform: AffineTransform_float_3_3
Parameters: 1 -0.000232 -4.3384e-08 0.000232 1 0.000187 -4.3384e-08 -0.000187 1 0.0161948 -0.0444935 -0.0602773
FixedParameters: 0 0 0

#Transform 1
Transform: AffineTransform_float_3_3
Parameters: 1 -0.000288999 5.90035e-05 0.000289001 1 -1.19829e-05 -5.89965e-05 1.2017e-05 1 0.0141821 -0.0506282 -0.122058
FixedParameters: 0 0 0

#Transform 2
Transform: AffineTransform_float_3_3
Parameters: 1 -0.000484968 -6.12497e-05 0.000485032 0.999999 0.00051497 6.17502e-05 -0.00051503 1 0.0271312 -0.023453 -0.108861
FixedParameters: 0 0 0

#Transform 3
Transform: AffineTransform_float_3_3
Parameters: 0.999999 -0.000829999 -1.6102e-07 0.000829999 0.999999 0.000194 -1.6102e-07 -0.000194 1 0.031882 -0.0414892 -0.229878
FixedParameters: 0 0 0

#Transform 4
Transform: AffineTransform_float_3_3
Parameters: 1 -0.000483 -1.58907e-07 0.000483 1 0.000329 -1.58907e-07 -0.000329 1 0.0265914 -0.0101382 -0.074545
FixedParameters: 0 0 0

#Transform 5
Transform: AffineTransform_float_3_3
Parameters: 0.999999 -0.000673801 0.000360371 0.000674198 0.999999 -0.000550757 -0.000359628 0.000551242 1 0.00905479 0.0516275 0.0587775
FixedParameters: 0 0 0

#Transform 6
Transform: AffineTransform_float_3_3
Parameters: 1 -0.000365388 0.000136969 0.000364612 0.999996 0.00282205 -0.000138029 -0.00282195 0.999996 0.0236745 -0.104385 0.0123134
FixedParameters: 0 0 0

#Transform 7
Transform: AffineTransform_float_3_3
Parameters: 1 -0.000432438 0.000475602 0.000431561 1 0.000921206 -0.000476398 -0.000920795 1 0.0192858 -0.0129706 -0.0464358
FixedParameters: 0 0 0

#Transform 8
Transform: AffineTransform_float_3_3
Parameters: 1 -0.00043211 0.000499905 0.00043189 1 0.000220216 -0.000500095 -0.000220784 1 0.00367615 -0.0546135 -0.112784
FixedParameters: 0 0 0

#Transform 9
Transform: AffineTransform_float_3_3
Parameters: 1 -0.000432 2.71296e-07 0.000432 0.999999 -0.000628 2.71296e-07 0.000628 1 0.0236952 -0.0014517 -0.103445
FixedParameters: 0 0 0

#Transform 10
Transform: AffineTransform_float_3_3
Parameters: 1 -0.000272 1.47968e-07 0.000272 1 -0.000544 1.47968e-07 0.000544 1 0.0212486 -0.0320235 -0.150715
FixedParameters: 0 0 0

#Transform 11
Transform: AffineTransform_float_3_3
Parameters: 1 -0.000432215 -0.000423781 0.000431785 1 -0.000507183 0.000423219 0.000506817 1 0.0221974 -0.0400591 -0.202413
FixedParameters: 0 0 0

#Transform 12
Transform: AffineTransform_float_3_3
Parameters: 1 -0.00017241 -0.000309773 0.00017159 0.999999 -0.00132105 0.000310227 0.00132195 0.999999 0.0124442 0.0243196 -0.215184
FixedParameters: 0 0 0

#Transform 13
Transform: AffineTransform_float_3_3
Parameters: 1 -0.000231287 -0.000233717 0.000230713 0.999999 -0.00122505 0.000234283 0.00122495 0.999999 0.0146998 -0.0306818 -0.243421
FixedParameters: 0 0 0

#Transform 14
Transform: AffineTransform_float_3_3
Parameters: 1 0.000169918 -0.000283049 -0.000170081 1 -0.000287952 0.000282951 0.000288048 1 -0.00267059 -0.0490772 -0.269236
FixedParameters: 0 0 0

#Transform 15
Transform: AffineTransform_float_3_3
Parameters: 1 -0.00047417 -0.000135406 0.000473831 0.999999 -0.00125206 0.000135594 0.00125294 0.999999 0.0149333 0.0218254 -0.157331
FixedParameters: 0 0 0

#Transform 16
Transform: AffineTransform_float_3_3
Parameters: 1 0.000170038 -0.000139954 -0.000169962 1 0.000272024 0.000140046 -0.000271976 1 -0.0101596 -0.0416426 -0.148796
FixedParameters: 0 0 0

#Transform 17
Transform: AffineTransform_float_3_3
Parameters: 1 1.89818e-05 -0.000105003 -1.90182e-05 1 -0.000172998 0.000104997 0.000173002 1 -0.00133928 0.0220158 -0.0798328
FixedParameters: 0 0 0

#Transform 18
Transform: AffineTransform_float_3_3
Parameters: 1 -0.00043301 -5.69251e-05 0.00043299 1 -0.000173025 5.70749e-05 0.000172975 1 0.024071 -0.0445924 -0.197886
FixedParameters: 0 0 0

#Transform 19
Transform: AffineTransform_float_3_3
Parameters: 1 0.000426934 -0.000137204 -0.000427066 1 -0.000477941 0.000137796 0.000478059 1 0.0018687 0.0423458 -0.0888543
FixedParameters: 0 0 0

#Transform 20
Transform: AffineTransform_float_3_3
Parameters: 1 -8.19595e-05 0.000234014 8.20405e-05 1 -0.000172981 -0.000233986 0.000173019 1 0.00522567 -0.0028107 -0.0226442
FixedParameters: 0 0 0

#Transform 21
Transform: AffineTransform_float_3_3
Parameters: 1 -0.000233266 0.000529444 0.000231733 0.999997 0.00239012 -0.000530555 -0.00238988 0.999997 0.00179803 -0.0478182 -0.0148929
FixedParameters: 0 0 0

#Transform 22
Transform: AffineTransform_float_3_3
Parameters: 1 -0.000232497 0.000347668 0.000231504 0.999999 0.00142808 -0.000347331 -0.00142792 0.999999 -0.0067939 -0.0136481 -0.045258
FixedParameters: 0 0 0

#Transform 23
Transform: AffineTransform_float_3_3
Parameters: 1 -0.000232131 0.000347912 0.000231869 1 0.000377081 -0.000348087 -0.000376919 1 -0.0169113 -0.0180853 -0.13283
FixedParameters: 0 0 0

#Transform 24
Transform: AffineTransform_float_3_3
Parameters: 1 -4.17748e-05 0.000348027 4.22251e-05 1 -0.000646985 -0.000347973 0.000647014 0.999999 -0.00849406 -0.0118573 -0.147912
FixedParameters: 0 0 0

#Transform 25
Transform: AffineTransform_float_3_3
Parameters: 0.999999 -0.000112543 0.000774066 0.000113457 1 -0.000589912 -0.000773933 0.000590087 0.999999 -0.0111065 0.0245793 -0.0641999
FixedParameters: 0 0 0

#Transform 26
Transform: AffineTransform_float_3_3
Parameters: 1 -0.000232212 0.000347858 0.000231788 1 0.00061008 -0.000348141 -0.000609919 1 0.00055353 -0.0427034 -0.103625
FixedParameters: 0 0 0

#Transform 27
Transform: AffineTransform_float_3_3
Parameters: 1 -0.000231862 0.000348092 0.000232137 1 -0.000394919 -0.000347908 0.000395081 1 -0.000659115 0.00511206 -0.0736033
FixedParameters: 0 0 0

#Transform 28
Transform: AffineTransform_float_3_3
Parameters: 1 -7.92836e-05 0.000347935 7.87163e-05 0.999999 0.000815027 -0.000348064 -0.000814972 0.999999 -0.000749276 -0.0343163 -0.111843
FixedParameters: 0 0 0

#Transform 29
Transform: AffineTransform_float_3_3
Parameters: 1 -0.00012896 0.000471011 0.00012904 1 -8.49392e-05 -0.000470989 8.50607e-05 1 -0.00976941 0.0163361 -0.0652295
FixedParameters: 0 0 0

#Transform 30
Transform: AffineTransform_float_3_3
Parameters: 1 -0.000232131 0.000224865 0.000231869 1 0.000582052 -0.000225135 -0.000581948 1 0.00500793 -0.0371462 -0.1052
FixedParameters: 0 0 0

#Transform 31
Transform: AffineTransform_float_3_3
Parameters: 0.999999 -0.000231957 0.000674015 0.000232043 1 -6.38436e-05 -0.000673985 6.31563e-05 1 -0.00902342 0.02022 -0.0833312
FixedParameters: 0 0 0

#Transform 32
Transform: AffineTransform_float_3_3
Parameters: 1 -5.413e-06 0.000507995 4.58699e-06 0.999999 0.000813002 -0.000508004 -0.000812997 0.999999 -0.0105216 -0.0316291 -0.0932087
FixedParameters: 0 0 0

#Transform 33
Transform: AffineTransform_float_3_3
Parameters: 0.999999 -0.00012299 0.000753001 0.00012301 1 -1.29074e-05 -0.000752998 1.30926e-05 0.999999 -0.0110524 0.0150408 -0.0410912
FixedParameters: 0 0 0

#Transform 34
Transform: AffineTransform_float_3_3
Parameters: 1 -4.12662e-05 0.000347968 4.07338e-05 0.999999 0.000765014 -0.000348031 -0.000764985 0.999999 -0.00983949 -0.0302529 -0.0876677
FixedParameters: 0 0 0

#Transform 35
Transform: AffineTransform_float_3_3
Parameters: 1 -0.000231963 0.000348024 0.000232036 1 -0.000104919 -0.000347976 0.000105081 1 -0.00212839 0.0392351 -0.0487784
FixedParameters: 0 0 0

#Transform 36
Transform: AffineTransform_float_3_3
Parameters: 1 -0.000232154 0.000434918 0.000231846 1 0.000354101 -0.000435082 -0.000353899 1 -0.00906859 -0.0466464 -0.104369
FixedParameters: 0 0 0

#Transform 37
Transform: AffineTransform_float_3_3
Parameters: 0.999999 -0.000131947 0.000970006 0.000132052 1 -5.38719e-05 -0.000969992 5.4128e-05 0.999999 -0.0104651 0.00115315 0.0159459
FixedParameters: 0 0 0

#Transform 38
Transform: AffineTransform_float_3_3
Parameters: 1 -0.000178171 0.000347912 0.000177829 1 0.000491062 -0.000348087 -0.000490938 1 -0.0180885 -0.0286369 -0.0630921
FixedParameters: 0 0 0

#Transform 39
Transform: AffineTransform_float_3_3
Parameters: 0.999999 -0.000232996 0.000812715 0.000232004 0.999999 0.00122519 -0.000813285 -0.00122581 0.999999 -0.0040194 -0.00484983 0.0212311
FixedParameters: 0 0 0

#Transform 40
Transform: AffineTransform_float_3_3
Parameters: 1 -0.000162713 0.000288162 0.000162287 1 -0.000994954 -0.000287839 0.000995048 1 0.0173089 0.0112547 -0.0782852
FixedParameters: 0 0 0

#Transform 41
Transform: AffineTransform_float_3_3
Parameters: 1 -0.000232825 0.000472595 0.000232175 0.999999 0.00174411 -0.000473406 -0.00174389 0.999999 0.00935032 -0.0310407 -0.0389187
FixedParameters: 0 0 0

#Transform 42
Transform: AffineTransform_float_3_3
Parameters: 1 -0.000231911 0.00034806 0.000232089 1 -0.000256919 -0.00034794 0.000257081 1 -0.00544032 0.0061546 -0.0447724
FixedParameters: 0 0 0

#Transform 43
Transform: AffineTransform_float_3_3
Parameters: 1 -0.000233073 0.000615595 0.000231927 0.999998 0.00174314 -0.000615405 -0.00174286 0.999999 -0.0192311 -0.00846674 0.0103741
FixedParameters: 0 0 0

#Transform 44
Transform: AffineTransform_float_3_3
Parameters: 1 -0.000232727 0.000570704 0.000232272 0.999999 0.00127413 -0.000571296 -0.00127387 0.999999 -0.0171033 -0.00510449 -0.00970939
FixedParameters: 0 0 0

#Transform 45
Transform: AffineTransform_float_3_3
Parameters: 0.999999 -0.000232633 0.000678783 0.000231367 0.999999 0.000933157 -0.000678216 -0.000932842 1 -0.0274292 -0.0157947 -0.0237266
FixedParameters: 0 0 0

#Transform 46
Transform: AffineTransform_float_3_3
Parameters: 0.999999 -0.000158049 0.000740777 0.00015695 0.999999 0.00141612 -0.000741223 -0.00141588 0.999998 -0.0291291 -0.0138248 -0.00746024
FixedParameters: 0 0 0

#Transform 47
Transform: AffineTransform_float_3_3
Parameters: 1 -0.000232299 0.0003478 0.000231701 0.999999 0.00086108 -0.000347199 -0.000860919 0.999999 -0.0085004 0.0102289 -0.0279111
FixedParameters: 0 0 0

#Transform 48
Transform: AffineTransform_float_3_3
Parameters: 1 -0.000232116 0.000347923 0.000231884 1 0.000333081 -0.000348077 -0.000332919 1 -0.00830435 -0.00572369 -0.058521
FixedParameters: 0 0 0

#Transform 49
Transform: AffineTransform_float_3_3
Parameters: 0.999999 -0.000232272 0.000928931 0.000231728 1 0.000293215 -0.000929067 -0.000292784 0.999999 -0.0125507 0.0165229 0.0367396
FixedParameters: 0 0 0

#Transform 50
Transform: AffineTransform_float_3_3
Parameters: 1 0.000253167 0.000421899 -0.000253832 1 -0.000397107 -0.000422101 0.000396893 1 -0.0530253 -0.0207091 -0.139649
FixedParameters: 0 0 0

#Transform 51
Transform: AffineTransform_float_3_3
Parameters: 0.999999 0.000925047 0.00102405 -0.000923953 0.999999 -0.00102295 -0.00102494 0.00102105 0.999999 -0.065413 -0.022821 -0.189707
FixedParameters: 0 0 0

#Transform 52
Transform: AffineTransform_float_3_3
Parameters: 0.999999 0.000558741 0.000557258 -0.000558259 0.999999 -0.00132931 -0.000557742 0.00132869 0.999999 -0.0387853 -0.0274032 -0.194478
FixedParameters: 0 0 0

#Transform 53
Transform: AffineTransform_float_3_3
Parameters: 0.999999 0.00018941 0.000758897 -0.00018959 1 -0.000540144 -0.000759102 0.000539856 0.999999 -0.0345675 -0.00443974 -0.13468
FixedParameters: 0 0 0

#Transform 54
Transform: AffineTransform_float_3_3
Parameters: 1 -0.000545 0.000347999 0.000544999 1 1.18966e-06 -0.000348 -8.1034e-07 1 0.0131463 -0.00678937 -0.0992934
FixedParameters: 0 0 0

#Transform 55
Transform: AffineTransform_float_3_3
Parameters: 0.999999 -0.000225939 0.00083948 0.000224063 0.999998 0.00230819 -0.000839519 -0.00230881 0.999997 -0.0174186 -0.027945 0.0413531
FixedParameters: 0 0 0

#Transform 56
Transform: AffineTransform_float_3_3
Parameters: 0.999999 -0.00027117 0.000819614 0.00027083 0.999999 0.00142622 -0.000820387 -0.00142678 0.999998 -0.00987152 0.00156279 0.031178
FixedParameters: 0 0 0

#Transform 57
Transform: AffineTransform_float_3_3
Parameters: 0.999999 -0.000191222 0.00133854 0.000188776 0.999997 0.00240726 -0.00133946 -0.00240675 0.999996 -0.0243644 -0.0252121 0.0303111
FixedParameters: 0 0 0

#Transform 58
Transform: AffineTransform_float_3_3
Parameters: 0.999999 -0.000178426 0.00131667 0.000175576 0.999999 0.00184223 -0.00131633 -0.00184177 0.999998 -0.0281027 0.0131624 0.0807545
FixedParameters: 0 0 0

#Transform 59
Transform: AffineTransform_float_3_3
Parameters: 0.999999 -0.000234068 0.00101953 0.000231931 0.999998 0.00202824 -0.00102047 -0.00202776 0.999998 -0.0261249 -0.0443956 0.00912945
FixedParameters: 0 0 0

#Transform 60
Transform: AffineTransform_float_3_3
Parameters: 0.999999 7.2531e-05 0.000850126 -7.44686e-05 0.999998 0.00172794 -0.000849872 -0.00172806 0.999998 -0.0314283 0.0288046 0.0857136
FixedParameters: 0 0 0

#Transform 61
Transform: AffineTransform_float_3_3
Parameters: 1 -0.000122294 0.000653759 0.000120705 0.999998 0.00197908 -0.00065424 -0.00197892 0.999998 -0.0248905 -0.0243789 0.0191761
FixedParameters: 0 0 0

#Transform 62
Transform: AffineTransform_float_3_3
Parameters: 1 -0.000122009 0.0012169 0.000120991 0.999999 0.000829147 -0.0012171 -0.000828852 0.999999 -0.0219875 0.00910027 0.0448013
FixedParameters: 0 0 0

#Transform 63
Transform: AffineTransform_float_3_3
Parameters: 0.999999 -0.000122645 0.000838761 0.000120354 0.999998 0.0019611 -0.000839237 -0.0019609 0.999997 -0.00699177 -0.0106506 0.0215149
FixedParameters: 0 0 0

#Transform 64
Transform: AffineTransform_float_3_3
Parameters: 0.999999 -0.000396264 0.000903446 0.000394736 0.999999 0.00139936 -0.000903552 -0.00139864 0.999998 0.0018111 0.017506 0.0654062
FixedParameters: 0 0 0

#Transform 65
Transform: AffineTransform_float_3_3
Parameters: 0.999999 -0.000122763 0.000855749 0.000120236 0.999998 0.0020601 -0.00085625 -0.0020599 0.999998 -0.00501951 -0.0450738 0.0134473
FixedParameters: 0 0 0

#Transform 66
Transform: AffineTransform_float_3_3
Parameters: 0.999999 -0.000122453 0.000907805 0.000120546 0.999998 0.00160111 -0.000908194 -0.00160089 0.999999 -0.00640416 0.0125053 0.0829882
FixedParameters: 0 0 0

#Transform 67
Transform: AffineTransform_float_3_3
Parameters: 0.999999 -0.000122463 0.000700745 0.000120537 0.999998 0.00208708 -0.000701253 -0.00208691 0.999997 -0.000960583 -0.038319 -0.0283952
FixedParameters: 0 0 0

#Transform 68
Transform: AffineTransform_float_3_3
Parameters: 1 -0.000123214 0.000674599 0.000120788 0.999994 0.00328108 -0.0006744 -0.00328092 0.999995 -0.000696035 0.0333391 0.0637748
FixedParameters: 0 0 0

#Transform 69
Transform: AffineTransform_float_3_3
Parameters: 1 -0.000122707 0.000471559 0.000120295 0.999994 0.00361806 -0.000471438 -0.00361795 0.999994 0.000766782 0.0298925 0.0264693
FixedParameters: 0 0 0

#Transform 70
Transform: AffineTransform_float_3_3
Parameters: 1 -0.000640871 0.000804514 0.000639129 0.999997 0.00232252 -0.000806487 -0.00232248 0.999997 0.00640316 0.0350476 0.0671234
FixedParameters: 0 0 0

#Transform 71
Transform: AffineTransform_float_3_3
Parameters: 1 -0.000300351 0.000471141 0.000298649 0.999996 0.00286614 -0.000471858 -0.00286586 0.999996 0.0036167 -0.0429361 0.0102113
FixedParameters: 0 0 0

#Transform 72
Transform: AffineTransform_float_3_3
Parameters: 0.999999 -0.000334642 0.000800315 0.000333357 0.999998 0.00205027 -0.000801685 -0.00205073 0.999997 0.00161053 0.000172156 0.0293157
FixedParameters: 0 0 0

#Transform 73
Transform: AffineTransform_float_3_3
Parameters: 0.999999 -0.000450291 0.000807726 0.00044871 0.999996 0.00283536 -0.000808275 -0.00283464 0.999995 0.00338749 -0.0159373 0.0607064
FixedParameters: 0 0 0

#Transform 74
Transform: AffineTransform_float_3_3
Parameters: 0.999999 -0.000481269 0.000801641 0.00047973 0.999996 0.00282838 -0.00080336 -0.00282861 0.999995 0.00386556 -0.0278681 0.0226208
FixedParameters: 0 0 0

#Transform 75
Transform: AffineTransform_float_3_3
Parameters: 1 -0.000436232 0.000926953 0.000433768 0.999997 0.0024064 -0.000928046 -0.0024056 0.999996 0.00239624 0.00415895 0.105884
FixedParameters: 0 0 0

#Transform 76
Transform: AffineTransform_float_3_3
Parameters: 0.999999 -0.000288066 0.000680128 0.000285934 0.999996 0.0030362 -0.000680871 -0.00303581 0.999995 -0.00480813 -0.0362405 0.02904
FixedParameters: 0 0 0

#Transform 77
Transform: AffineTransform_float_3_3
Parameters: 0.999999 -0.000222083 0.00129247 0.000218918 0.999997 0.00238529 -0.00129253 -0.00238472 0.999997 -0.0073819 0.0153547 0.098985
FixedParameters: 0 0 0

#Transform 78
Transform: AffineTransform_float_3_3
Parameters: 0.999999 -0.000463108 0.00122721 0.000460892 0.999999 0.00171657 -0.00122879 -0.00171643 0.999998 0.000548647 0.0106102 0.0790523
FixedParameters: 0 0 0

#Transform 79
Transform: AffineTransform_float_3_3
Parameters: 0.999999 -0.00050052 0.000831488 0.000498482 0.999996 0.00302742 -0.000832513 -0.00302759 0.999995 0.00399951 -0.0265462 0.08363
FixedParameters: 0 0 0

#Transform 80
Transform: AffineTransform_float_3_3
Parameters: 0.999999 -0.000360919 0.000893227 0.000359081 0.999997 0.00214832 -0.000893773 -0.00214768 0.999998 -0.00543349 0.018363 0.114944
FixedParameters: 0 0 0

#Transform 81
Transform: AffineTransform_float_3_3
Parameters: 1 -0.000330233 0.00104498 0.000326767 0.999995 0.00309234 -0.00104602 -0.00309166 0.999994 -0.00716101 -0.024276 0.0840531
FixedParameters: 0 0 0

#Transform 82
Transform: AffineTransform_float_3_3
Parameters: 1 -0.000369417 0.00095607 0.000367583 0.999996 0.00252735 -0.000956933 -0.00252665 0.999997 0.00113122 0.0482597 0.13668
FixedParameters: 0 0 0

#Transform 83
Transform: AffineTransform_float_3_3
Parameters: 1 -0.000641883 0.000937033 0.000639118 0.999995 0.0030726 -0.000938968 -0.0030724 0.999995 0.00546948 -0.0155406 0.0529555
FixedParameters: 0 0 0

#Transform 84
Transform: AffineTransform_float_3_3
Parameters: 0.999998 -0.000563068 0.00150586 0.000559932 0.999998 0.00203684 -0.00150714 -0.00203615 0.999997 -0.010685 0.0107338 0.0836114
FixedParameters: 0 0 0

#Transform 85
Transform: AffineTransform_float_3_3
Parameters: 0.999999 -0.000608897 0.00137272 0.000606102 0.999997 0.00210983 -0.00137428 -0.00210916 0.999997 0.00177055 -0.00561404 0.0838965
FixedParameters: 0 0 0

#Transform 86
Transform: AffineTransform_float_3_3
Parameters: 0.999999 -0.000288041 0.00080227 0.00028596 0.999996 0.00254223 -0.00080273 -0.00254277 0.999997 0.000960027 -0.00357533 0.0811158
FixedParameters: 0 0 0

#Transform 87
Transform: AffineTransform_float_3_3
Parameters: 1 -0.000439305 0.00104604 0.000437696 0.999998 0.00220246 -0.00104697 -0.00220154 0.999997 0.00154338 0.0139197 0.0351822
FixedParameters: 0 0 0

#Transform 88
Transform: AffineTransform_float_3_3
Parameters: 0.999999 -6.52427e-05 0.00143986 6.17569e-05 0.999998 0.00225209 -0.00144014 -0.00225191 0.999997 -0.0224123 0.0178539 0.0863531
FixedParameters: 0 0 0

#Transform 89
Transform: AffineTransform_float_3_3
Parameters: 0.999999 -0.000339067 0.00135924 0.000335933 0.999998 0.00225646 -0.00135976 -0.00225554 0.999997 -0.00867176 -0.00302554 0.0550881
FixedParameters: 0 0 0

#Transform 90
Transform: AffineTransform_float_3_3
Parameters: 0.999999 -0.000315152 0.00142209 0.000310847 0.999995 0.00291944 -0.00142291 -0.00291855 0.999994 -0.011291 -0.00900871 0.110022
FixedParameters: 0 0 0

#Transform 91
Transform: AffineTransform_float_3_3
Parameters: 1 -0.000500098 0.00100046 0.000496905 0.999995 0.0030935 -0.00100154 -0.0030935 0.999994 -0.010967 -0.00100629 0.107984
FixedParameters: 0 0 0

#Transform 92
Transform: AffineTransform_float_3_3
Parameters: 0.999999 -0.000228976 0.00138235 0.000225024 0.999996 0.00287631 -0.00138265 -0.00287569 0.999995 -0.0198424 0.0567058 0.278435
FixedParameters: 0 0 0

#Transform 93
Transform: AffineTransform_float_3_3
Parameters: 1 -0.000501053 0.00099998 0.000496947 0.999991 0.0040495 -0.00100202 -0.0040485 0.999992 0.00291456 -0.00901391 0.118574
FixedParameters: 0 0 0

#Transform 94
Transform: AffineTransform_float_3_3
Parameters: 0.999999 0.000185718 0.00135573 -0.000191283 0.999993 0.00389674 -0.00135526 -0.00389725 0.999991 -0.0335166 0.067132 0.273492
FixedParameters: 0 0 0

#Transform 95
Transform: AffineTransform_float_3_3
Parameters: 0.999999 -4.30317e-05 0.00100183 3.99675e-05 0.999992 0.00402404 -0.00100217 -0.00402396 0.999992 -0.0188287 -0.0256062 0.109935
FixedParameters: 0 0 0

#Transform 96
Transform: AffineTransform_float_3_3
Parameters: 1 7.19475e-05 0.00121344 -7.90499e-05 0.999983 0.00581291 -0.00121256 -0.00581309 0.999983 -0.0290947 0.0182388 0.382641
FixedParameters: 0 0 0

#Transform 97
Transform: AffineTransform_float_3_3
Parameters: 0.999999 -3.37371e-05 0.00100185 2.82621e-05 0.999989 0.00472803 -0.00100214 -0.00472797 0.999989 -0.0217397 -0.000951346 0.242045
FixedParameters: 0 0 0

#Transform 98
Transform: AffineTransform_float_3_3
Parameters: 0.999999 0.00018409 0.00156083 -0.000190912 0.99999 0.00442871 -0.00156017 -0.00442829 0.999989 -0.0291833 -0.0195733 0.150797
FixedParameters: 0 0 0

#Transform 99
Transform: AffineTransform_float_3_3
Parameters: 0.999998 0.000287967 0.00156949 -0.000296029 0.999987 0.00511954 -0.0015675 -0.00512046 0.999985 -0.0368568 0.0106004 0.275925
FixedParameters: 0 0 0

#Transform 100
Transform: AffineTransform_float_3_3
Parameters: 0.999998 0.000192202 0.00164705 -0.000201797 0.999985 0.00534268 -0.00164595 -0.00534332 0.999985 -0.0394716 -0.0611386 0.162919
FixedParameters: 0 0 0

#Transform 101
Transform: AffineTransform_float_3_3
Parameters: 0.999998 7.83372e-05 0.00226751 -9.26676e-05 0.999982 0.00602681 -0.00226748 -0.00602619 0.99998 -0.0313513 0.0078009 0.370012
FixedParameters: 0 0 0

#Transform 102
Transform: AffineTransform_float_3_3
Parameters: 0.999998 0.000245808 0.00196343 -0.00025719 0.999983 0.0057025 -0.00196157 -0.00570249 0.999982 -0.0321746 -0.0352789 0.226522
FixedParameters: 0 0 0

#Transform 103
Transform: AffineTransform_float_3_3
Parameters: 0.999999 0.000339852 0.00121673 -0.000346149 0.999987 0.00505558 -0.00121526 -0.00505642 0.999986 -0.0239875 -0.0281307 0.195587
FixedParameters: 0 0 0

#Transform 104
Transform: AffineTransform_float_3_3
Parameters: 0.999999 0.000145002 0.00138475 -0.000151999 0.999987 0.0050548 -0.00138425 -0.00505521 0.999987 -0.0250634 -0.000336323 0.223938
FixedParameters: 0 0 0

#Transform 105
Transform: AffineTransform_float_3_3
Parameters: 0.999999 0.000302682 0.00178326 -0.000310316 0.999991 0.00410445 -0.00178174 -0.00410554 0.99999 -0.0291799 -0.0253088 0.170104
FixedParameters: 0 0 0

#Transform 106
Transform: AffineTransform_float_3_3
Parameters: 0.999998 8.56396e-05 0.00158036 -9.23587e-05 0.999992 0.00402486 -0.00157964 -0.00402514 0.99999 -0.0206606 -0.0110518 0.245846
FixedParameters: 0 0 0

#Transform 107
Transform: AffineTransform_float_3_3
Parameters: 1 8.64076e-05 0.00121541 -9.25951e-05 0.99999 0.00460189 -0.00121559 -0.00460211 0.999988 -0.016679 -0.0360059 0.156558
FixedParameters: 0 0 0

#Transform 108
Transform: AffineTransform_float_3_3
Parameters: 0.999999 -0.000322567 0.0013412 0.000315434 0.999984 0.00563843 -0.0013428 -0.00563757 0.999983 -0.00235393 -0.00213093 0.287838
FixedParameters: 0 0 0

#Transform 109
Transform: AffineTransform_float_3_3
Parameters: 0.999999 0.000320942 0.00145135 -0.000327056 0.999991 0.00417553 -0.00144965 -0.00417647 0.99999 -0.0386909 -0.0576102 0.19144
FixedParameters: 0 0 0

#Transform 110
Transform: AffineTransform_float_3_3
Parameters: 0.999999 9.6594e-05 0.00154341 -0.000102404 0.999992 0.00415085 -0.00154259 -0.00415116 0.99999 -0.0322459 -0.0257796 0.168696
FixedParameters: 0 0 0

#Transform 111
Transform: AffineTransform_float_3_3
Parameters: 0.999998 0.000257456 0.00156909 -0.000263543 0.999992 0.00417159 -0.00156791 -0.00417241 0.99999 -0.0277543 -0.0559397 0.166226
FixedParameters: 0 0 0

#Transform 112
Transform: AffineTransform_float_3_3
Parameters: 0.999999 -3.51789e-05 0.00132785 2.88251e-05 0.999989 0.00465304 -0.00132715 -0.00465296 0.999989 -0.0410923 -0.0544582 0.156322
FixedParameters: 0 0 0

#Transform 113
Transform: AffineTransform_float_3_3
Parameters: 1 -0.00015562 0.00121429 0.000149377 0.99999 0.00462718 -0.0012157 -0.00462681 0.999988 -0.0220821 -0.0489798 0.133863
FixedParameters: 0 0 0

#Transform 114
Transform: AffineTransform_float_3_3
Parameters: 0.999999 -0.000386553 0.00119923 0.000381448 0.999989 0.00462746 -0.00120078 -0.00462654 0.999989 -0.016998 -0.0239572 0.211984
FixedParameters: 0 0 0

#Transform 115
Transform: AffineTransform_float_3_3
Parameters: 0.999999 -0.000157136 0.00151027 0.000149865 0.999989 0.00472423 -0.00151072 -0.00472377 0.999987 -0.0274558 -0.0625954 0.158946
FixedParameters: 0 0 0

#Transform 116
Transform: AffineTransform_float_3_3
Parameters: 0.999999 0.000180808 0.00153099 -0.000189191 0.999985 0.00535171 -0.00153001 -0.00535228 0.999984 -0.0379794 -0.0174157 0.257177
FixedParameters: 0 0 0

#Transform 117
Transform: AffineTransform_float_3_3
Parameters: 0.999999 0.000480087 0.0014217 -0.000487916 0.999985 0.00557132 -0.0014193 -0.00557169 0.999984 -0.044809 -0.0550086 0.205704
FixedParameters: 0 0 0

#Transform 118
Transform: AffineTransform_float_3_3
Parameters: 0.999999 7.06048e-06 0.00151606 -1.49392e-05 0.999987 0.00523699 -0.00151594 -0.00523702 0.999985 -0.0374678 -0.0444267 0.218186
FixedParameters: 0 0 0

#Transform 119
Transform: AffineTransform_float_3_3
Parameters: 1 -0.000155461 0.00108523 0.000149541 0.999988 0.00503017 -0.00108577 -0.00502983 0.999987 -0.0256272 -0.0494099 0.187439
FixedParameters: 0 0 0

#Transform 120
Transform: AffineTransform_float_3_3
Parameters: 0.999999 0.000841321 0.00153857 -0.000845677 0.999995 0.0030427 -0.00153543 -0.0030443 0.999994 -0.0692331 -0.030852 0.0471407
FixedParameters: 0 0 0

#Transform 121
Transform: AffineTransform_float_3_3
Parameters: 0.999999 0.000631186 0.00139473 -0.000634815 0.999996 0.00273612 -0.00139327 -0.00273688 0.999996 -0.0550983 -0.0279013 0.118532
FixedParameters: 0 0 0

#Transform 122
Transform: AffineTransform_float_3_3
Parameters: 0.999999 2.16634e-05 0.00130104 -2.43366e-05 0.999999 0.00179597 -0.00130096 -0.00179603 0.999997 -0.0332649 -0.0591435 -0.00652481
FixedParameters: 0 0 0

#Transform 123
Transform: AffineTransform_float_3_3
Parameters: 1 8.17569e-05 0.0010491 -8.32441e-05 1 0.00118591 -0.0010489 -0.00118509 0.999998 -0.0322414 -0.00906555 0.0850039
FixedParameters: 0 0 0

#Transform 124
Transform: AffineTransform_float_3_3
Parameters: 0.999999 2.17771e-05 0.00104905 -2.42228e-05 0.999998 0.00211898 -0.00104895 -0.00211902 0.999997 -0.00965224 -0.0337277 -0.00445434
FixedParameters: 0 0 0

#Transform 125
Transform: AffineTransform_float_3_3
Parameters: 1 2.26646e-05 0.00104903 -2.43354e-05 0.999999 0.00127297 -0.00104897 -0.00127302 0.999998 -0.00946422 0.0117617 0.0841433
FixedParameters: 0 0 0

#Transform 126
Transform: AffineTransform_float_3_3
Parameters: 1 2.15096e-05 0.00104905 -2.44903e-05 0.999997 0.00237398 -0.00104894 -0.00237402 0.999996 -0.0212455 -0.0447403 0.0241692
FixedParameters: 0 0 0

#Transform 127
Transform: AffineTransform_float_3_3
Parameters: 0.999999 2.16852e-05 0.00137704 -2.43147e-05 0.999998 0.00168097 -0.00137696 -0.00168103 0.999997 -0.015783 0.0204606 0.119366
FixedParameters: 0 0 0

#Transform 128
Transform: AffineTransform_float_3_3
Parameters: 1 2.21212e-05 0.00104904 -2.38787e-05 0.999999 0.00179098 -0.00104896 -0.00179102 0.999998 -0.00950043 -0.0411792 0.0479778
FixedParameters: 0 0 0

#Transform 129
Transform: AffineTransform_float_3_3
Parameters: 0.999999 0.000113878 0.00154516 -0.000116121 0.999999 0.00137282 -0.00154484 -0.00137318 0.999998 -0.0196448 0.0418375 0.14075
FixedParameters: 0 0 0

#Transform 130
Transform: AffineTransform_float_3_3
Parameters: 0.999999 2.05982e-05 0.00155905 -2.44016e-05 0.999997 0.00218196 -0.00155895 -0.00218203 0.999997 -0.0241679 -0.016193 0.0963476
FixedParameters: 0 0 0

#Transform 131
Transform: AffineTransform_float_3_3
Parameters: 0.999998 0.000517423 0.00187771 -0.000520576 0.999999 0.00137203 -0.00187629 -0.00137297 0.999998 -0.0436906 0.0331472 0.12786
FixedParameters: 0 0 0

#Transform 132
Transform: AffineTransform_float_3_3
Parameters: 0.999998 2.10241e-05 0.00165604 -2.39758e-05 0.999999 0.00179696 -0.00165596 -0.00179704 0.999997 -0.0372657 -0.0273234 0.0426993
FixedParameters: 0 0 0

#Transform 133
Transform: AffineTransform_float_3_3
Parameters: 0.999999 2.22528e-05 0.00124003 -2.47471e-05 0.999999 0.00140897 -0.00123997 -0.00140903 0.999998 -0.0435462 0.0279489 0.1409
FixedParameters: 0 0 0

#Transform 134
Transform: AffineTransform_float_3_3
Parameters: 0.999999 2.19341e-05 0.00124004 -2.40658e-05 0.999998 0.00166597 -0.00123996 -0.00166603 0.999998 -0.0463832 -0.0115147 0.00616579
FixedParameters: 0 0 0

#Transform 135
Transform: AffineTransform_float_3_3
Parameters: 0.999999 -0.000237287 0.00147563 0.000235712 0.999999 0.00155035 -0.00147637 -0.00154965 0.999997 -0.0338414 0.0393317 0.146694
FixedParameters: 0 0 0

#Transform 136
Transform: AffineTransform_float_3_3
Parameters: 0.999999 0.000284697 0.00124053 -0.000287302 0.999998 0.00185664 -0.00123947 -0.00185735 0.999997 -0.0487636 -0.0142016 0.065887
FixedParameters: 0 0 0

#Transform 137
Transform: AffineTransform_float_3_3
Parameters: 0.999998 0.00147855 0.00171811 -0.00148145 0.999998 0.00142446 -0.00171589 -0.00142754 0.999998 -0.0921576 0.0663 0.178781
FixedParameters: 0 0 0

#Transform 138
Transform: AffineTransform_float_3_3
Parameters: 0.999999 0.000342589 0.0013786 -0.000345413 0.999999 0.00174953 -0.0013784 -0.00174948 0.999998 -0.04185 -0.033353 0.0423901
FixedParameters: 0 0 0

#Transform 139
Transform: AffineTransform_float_3_3
Parameters: 0.999998 0.000343239 0.00164537 -0.000345761 1 0.00107043 -0.00164463 -0.00107057 0.999998 -0.0448524 -0.00200266 0.111189
FixedParameters: 0 0 0

#Transform 140
Transform: AffineTransform_float_3_3
Parameters: 0.999999 8.89073e-05 0.00149119 -9.20941e-05 0.999998 0.00207386 -0.00149181 -0.00207413 0.999996 -0.0440291 -0.0263577 0.0454905
FixedParameters: 0 0 0

#Transform 141
Transform: AffineTransform_float_3_3
Parameters: 0.999998 9.66624e-05 0.00165314 -9.83371e-05 0.999999 0.00141384 -0.00165286 -0.00141416 0.999997 -0.0431099 0.018635 0.118531
FixedParameters: 0 0 0

#Transform 142
Transform: AffineTransform_float_3_3
Parameters: 0.999999 -8.51687e-05 0.00129086 8.28309e-05 0.999998 0.00168011 -0.00129114 -0.00167989 0.999998 -0.0334958 -0.0172982 0.0301663
FixedParameters: 0 0 0

#Transform 143
Transform: AffineTransform_float_3_3
Parameters: 0.999999 -8.44315e-05 0.00143592 8.25691e-05 0.999999 0.000997119 -0.00143508 -0.000996879 0.999998 -0.0356488 0.0626272 0.123538
FixedParameters: 0 0 0

#Transform 144
Transform: AffineTransform_float_3_3
Parameters: 0.999999 0.00010491 0.00148222 -0.000108093 0.999998 0.00208584 -0.00148278 -0.00208516 0.999996 -0.0390726 -0.0182303 0.0621916
FixedParameters: 0 0 0

#Transform 145
Transform: AffineTransform_float_3_3
Parameters: 0.999999 0.000345958 0.00180539 -0.000348043 1 0.00113137 -0.00180461 -0.00113163 0.999997 -0.0450942 0.0605799 0.123563
FixedParameters: 0 0 0

#Transform 146
Transform: AffineTransform_float_3_3
Parameters: 0.999999 -8.53873e-05 0.00135485 8.26123e-05 0.999999 0.00176211 -0.00135515 -0.00176189 0.999997 -0.035226 -0.0172127 0.0505063
FixedParameters: 0 0 0

#Transform 147
Transform: AffineTransform_float_3_3
Parameters: 0.999997 0.000805401 0.00203263 -0.0008066 1 0.000786362 -0.00203236 -0.000787639 0.999997 -0.0618443 0.0466792 0.125521
FixedParameters: 0 0 0

#Transform 148
Transform: AffineTransform_float_3_3
Parameters: 0.999999 0.000422368 0.00151774 -0.000425633 0.999999 0.00173436 -0.00151726 -0.00173464 0.999998 -0.0444915 -0.0124024 0.0505971
FixedParameters: 0 0 0

#Transform 149
Transform: AffineTransform_float_3_3
Parameters: 0.999999 0.000431634 0.00174959 -0.000433367 0.999999 0.00135224 -0.00174942 -0.00135276 0.999997 -0.0550949 0.0265002 0.0899793
FixedParameters: 0 0 0

#Transform 150
Transform: AffineTransform_float_3_3
Parameters: 0.999998 0.000514591 0.00161673 -0.00051941 0.999995 0.00334717 -0.00161527 -0.00334784 0.999993 -0.0684979 -0.0150062 0.0991856
FixedParameters: 0 0 0

#Transform 151
Transform: AffineTransform_float_3_3
Parameters: 0.999996 0.00210609 0.00147417 -0.00210991 0.999996 0.0019759 -0.00147083 -0.0019791 0.999997 -0.193527 0.0139952 0.199257
FixedParameters: 0 0 0

#Transform 152
Transform: AffineTransform_float_3_3
Parameters: 0.999998 0.00189688 0.00137869 -0.00190012 0.999993 0.00299539 -0.00137331 -0.00299761 0.999994 -0.148289 -0.0101534 0.110821
FixedParameters: 0 0 0

#Transform 153
Transform: AffineTransform_float_3_3
Parameters: 0.999997 0.00124028 0.00172396 -0.00124372 0.999998 0.00157786 -0.00172204 -0.00158014 0.999998 -0.112258 0.0188602 0.149778
FixedParameters: 0 0 0

#Transform 154
Transform: AffineTransform_float_3_3
Parameters: 0.999998 0.00123924 0.0015071 -0.00124376 0.999996 0.00249613 -0.0015039 -0.00249787 0.999995 -0.0980894 -0.0249618 0.103097
FixedParameters: 0 0 0

#Transform 155
Transform: AffineTransform_float_3_3
Parameters: 0.999998 0.00103863 0.00178896 -0.00104137 0.999997 0.00188314 -0.00178704 -0.00188586 0.999996 -0.0854229 0.0168573 0.104803
FixedParameters: 0 0 0

#Transform 156
Transform: AffineTransform_float_3_3
Parameters: 0.999997 0.000772851 0.00241901 -0.000776149 0.999999 0.00130113 -0.00241799 -0.00130287 0.999996 -0.0935493 0.02719 0.0478618
FixedParameters: 0 0 0

#Transform 157
Transform: AffineTransform_float_3_3
Parameters: 0.999997 0.00124543 0.00185838 -0.00124357 0.999999 -0.00130632 -0.00185962 0.00130369 0.999998 -0.105767 -0.00764174 -0.0826471
FixedParameters: 0 0 0

#Transform 158
Transform: AffineTransform_float_3_3
Parameters: 0.999999 0.000723735 0.00171285 -0.000721266 0.999998 -0.00159624 -0.00171415 0.00159576 0.999998 -0.0802987 0.035014 -0.0375715
FixedParameters: 0 0 0

#Transform 159
Transform: AffineTransform_float_3_3
Parameters: 0.999999 0.000713552 0.0013287 -0.000713448 0.999999 -0.000415948 -0.0013283 0.000415053 0.999999 -0.077464 -0.00845035 -0.0808036
FixedParameters: 0 0 0

#Transform 160
Transform: AffineTransform_float_3_3
Parameters: 0.999998 0.000658743 0.00187434 -0.000654257 0.999996 -0.00253023 -0.00187566 0.00252877 0.999995 -0.0804162 0.0829056 0.0225483
FixedParameters: 0 0 0

#Transform 161
Transform: AffineTransform_float_3_3
Parameters: 0.999999 0.000156637 0.00132904 -0.000156363 1 0.000272792 -0.00132896 -0.000273208 0.999999 -0.0435446 0.00604098 0.0493369
FixedParameters: 0 0 0

#Transform 162
Transform: AffineTransform_float_3_3
Parameters: 0.999999 0.00015687 0.00132902 -0.00015713 1 9.77913e-05 -0.00132898 -9.82086e-05 0.999999 -0.0705534 0.0872498 0.185174
FixedParameters: 0 0 0

#Transform 163
Transform: AffineTransform_float_3_3
Parameters: 0.999996 0.000878146 0.00241095 -0.000877852 0.999999 -6.21166e-05 -0.00241105 5.98829e-05 0.999997 -0.119831 0.0664001 0.318678
FixedParameters: 0 0 0

#Transform 164
Transform: AffineTransform_float_3_3
Parameters: 0.999997 0.000205452 0.00239048 -0.000211549 0.999998 0.0023215 -0.00238952 -0.0023215 0.999995 -0.0629203 0.0206042 0.691079
FixedParameters: 0 0 0

#Transform 165
Transform: AffineTransform_float_3_3
Parameters: 0.999998 0.000203075 0.0020618 -0.000210926 0.999992 0.00384457 -0.00206121 -0.00384443 0.999991 -0.0609243 0.0366998 0.556831
FixedParameters: 0 0 0

#Transform 166
Transform: AffineTransform_float_3_3
Parameters: 0.999999 -0.000158322 0.00151345 0.000152681 0.999994 0.00351523 -0.00151355 -0.00351576 0.999992 -0.0394425 0.0159868 0.347582
FixedParameters: 0 0 0

#Transform 167
Transform: AffineTransform_float_3_3
Parameters: 0.999997 -3.94859e-05 0.00216989 3.35136e-05 0.999995 0.00298908 -0.00217011 -0.00298892 0.999993 -0.0426909 0.0273056 0.20266
FixedParameters: 0 0 0

#Transform 168
Transform: AffineTransform_float_3_3
Parameters: 0.999998 -1.68828e-06 0.002063 -5.68825e-06 0.999994 0.00324199 -0.00206299 -0.003242 0.999992 -0.0447433 0.0172688 0.222129
FixedParameters: 0 0 0

#Transform 169
Transform: AffineTransform_float_3_3
Parameters: 0.999999 -0.000257654 0.00177419 0.000251343 0.999995 0.00318645 -0.00177581 -0.00318555 0.999994 -0.0291201 0.0182339 0.218268
FixedParameters: 0 0 0

#Transform 170
Transform: AffineTransform_float_3_3
Parameters: 0.999998 5.26548e-05 0.00169317 -5.73444e-05 0.999995 0.00315691 -0.00169283 -0.00315709 0.999993 -0.0384854 0.0634774 0.33278
FixedParameters: 0 0 0

#Transform 171
Transform: AffineTransform_float_3_3
Parameters: 0.999998 1.58504e-05 0.00187607 -2.31493e-05 0.999992 0.00381096 -0.00187593 -0.00381104 0.999991 -0.0412674 -0.0065741 0.250969
FixedParameters: 0 0 0

#Transform 172
Transform: AffineTransform_float_3_3
Parameters: 0.999998 0.000251471 0.00190874 -0.000257529 0.999996 0.00289651 -0.00190826 -0.00289748 0.999994 -0.0493266 0.0520235 0.332631
FixedParameters: 0 0 0

#Transform 173
Transform: AffineTransform_float_3_3
Parameters: 0.999998 -0.000259217 0.00188102 0.000251782 0.999992 0.00383648 -0.00188198 -0.00383552 0.999991 -0.0316034 0.000679273 0.226913
FixedParameters: 0 0 0

#Transform 174
Transform: AffineTransform_float_3_3
Parameters: 0.999999 -0.000257182 0.00151313 0.000251818 0.999994 0.00342439 -0.00151387 -0.00342362 0.999993 -0.0195566 0.0641946 0.292219
FixedParameters: 0 0 0

#Transform 175
Transform: AffineTransform_float_3_3
Parameters: 0.999999 -0.000257704 0.0018202 0.000251298 0.999995 0.00313246 -0.0018208 -0.00313254 0.999994 -0.0192694 -0.0142347 0.211358
FixedParameters: 0 0 0

#Transform 176
Transform: AffineTransform_float_3_3
Parameters: 0.999998 -0.000193253 0.00203742 0.000186744 0.999996 0.00306939 -0.00203858 -0.00306861 0.999993 -0.0299848 0.0406513 0.251958
FixedParameters: 0 0 0

#Transform 177
Transform: AffineTransform_float_3_3
Parameters: 0.999996 -0.000786923 0.00297187 0.000775078 0.999991 0.00401032 -0.00297513 -0.00400867 0.999987 -0.00179599 0.0574657 0.268048
FixedParameters: 0 0 0

#Transform 178
Transform: AffineTransform_float_3_3
Parameters: 0.999998 -0.000258801 0.00210417 0.000251198 0.999994 0.00323253 -0.00210482 -0.00323146 0.999992 -0.0773442 0.0586344 0.196505
FixedParameters: 0 0 0

#Transform 179
Transform: AffineTransform_float_3_3
Parameters: 0.999999 0.000135472 0.00157231 -0.000139527 0.999997 0.00224378 -0.00157169 -0.00224422 0.999996 -0.0592618 0.0499487 0.178284
FixedParameters: 0 0 0

#Transform 180
Transform: AffineTransform_float_3_3
Parameters: 0.999999 0.000263701 0.00154291 -0.000268298 0.999994 0.00343459 -0.00154209 -0.00343541 0.999993 -0.0391571 0.0533575 0.170017
FixedParameters: 0 0 0

#Transform 181
Transform: AffineTransform_float_3_3
Parameters: 0.999999 1.8329e-05 0.00179807 -2.36708e-05 0.999995 0.00315396 -0.00179794 -0.00315404 0.999994 -0.0489288 0.0350399 0.19787
FixedParameters: 0 0 0

#Transform 182
Transform: AffineTransform_float_3_3
Parameters: 0.999997 -0.000258819 0.00219521 0.00025118 0.999995 0.00310656 -0.00219579 -0.00310544 0.999993 -0.0369234 0.0430979 0.19209
FixedParameters: 0 0 0

#Transform 183
Transform: AffineTransform_float_3_3
Parameters: 0.999997 -0.000257989 0.0021953 0.00025201 0.999996 0.00272856 -0.00219569 -0.00272744 0.999994 -0.0475392 0.0203002 0.221008
FixedParameters: 0 0 0

#Transform 184
Transform: AffineTransform_float_3_3
Parameters: 0.999997 -0.000257857 0.00219532 0.000251144 0.999997 0.00266756 -0.00219568 -0.00266744 0.999994 -0.0476878 0.0371886 0.150263
FixedParameters: 0 0 0

#Transform 185
Transform: AffineTransform_float_3_3
Parameters: 0.999999 2.4203e-05 0.00185209 -2.97966e-05 0.999995 0.00312995 -0.00185192 -0.00313005 0.999994 -0.0493661 0.0444282 0.231179
FixedParameters: 0 0 0

#Transform 186
Transform: AffineTransform_float_3_3
Parameters: 0.999995 0.00153894 0.00297504 -0.00156206 0.999968 0.00776339 -0.00296296 -0.0077686 0.999965 -0.126959 -0.00992837 0.318927
FixedParameters: 0 0 0

#Transform 187
Transform: AffineTransform_float_3_3
Parameters: 0.999995 0.0016638 0.00261339 -0.00167921 0.99998 0.00621065 -0.00260362 -0.00621437 0.999978 -0.11253 0.0453738 0.384764
FixedParameters: 0 0 0

#Transform 188
Transform: AffineTransform_float_3_3
