#Insight Transform File V1.0
#Transform 0
Transform: AffineTransform_float_3_3
Parameters: 0.999994 0.00222099 0.00263161 -0.00221102 0.999991 -0.00379084 -0.0026404 0.00378516 0.99999 -0.262232 0.179239 0.511543
FixedParameters: 0 0 0

#Transform 1
Transform: AffineTransform_float_3_3
Parameters: 0.999994 0.00210883 0.00276678 -0.00209817 0.99999 -0.00391283 -0.00277523 0.00390717 0.999989 -0.304626 0.247739 0.31604
FixedParameters: 0 0 0

#Transform 2
Transform: AffineTransform_float_3_3
Parameters: 0.999994 0.00218872 0.00276734 -0.00217828 0.999992 -0.00351205 -0.00277466 0.00350595 0.99999 -0.296313 0.13296 0.320375
FixedParameters: 0 0 0

#Transform 3
Transform: AffineTransform_float_3_3
Parameters: 0.999996 0.00180937 0.00218993 -0.00180162 0.999992 -0.00336496 -0.00219607 0.00336104 0.999992 -0.266039 0.187698 0.171353
FixedParameters: 0 0 0

#Transform 4
Transform: AffineTransform_float_3_3
Parameters: 0.999996 0.00173824 0.00219106 -0.00173176 0.999995 -0.00284781 -0.00219594 0.00284419 0.999993 -0.237541 0.131068 0.233686
FixedParameters: 0 0 0

#Transform 5
Transform: AffineTransform_float_3_3
Parameters: 0.999997 0.00170304 0.00164778 -0.00169697 0.999992 -0.00365781 -0.00165321 0.00365419 0.999992 -0.214666 0.189204 0.13411
FixedParameters: 0 0 0

#Transform 6
Transform: AffineTransform_float_3_3
Parameters: 0.999997 0.00155292 0.00218899 -0.00154308 0.999988 -0.00452839 -0.00219601 0.00452461 0.999988 -0.243964 0.274191 0.0642222
FixedParameters: 0 0 0

#Transform 7
Transform: AffineTransform_float_3_3
Parameters: 0.999998 0.0015622 0.00133795 -0.0015568 0.999992 -0.00387809 -0.00134405 0.00387591 0.999991 -0.198292 0.1796 0.0850136
FixedParameters: 0 0 0

#Transform 8
Transform: AffineTransform_float_3_3
Parameters: 0.999998 0.00129355 0.00098033 -0.00129045 0.999993 -0.00361527 -0.000984672 0.00361473 0.999993 -0.170763 0.258377 -0.0464165
FixedParameters: 0 0 0

#Transform 9
Transform: AffineTransform_float_3_3
Parameters: 1 0.00109231 0.000137561 -0.00109269 0.999997 -0.00223315 -0.00013944 0.00223285 0.999997 -0.0823784 0.100658 0.0439537
FixedParameters: 0 0 0

#Transform 10
Transform: AffineTransform_float_3_3
Parameters: 1 0.00113689 -5.04615e-05 -0.00113711 0.999997 -0.00216494 4.75382e-05 0.00216505 0.999997 -0.0715908 0.170911 -0.185037
FixedParameters: 0 0 0

#Transform 11
Transform: AffineTransform_float_3_3
Parameters: 0.999999 0.00138749 -0.000280513 -0.00138851 0.999998 -0.00181061 0.000278486 0.00181139 0.999999 -0.0674368 0.0828395 -0.109104
FixedParameters: 0 0 0

#Transform 12
Transform: AffineTransform_float_3_3
Parameters: 0.999998 0.00141125 -0.00127683 -0.00141175 0.999999 -0.000584198 0.00127617 0.000585802 0.999999 -0.0212199 0.022355 -0.199866
FixedParameters: 0 0 0

#Transform 13
Transform: AffineTransform_float_3_3
Parameters: 0.999999 0.00109967 -0.00139883 -0.00110233 0.999998 -0.00166446 0.00139617 0.00166654 0.999997 -0.0277879 0.12483 -0.445289
FixedParameters: 0 0 0

#Transform 14
Transform: AffineTransform_float_3_3
Parameters: 0.999999 0.000693489 -0.00134275 -0.00069251 0.999999 0.00036493 0.00134325 -0.000364069 0.999999 0.0434995 -0.0671036 -0.196559
FixedParameters: 0 0 0

#Transform 15
Transform: AffineTransform_float_3_3
Parameters: 0.999999 0.000242953 -0.00134283 -0.000242047 0.999999 0.000709325 0.00134317 -0.000709674 0.999999 0.0772523 -0.0334249 -0.38118
FixedParameters: 0 0 0

#Transform 16
Transform: AffineTransform_float_3_3
Parameters: 1 -0.000663025 -0.000971301 0.000661974 0.999999 -0.00105564 0.000972699 0.00105436 0.999999 0.135183 0.0520745 -0.417192
FixedParameters: 0 0 0

#Transform 17
Transform: AffineTransform_float_3_3
Parameters: 0.999999 -0.00123833 -0.000879532 0.00123767 0.999999 -0.000378089 0.000880467 0.00037691 0.999999 0.203798 -0.0119356 -0.215347
FixedParameters: 0 0 0

#Transform 18
Transform: AffineTransform_float_3_3
Parameters: 0.999999 -0.000109774 -0.000779891 0.000109225 0.999999 -0.000993085 0.000780109 0.000992914 0.999999 0.0619211 0.106177 -0.14842
FixedParameters: 0 0 0

#Transform 19
Transform: AffineTransform_float_3_3
Parameters: 1 0.000277078 7.87249e-05 -0.000276922 1 -0.000993022 -7.9275e-05 0.000992978 0.999999 -0.0166089 0.122714 -0.0495031
FixedParameters: 0 0 0

#Transform 20
Transform: AffineTransform_float_3_3
Parameters: 1 -4.00751e-05 -0.00015198 3.99249e-05 1 -0.000494006 0.00015202 0.000493994 1 0.0107633 0.0226808 0.0138984
FixedParameters: 0 0 0

#Transform 21
Transform: AffineTransform_float_3_3
Parameters: 0.999999 0.000338344 0.000650821 -0.000338657 1 -0.00052822 -0.000650179 0.00052878 0.999999 -0.0512585 0.129588 -0.0216331
FixedParameters: 0 0 0

#Transform 22
Transform: AffineTransform_float_3_3
Parameters: 0.999999 0.000463774 0.000596175 -0.000463226 1 0.000378724 -0.000595825 -0.000378276 1 -0.0628388 -0.0112567 0.0126571
FixedParameters: 0 0 0

#Transform 23
Transform: AffineTransform_float_3_3
Parameters: 1 0.000337945 0.000470039 -0.000338055 1 0.000116841 -0.000469961 -0.000116159 1 -0.0689122 0.0958142 -0.0415036
FixedParameters: 0 0 0

#Transform 24
Transform: AffineTransform_float_3_3
Parameters: 0.999999 0.00033727 0.000751328 -0.00033873 0.999999 0.000971746 -0.000751671 -0.000971254 0.999999 -0.0855467 -0.0154637 0.0250454
FixedParameters: 0 0 0

#Transform 25
Transform: AffineTransform_float_3_3
Parameters: 1 0.000337829 0.000291198 -0.000338171 1 0.000586901 -0.000290802 -0.000586098 1 -0.0640873 0.0292675 -0.0262046
FixedParameters: 0 0 0

#Transform 26
Transform: AffineTransform_float_3_3
Parameters: 1 0.0003372 0.000531508 -0.000338799 0.999999 0.00150482 -0.00053049 -0.00150518 0.999998 -0.0752679 -0.0364645 0.0510422
FixedParameters: 0 0 0

#Transform 27
Transform: AffineTransform_float_3_3
Parameters: 1 0.000337723 0.000291322 -0.000338278 1 0.000953902 -0.000290678 -0.000953099 1 -0.0641139 -0.0197005 -0.0609619
FixedParameters: 0 0 0

#Transform 28
Transform: AffineTransform_float_3_3
Parameters: 0.999999 0.000337443 0.000761248 -0.000338557 0.999999 0.000732743 -0.000760752 -0.000732257 1 -0.0860558 0.0219849 -0.0607384
FixedParameters: 0 0 0

#Transform 29
Transform: AffineTransform_float_3_3
Parameters: 1 0.000337418 0.000291674 -0.000338582 0.999998 0.0019969 -0.000291324 -0.0019971 0.999998 -0.0641119 -0.0726899 0.00753572
FixedParameters: 0 0 0

#Transform 30
Transform: AffineTransform_float_3_3
Parameters: 1 0.000474783 0.000291353 -0.000475216 0.999999 0.000743861 -0.000290646 -0.000744138 0.999999 -0.0662029 0.0534204 -0.0899166
FixedParameters: 0 0 0

#Transform 31
Transform: AffineTransform_float_3_3
Parameters: 1 0.000337439 0.00029165 -0.000338561 0.999998 0.0019249 -0.000291349 -0.0019251 0.999998 -0.049392 -0.0548145 0.0208968
FixedParameters: 0 0 0

#Transform 32
Transform: AffineTransform_float_3_3
Parameters: 1 0.000337712 0.000291335 -0.000338288 1 0.000989902 -0.000290665 -0.000990099 1 -0.0472538 0.041025 -0.12412
FixedParameters: 0 0 0

#Transform 33
Transform: AffineTransform_float_3_3
Parameters: 1 0.00121603 -0.00013273 -0.00121597 0.999999 0.000222162 0.000133271 -0.000222838 1 -0.112289 0.0625562 -0.109011
FixedParameters: 0 0 0

#Transform 34
Transform: AffineTransform_float_3_3
Parameters: 0.999998 0.00188969 -0.000761764 -0.00189031 0.999998 -0.000403561 0.000760235 0.000405437 0.999999 -0.155347 0.10536 -0.170476
FixedParameters: 0 0 0

#Transform 35
Transform: AffineTransform_float_3_3
Parameters: 0.999996 0.00246125 -0.000848164 -0.00246274 0.999996 -0.000877914 0.000845835 0.000880085 1 -0.232366 0.202599 -0.278196
FixedParameters: 0 0 0

#Transform 36
Transform: AffineTransform_float_3_3
Parameters: 0.999997 0.00250058 -0.000918146 -0.00250142 0.999997 -0.000456705 0.000917855 0.000459297 1 -0.239498 0.104856 -0.136309
FixedParameters: 0 0 0

#Transform 37
Transform: AffineTransform_float_3_3
Parameters: 0.999996 0.00266625 -0.000918186 -0.00266675 0.999996 -0.000818555 0.000915813 0.000821445 0.999999 -0.249552 0.16014 -0.230136
FixedParameters: 0 0 0

#Transform 38
Transform: AffineTransform_float_3_3
Parameters: 0.999996 0.00274743 -0.000949634 -0.00274756 0.999996 -0.000593394 0.000947365 0.000596606 1 -0.250025 0.156272 -0.132971
FixedParameters: 0 0 0

#Transform 39
Transform: AffineTransform_float_3_3
Parameters: 0.999995 0.00279914 -0.00149162 -0.00279986 0.999996 -0.000576826 0.00149038 0.000580174 0.999998 -0.226839 0.149666 -0.217746
FixedParameters: 0 0 0

#Transform 40
Transform: AffineTransform_float_3_3
Parameters: 0.999995 0.00257719 -0.00144381 -0.00258081 0.999993 -0.00264029 0.00143719 0.00264372 0.999996 -0.245576 0.30261 -0.382343
FixedParameters: 0 0 0

#Transform 41
Transform: AffineTransform_float_3_3
Parameters: 0.999995 0.00233387 -0.00235511 -0.00233714 0.999997 -0.0013295 0.00235189 0.0013345 0.999997 -0.171685 0.14772 -0.236062
FixedParameters: 0 0 0

#Transform 42
Transform: AffineTransform_float_3_3
Parameters: 0.999995 0.00204241 -0.00247645 -0.00204859 0.999995 -0.00266194 0.00247155 0.00266706 0.999994 -0.169324 0.314863 -0.503463
FixedParameters: 0 0 0

#Transform 43
Transform: AffineTransform_float_3_3
Parameters: 0.999997 0.00158742 -0.00179229 -0.00159058 0.999997 -0.00143815 0.00179071 0.00144085 0.999998 -0.124971 0.128386 -0.270171
FixedParameters: 0 0 0

#Transform 44
Transform: AffineTransform_float_3_3
Parameters: 0.999995 0.00178718 -0.00281879 -0.00179083 0.999998 -0.000999957 0.00281721 0.00100504 0.999995 -0.0652304 0.127918 -0.328788
FixedParameters: 0 0 0

#Transform 45
Transform: AffineTransform_float_3_3
Parameters: 0.99999 0.00307311 -0.00303503 -0.00308189 0.999991 -0.00292867 0.00302597 0.00293833 0.999991 -0.155823 0.32347 -0.438637
FixedParameters: 0 0 0

#Transform 46
Transform: AffineTransform_float_3_3
Parameters: 0.999991 0.00273583 -0.00303866 -0.00274116 0.999995 -0.00169668 0.00303434 0.00170532 0.999994 -0.151239 0.170018 -0.208408
FixedParameters: 0 0 0

#Transform 47
Transform: AffineTransform_float_3_3
Parameters: 0.999993 0.00277289 -0.0022391 -0.00277711 0.999995 -0.00183479 0.0022339 0.00184121 0.999996 -0.188822 0.255508 -0.272861
FixedParameters: 0 0 0

#Transform 48
Transform: AffineTransform_float_3_3
Parameters: 0.999994 0.00272861 -0.00223691 -0.00273038 0.999995 -0.0010639 0.00223409 0.0010701 0.999997 -0.188798 0.150403 -0.11351
FixedParameters: 0 0 0

#Transform 49
Transform: AffineTransform_float_3_3
Parameters: 0.999993 0.00282472 -0.00213901 -0.00282728 0.999996 -0.00106396 0.00213598 0.00107004 0.999997 -0.194502 0.186547 -0.196755
FixedParameters: 0 0 0

#Transform 50
Transform: AffineTransform_float_3_3
Parameters: 0.999995 0.00283836 -0.00179559 -0.00284064 0.999995 -0.000910904 0.00179341 0.000916095 0.999998 -0.221159 0.178465 -0.108281
FixedParameters: 0 0 0

#Transform 51
Transform: AffineTransform_float_3_3
Parameters: 0.999993 0.00278816 -0.00223629 -0.00278984 0.999996 -0.000818766 0.00223371 0.000825233 0.999997 -0.189668 0.117511 -0.177354
FixedParameters: 0 0 0

#Transform 52
Transform: AffineTransform_float_3_3
Parameters: 0.999994 0.0028013 -0.0016958 -0.00280269 0.999995 -0.000998252 0.0016932 0.00100275 0.999998 -0.224103 0.191464 -0.133977
FixedParameters: 0 0 0

#Transform 53
Transform: AffineTransform_float_3_3
Parameters: 0.999993 0.00308282 -0.00199983 -0.00308419 0.999995 -0.000589836 0.00199817 0.000596164 0.999998 -0.235284 0.111676 -0.128352
FixedParameters: 0 0 0

#Transform 54
Transform: AffineTransform_float_3_3
Parameters: 0.999995 0.00310676 -0.00128458 -0.00310724 0.999995 -0.00018401 0.00128442 0.000187992 0.999999 -0.277363 0.172318 -0.142665
FixedParameters: 0 0 0

#Transform 55
Transform: AffineTransform_float_3_3
Parameters: 0.999994 0.0030836 -0.00193205 -0.00308341 0.999995 0.000310959 0.00193295 -0.000305042 0.999998 -0.244441 0.0752357 -0.10917
FixedParameters: 0 0 0

#Transform 56
Transform: AffineTransform_float_3_3
Parameters: 0.999992 0.00324709 -0.00203986 -0.00324691 0.999994 4.76236e-05 0.00203914 -4.1379e-05 0.999998 -0.259638 0.150811 -0.229873
FixedParameters: 0 0 0

#Transform 57
Transform: AffineTransform_float_3_3
Parameters: 0.999994 0.00324802 -0.00163698 -0.00324698 0.999994 0.000626319 0.00163903 -0.000620681 0.999999 -0.268284 0.0549606 -0.129557
FixedParameters: 0 0 0

#Transform 58
Transform: AffineTransform_float_3_3
Parameters: 0.999993 0.00314305 -0.00197133 -0.00314195 0.999995 0.000533197 0.00197367 -0.0005268 0.999998 -0.243028 0.137536 -0.26666
FixedParameters: 0 0 0

#Transform 59
Transform: AffineTransform_float_3_3
Parameters: 0.999992 0.0032484 -0.00203776 -0.00324759 0.999994 0.000692622 0.00203924 -0.00068638 0.999997 -0.255943 0.0585844 -0.147427
FixedParameters: 0 0 0

#Transform 60
Transform: AffineTransform_float_3_3
Parameters: 0.999992 0.00324825 -0.00203801 -0.00324775 0.999994 0.000615623 0.00203999 -0.000609378 0.999997 -0.245891 0.149203 -0.272818
FixedParameters: 0 0 0

#Transform 61
Transform: AffineTransform_float_3_3
Parameters: 0.999992 0.00324783 -0.00203868 -0.00324717 0.999994 0.000409623 0.00203932 -0.000403379 0.999998 -0.231486 0.0916588 -0.178405
FixedParameters: 0 0 0

#Transform 62
Transform: AffineTransform_float_3_3
Parameters: 0.999994 0.00300403 -0.00203996 -0.00300397 0.999996 1.81281e-05 0.00204005 -1.18717e-05 0.999998 -0.206894 0.0914852 -0.253484
FixedParameters: 0 0 0

#Transform 63
Transform: AffineTransform_float_3_3
Parameters: 0.999994 0.00278992 -0.00236128 -0.00279108 0.999996 -0.000453413 0.00236073 0.000459589 0.999997 -0.241393 0.214979 -0.498001
FixedParameters: 0 0 0

#Transform 64
Transform: AffineTransform_float_3_3
Parameters: 0.999994 0.00264681 -0.00221342 -0.00264819 0.999997 -0.000534142 0.00221158 0.000539857 0.999998 -0.222362 0.120481 -0.25743
FixedParameters: 0 0 0

#Transform 65
Transform: AffineTransform_float_3_3
Parameters: 0.999993 0.00278883 -0.00248044 -0.00279116 0.999995 -0.000870082 0.00247756 0.000876915 0.999996 -0.213618 0.207194 -0.40803
FixedParameters: 0 0 0

#Transform 66
Transform: AffineTransform_float_3_3
Parameters: 0.999994 0.00271497 -0.0020427 -0.00271702 0.999996 -0.000989456 0.0020393 0.000995543 0.999998 -0.233306 0.179477 -0.27238
FixedParameters: 0 0 0

#Transform 67
Transform: AffineTransform_float_3_3
Parameters: 0.999993 0.00278948 -0.00269058 -0.00279052 0.999996 -0.000560496 0.00268943 0.000568506 0.999996 -0.182429 0.142935 -0.206566
FixedParameters: 0 0 0

#Transform 68
Transform: AffineTransform_float_3_3
Parameters: 0.999993 0.00278721 -0.00274586 -0.00279079 0.999995 -0.00137835 0.00274215 0.00138565 0.999996 -0.187207 0.26341 -0.442663
FixedParameters: 0 0 0

#Transform 69
Transform: AffineTransform_float_3_3
Parameters: 0.999994 0.00235891 -0.00259199 -0.00236009 0.999997 -0.000415885 0.00259101 0.000422114 0.999996 -0.148543 0.107365 -0.209462
FixedParameters: 0 0 0

#Transform 70
Transform: AffineTransform_float_3_3
Parameters: 0.999993 0.002188 -0.00323268 -0.002189 0.999997 -0.000304926 0.00323233 0.000312074 0.999994 -0.126951 0.157804 -0.342018
FixedParameters: 0 0 0

#Transform 71
Transform: AffineTransform_float_3_3
Parameters: 0.999992 0.00278636 -0.00289946 -0.00279064 0.999995 -0.00159692 0.00289453 0.00160508 0.999994 -0.1805 0.244153 -0.381515
FixedParameters: 0 0 0

#Transform 72
Transform: AffineTransform_float_3_3
Parameters: 0.999993 0.00236046 -0.00286327 -0.00236154 0.999997 -0.000535242 0.00286273 0.000541761 0.999996 -0.119795 0.111231 -0.23359
FixedParameters: 0 0 0

#Transform 73
Transform: AffineTransform_float_3_3
Parameters: 0.999994 0.00168463 -0.00323481 -0.00169037 0.999997 -0.00165854 0.0032322 0.00166346 0.999994 -0.098681 0.236785 -0.586962
FixedParameters: 0 0 0

#Transform 74
Transform: AffineTransform_float_3_3
Parameters: 0.999993 0.00236078 -0.00290843 -0.00236522 0.999996 -0.00144813 0.00290457 0.00145487 0.999994 -0.151998 0.154098 -0.352236
FixedParameters: 0 0 0

#Transform 75
Transform: AffineTransform_float_3_3
Parameters: 0.999991 0.00242167 -0.00352367 -0.00242733 0.999996 -0.00150946 0.00351933 0.00151754 0.999992 -0.102241 0.220085 -0.481185
FixedParameters: 0 0 0

#Transform 76
Transform: AffineTransform_float_3_3
Parameters: 0.999987 0.0020946 -0.004628 -0.0021104 0.999992 -0.00332428 0.004621 0.00333472 0.999984 -0.0233462 0.332176 -0.734658
FixedParameters: 0 0 0

#Transform 77
Transform: AffineTransform_float_3_3
Parameters: 0.999989 0.00214651 -0.00411649 -0.0021575 0.999995 -0.00254715 0.00411151 0.00255585 0.999989 -0.0591517 0.22901 -0.476921
FixedParameters: 0 0 0

#Transform 78
Transform: AffineTransform_float_3_3
Parameters: 0.99999 0.00212919 -0.00379395 -0.00213881 0.999995 -0.00231891 0.00378904 0.00232709 0.99999 -0.0677728 0.256697 -0.510533
FixedParameters: 0 0 0

#Transform 79
Transform: AffineTransform_float_3_3
Parameters: 0.999992 0.00232677 -0.00327544 -0.00233323 0.999996 -0.00190037 0.00327056 0.00190763 0.999993 -0.109543 0.252433 -0.407953
FixedParameters: 0 0 0

#Transform 80
Transform: AffineTransform_float_3_3
Parameters: 0.999992 0.00237387 -0.00327327 -0.00237712 0.999996 -0.000951227 0.00327073 0.000958772 0.999994 -0.118717 0.158206 -0.342624
FixedParameters: 0 0 0

#Transform 81
Transform: AffineTransform_float_3_3
Parameters: 0.999992 0.00229829 -0.00327501 -0.00230371 0.999996 -0.00174047 0.00327099 0.00174753 0.999993 -0.108985 0.278722 -0.426049
FixedParameters: 0 0 0

#Transform 82
Transform: AffineTransform_float_3_3
Parameters: 0.999993 0.00280271 -0.00270737 -0.00280529 0.999995 -0.000842411 0.00270563 0.000849589 0.999996 -0.163715 0.132415 -0.287573
FixedParameters: 0 0 0

#Transform 83
Transform: AffineTransform_float_3_3
Parameters: 0.999991 0.00273302 -0.00302759 -0.00273798 0.999996 -0.00131072 0.0030244 0.00131928 0.999994 -0.142267 0.253225 -0.440604
FixedParameters: 0 0 0

#Transform 84
Transform: AffineTransform_float_3_3
Parameters: 0.999993 0.00261407 -0.00258995 -0.00261593 0.999997 -0.00074123 0.00258806 0.000747771 0.999997 -0.160877 0.147943 -0.322567
FixedParameters: 0 0 0

#Transform 85
Transform: AffineTransform_float_3_3
Parameters: 0.999993 0.00227863 -0.00291685 -0.00228036 0.999997 -0.000807354 0.00291515 0.000814649 0.999996 -0.125712 0.13844 -0.42544
FixedParameters: 0 0 0

#Transform 86
Transform: AffineTransform_float_3_3
Parameters: 0.999992 0.00273535 -0.00284459 -0.00273766 0.999996 -0.000578217 0.00284341 0.000585782 0.999996 -0.159565 0.150507 -0.377098
FixedParameters: 0 0 0

#Transform 87
Transform: AffineTransform_float_3_3
Parameters: 0.999991 0.00273674 -0.00305624 -0.00273726 0.999997 -8.2635e-05 0.00305576 9.03636e-05 0.999996 -0.145101 0.111527 -0.394568
FixedParameters: 0 0 0

#Transform 88
Transform: AffineTransform_float_3_3
Parameters: 0.999993 0.00273544 -0.00276655 -0.00273756 0.999996 -0.000561431 0.00276446 0.000568566 0.999996 -0.142911 0.203835 -0.403695
FixedParameters: 0 0 0

#Transform 89
Transform: AffineTransform_float_3_3
Parameters: 0.999992 0.00273824 -0.00291384 -0.00273776 0.999996 0.000428981 0.00291516 -0.000421021 0.999995 -0.107778 0.0791869 -0.325588
FixedParameters: 0 0 0

#Transform 90
Transform: AffineTransform_float_3_3
Parameters: 0.99999 0.00273551 -0.00368711 -0.00273749 0.999996 -0.000398911 0.0036859 0.000409087 0.999993 -0.080874 0.186626 -0.568814
FixedParameters: 0 0 0

#Transform 91
Transform: AffineTransform_float_3_3
Parameters: 0.999993 0.00204282 -0.00291442 -0.00204217 0.999998 0.000285953 0.00291557 -0.000279046 0.999995 -0.0852693 0.0834475 -0.265562
FixedParameters: 0 0 0

#Transform 92
Transform: AffineTransform_float_3_3
Parameters: 0.999997 -2.76838e-06 -0.00273219 3.22295e-05 0.999943 0.0106989 0.00273181 -0.010699 0.999939 0.055536 -0.354687 0.021693
FixedParameters: 0 0 0

#Transform 93
Transform: AffineTransform_float_3_3
Parameters: 0.999998 0.000884645 -0.00179493 -0.000866353 0.999946 0.0103626 0.00180407 -0.0103604 0.999944 -0.0421964 -0.340564 -0.0522204
FixedParameters: 0 0 0

#Transform 94
Transform: AffineTransform_float_3_3
Parameters: 0.99999 0.0022832 -0.00388213 -0.0022558 0.999973 0.00699683 0.00389787 -0.00698717 0.999968 -0.031252 -0.200106 -0.114016
FixedParameters: 0 0 0

#Transform 95
Transform: AffineTransform_float_3_3
Parameters: 0.999989 0.00184177 -0.00425564 -0.00181923 0.999986 0.0051138 0.00426535 -0.0051052 0.999978 0.0453556 0.00461721 -0.469345
FixedParameters: 0 0 0

#Transform 96
Transform: AffineTransform_float_3_3
Parameters: 0.99999 0.00240052 -0.00392137 -0.00238748 0.999992 0.0031944 0.00392964 -0.0031846 0.999987 -0.0491498 -0.0349013 -0.330806
FixedParameters: 0 0 0

#Transform 97
Transform: AffineTransform_float_3_3
Parameters: 0.999984 0.00295991 -0.00496251 -0.00294909 0.999993 0.00220467 0.00496849 -0.00218933 0.999986 -0.0316622 0.0491352 -0.497944
FixedParameters: 0 0 0

#Transform 98
Transform: AffineTransform_float_3_3
Parameters: 0.999984 0.00279856 -0.0048984 -0.00279444 0.999995 0.000937702 0.0049006 -0.000924299 0.999987 -0.0601084 0.125088 -0.467477
FixedParameters: 0 0 0

#Transform 99
Transform: AffineTransform_float_3_3
Parameters: 0.999986 0.00263948 -0.00463261 -0.00263052 0.999995 0.00205122 0.00463839 -0.00203879 0.999987 -0.037546 0.00845436 -0.318443
FixedParameters: 0 0 0

#Transform 100
Transform: AffineTransform_float_3_3
Parameters: 0.999986 0.00243916 -0.00454963 -0.00243084 0.999996 0.00179808 0.00455436 -0.00178692 0.999988 -0.041959 0.105861 -0.418431
FixedParameters: 0 0 0

#Transform 101
Transform: AffineTransform_float_3_3
Parameters: 0.999989 0.0023742 -0.00398672 -0.00236679 0.999995 0.00181146 0.00399128 -0.00180154 0.999991 -0.0750067 0.0569396 -0.258132
FixedParameters: 0 0 0

#Transform 102
Transform: AffineTransform_float_3_3
Parameters: 0.999988 0.00267156 -0.0039322 -0.00266244 0.999994 0.00218049 0.0039378 -0.0021705 0.99999 -0.0782779 0.0671317 -0.348925
FixedParameters: 0 0 0

#Transform 103
Transform: AffineTransform_float_3_3
Parameters: 0.999989 0.00230331 -0.00408921 -0.00229269 0.999994 0.0025234 0.00409479 -0.0025146 0.999989 -0.0849438 0.0806108 -0.300089
FixedParameters: 0 0 0

#Transform 104
Transform: AffineTransform_float_3_3
Parameters: 0.999989 0.00245359 -0.00398327 -0.00244141 0.999992 0.00316376 0.00399073 -0.00315324 0.999987 -0.0964625 -0.00543573 -0.269579
FixedParameters: 0 0 0

#Transform 105
Transform: AffineTransform_float_3_3
Parameters: 0.99999 0.00247394 -0.00355579 -0.00246505 0.999994 0.00251779 0.0035622 -0.00250821 0.99999 -0.120096 0.0953946 -0.327652
FixedParameters: 0 0 0

#Transform 106
Transform: AffineTransform_float_3_3
Parameters: 0.999989 0.00257504 -0.00398259 -0.00256196 0.999992 0.00327724 0.0039904 -0.00326676 0.999986 -0.0985668 -0.0177542 -0.244118
FixedParameters: 0 0 0

#Transform 107
Transform: AffineTransform_float_3_3
Parameters: 0.999991 0.00231166 -0.0037332 -0.00229935 0.999991 0.00339062 0.00374081 -0.00338238 0.999988 -0.105378 0.0493981 -0.392372
FixedParameters: 0 0 0

#Transform 108
Transform: AffineTransform_float_3_3
Parameters: 0.999989 0.00281902 -0.00358959 -0.00280698 0.999991 0.00334911 0.0035994 -0.00333889 0.999988 -0.130187 -0.0121214 -0.294302
FixedParameters: 0 0 0

#Transform 109
Transform: AffineTransform_float_3_3
Parameters: 0.999989 0.0027319 -0.00398082 -0.00271711 0.99999 0.00374186 0.00399118 -0.00373114 0.999985 -0.100271 -0.0108686 -0.372843
FixedParameters: 0 0 0

#Transform 110
Transform: AffineTransform_float_3_3
Parameters: 0.999991 0.00271109 -0.0034443 -0.00269991 0.999991 0.00322133 0.0034527 -0.00321167 0.999989 -0.158494 0.0530945 -0.458349
FixedParameters: 0 0 0

#Transform 111
Transform: AffineTransform_float_3_3
Parameters: 0.999989 0.00268962 -0.00390597 -0.00267438 0.99999 0.00374449 0.00391603 -0.00373351 0.999986 -0.115218 -0.0390702 -0.341983
FixedParameters: 0 0 0

#Transform 112
Transform: AffineTransform_float_3_3
Parameters: 0.999989 0.00257022 -0.0039825 -0.00255679 0.999991 0.00331922 0.00399049 -0.00330978 0.999986 -0.137706 0.0695081 -0.499343
FixedParameters: 0 0 0

#Transform 113
Transform: AffineTransform_float_3_3
Parameters: 0.999989 0.0025786 -0.00378477 -0.00256541 0.999991 0.00359275 0.00379323 -0.00358326 0.999987 -0.0968375 -0.0528756 -0.2961
FixedParameters: 0 0 0

#Transform 114
Transform: AffineTransform_float_3_3
Parameters: 0.999988 0.00229952 -0.00427683 -0.00228748 0.999993 0.00269581 0.00428317 -0.00268618 0.999987 -0.0588295 0.034239 -0.397029
FixedParameters: 0 0 0

#Transform 115
Transform: AffineTransform_float_3_3
Parameters: 0.999989 0.00218403 -0.00409814 -0.00217297 0.999994 0.00269493 0.00410386 -0.00268607 0.999988 -0.0851805 0.0908606 -0.411368
FixedParameters: 0 0 0

#Transform 116
Transform: AffineTransform_float_3_3
Parameters: 0.99999 0.00257763 -0.00383554 -0.00256537 0.999992 0.00329488 0.00384446 -0.00328513 0.999987 -0.111265 -0.0342079 -0.265154
FixedParameters: 0 0 0

#Transform 117
Transform: AffineTransform_float_3_3
Parameters: 0.999989 0.00257518 -0.00376806 -0.00256481 0.999993 0.00270569 0.00377494 -0.00269531 0.999989 -0.109077 0.0919026 -0.405399
FixedParameters: 0 0 0

#Transform 118
Transform: AffineTransform_float_3_3
Parameters: 0.99999 0.00257498 -0.00349867 -0.00256501 0.999992 0.002856 0.00350633 -0.002847 0.99999 -0.141363 0.0156373 -0.25366
FixedParameters: 0 0 0

#Transform 119
Transform: AffineTransform_float_3_3
Parameters: 0.999989 0.00257771 -0.00389161 -0.00256529 0.999992 0.00326702 0.00390039 -0.00325698 0.999987 -0.109331 0.0288047 -0.382522
FixedParameters: 0 0 0

#Transform 120
Transform: AffineTransform_float_3_3
Parameters: 0.999989 0.00254985 -0.00381844 -0.00254015 0.999994 0.00258273 0.00382456 -0.00257328 0.99999 -0.113086 0.068854 -0.332253
FixedParameters: 0 0 0

#Transform 121
Transform: AffineTransform_float_3_3
Parameters: 0.999987 0.00286782 -0.00425472 -0.00285718 0.999992 0.00254819 0.00426127 -0.00253581 0.999987 -0.0912548 0.0418019 -0.360802
FixedParameters: 0 0 0

#Transform 122
Transform: AffineTransform_float_3_3
Parameters: 0.99999 0.00278035 -0.00343125 -0.00277165 0.999993 0.00243553 0.00343775 -0.00242647 0.999991 -0.127605 0.10983 -0.503074
FixedParameters: 0 0 0

#Transform 123
Transform: AffineTransform_float_3_3
Parameters: 0.999987 0.00266735 -0.00451396 -0.00265165 0.99999 0.00340402 0.00452304 -0.00339198 0.999984 -0.0288891 -0.0518066 -0.299053
FixedParameters: 0 0 0

#Transform 124
Transform: AffineTransform_float_3_3
Parameters: 0.999989 0.00258958 -0.00389132 -0.00257743 0.999992 0.00297706 0.00389868 -0.00296694 0.999988 -0.0833916 0.0669383 -0.526065
FixedParameters: 0 0 0

#Transform 125
Transform: AffineTransform_float_3_3
Parameters: 0.999989 0.00286035 -0.00365771 -0.00285065 0.999992 0.00255845 0.00366429 -0.00254855 0.99999 -0.124445 0.03168 -0.38527
FixedParameters: 0 0 0

#Transform 126
Transform: AffineTransform_float_3_3
Parameters: 0.99999 0.00243958 -0.00393108 -0.00242943 0.999994 0.00243858 0.00393693 -0.00242942 0.99999 -0.101809 0.0390236 -0.441061
FixedParameters: 0 0 0

#Transform 127
Transform: AffineTransform_float_3_3
Parameters: 0.999991 0.00228034 -0.00361064 -0.00227466 0.999997 0.00148123 0.00361436 -0.00147277 0.999993 -0.163303 0.142502 -0.606167
FixedParameters: 0 0 0

#Transform 128
Transform: AffineTransform_float_3_3
Parameters: 0.999989 0.00237298 -0.00407879 -0.00236402 0.999995 0.00220567 0.00408421 -0.00219633 0.999989 -0.101533 0.0179995 -0.350047
FixedParameters: 0 0 0

#Transform 129
Transform: AffineTransform_float_3_3
Parameters: 0.999991 0.00191856 -0.00393429 -0.00191244 0.999997 0.00141754 0.00393671 -0.00140946 0.999992 -0.0948511 0.132565 -0.558443
FixedParameters: 0 0 0

#Transform 130
Transform: AffineTransform_float_3_3
Parameters: 0.99999 0.00239765 -0.00372537 -0.00239235 0.999996 0.00152093 0.00372863 -0.00151207 0.999992 -0.130852 0.106953 -0.419127
FixedParameters: 0 0 0

#Transform 131
Transform: AffineTransform_float_3_3
Parameters: 0.999989 0.00239956 -0.00400748 -0.00239244 0.999996 0.00189161 0.00401152 -0.0018814 0.99999 -0.0758155 0.0152131 -0.372439
FixedParameters: 0 0 0

#Transform 132
Transform: AffineTransform_float_3_3
Parameters: 0.999989 0.00190555 -0.00428498 -0.00190046 0.999997 0.00106415 0.00428702 -0.00105684 0.999991 -0.0761095 0.167597 -0.503679
FixedParameters: 0 0 0

#Transform 133
Transform: AffineTransform_float_3_3
Parameters: 0.999989 0.00228025 -0.00411789 -0.00227075 0.999995 0.00224838 0.00412311 -0.00223962 0.999989 -0.0930639 0.0240981 -0.250461
FixedParameters: 0 0 0

#Transform 134
Transform: AffineTransform_float_3_3
Parameters: 0.999988 0.00205243 -0.00446159 -0.00204456 0.999996 0.00167014 0.00446541 -0.00166085 0.999988 -0.0567485 0.152629 -0.505438
FixedParameters: 0 0 0

#Transform 135
Transform: AffineTransform_float_3_3
Parameters: 0.99999 0.00203748 -0.0040077 -0.00202852 0.999995 0.00211915 0.0040113 -0.00211085 0.999989 -0.0939818 0.0755417 -0.387286
FixedParameters: 0 0 0

#Transform 136
Transform: AffineTransform_float_3_3
Parameters: 0.999989 0.00197779 -0.00437369 -0.00196621 0.999994 0.00269763 0.00437931 -0.00268937 0.999987 -0.0351243 0.0511761 -0.358258
FixedParameters: 0 0 0

#Transform 137
Transform: AffineTransform_float_3_3
Parameters: 0.999988 0.00177659 -0.00457567 -0.00176741 0.999996 0.00188111 0.00457932 -0.00187289 0.999988 -0.0580152 0.137628 -0.597236
FixedParameters: 0 0 0

#Transform 138
Transform: AffineTransform_float_3_3
Parameters: 0.99999 0.00193475 -0.00400778 -0.00192625 0.999996 0.00218674 0.00401121 -0.00217926 0.999989 -0.0533366 0.0312489 -0.356062
FixedParameters: 0 0 0

#Transform 139
Transform: AffineTransform_float_3_3
Parameters: 0.999988 0.00204234 -0.00446765 -0.00203467 0.999996 0.00164511 0.00447134 -0.00163689 0.999988 -0.052097 0.153176 -0.643765
FixedParameters: 0 0 0

#Transform 140
Transform: AffineTransform_float_3_3
Parameters: 0.999989 0.00233514 -0.00401075 -0.00233286 0.999997 0.000539362 0.00401125 -0.000529639 0.999992 -0.114352 0.131603 -0.543927
FixedParameters: 0 0 0

#Transform 141
Transform: AffineTransform_float_3_3
Parameters: 0.999989 0.00234034 -0.00422194 -0.00233366 0.999996 0.00174287 0.00422606 -0.00173313 0.999989 -0.0882907 0.0989038 -0.427333
FixedParameters: 0 0 0

#Transform 142
Transform: AffineTransform_float_3_3
Parameters: 0.999989 0.00203754 -0.00426288 -0.00203146 0.999997 0.00153768 0.00426512 -0.00152933 0.999989 -0.092787 0.165369 -0.582319
FixedParameters: 0 0 0

#Transform 143
Transform: AffineTransform_float_3_3
Parameters: 0.99999 0.00190908 -0.00420689 -0.00189992 0.999996 0.00216102 0.00421111 -0.00215298 0.999989 -0.0478078 0.0387927 -0.391292
FixedParameters: 0 0 0

#Transform 144
Transform: AffineTransform_float_3_3
Parameters: 0.999989 0.00189898 -0.004251 -0.00189002 0.999996 0.00211606 0.004255 -0.00210794 0.999988 -0.0073508 0.0855778 -0.476439
FixedParameters: 0 0 0

#Transform 145
Transform: AffineTransform_float_3_3
Parameters: 0.99999 0.00174648 -0.00412826 -0.00173952 0.999997 0.0015732 0.00413074 -0.0015658 0.99999 -0.0464995 0.15945 -0.599488
FixedParameters: 0 0 0

#Transform 146
Transform: AffineTransform_float_3_3
Parameters: 0.999989 0.00167108 -0.00423264 -0.00165993 0.999995 0.00261905 0.00423635 -0.00261195 0.999987 0.023864 -0.0101056 -0.342048
FixedParameters: 0 0 0

#Transform 147
Transform: AffineTransform_float_3_3
Parameters: 0.99999 0.00122691 -0.00445728 -0.00121709 0.999997 0.00222645 0.00445972 -0.00222055 0.999987 0.0123791 0.104688 -0.675661
FixedParameters: 0 0 0

#Transform 148
Transform: AffineTransform_float_3_3
Parameters: 0.999991 0.00123923 -0.00423531 -0.00122977 0.999997 0.00218223 0.00423769 -0.00217677 0.999988 0.000412324 0.0170784 -0.408027
FixedParameters: 0 0 0

#Transform 149
Transform: AffineTransform_float_3_3
Parameters: 0.999986 0.00131395 -0.00502889 -0.00130205 0.999997 0.00237858 0.0050321 -0.00237142 0.999984 0.00502878 0.0936222 -0.595502
FixedParameters: 0 0 0

#Transform 150
Transform: AffineTransform_float_3_3
Parameters: 0.999989 0.00169297 -0.00451302 -0.00168503 0.999997 0.00176963 0.00451598 -0.00176138 0.999989 -0.100892 0.138339 -0.716113
FixedParameters: 0 0 0

#Transform 151
Transform: AffineTransform_float_3_3
Parameters: 0.999988 0.00197204 -0.00431943 -0.00196197 0.999996 0.0023265 0.00432357 -0.0023185 0.999988 -0.048245 0.0542304 -0.426249
FixedParameters: 0 0 0

#Transform 152
Transform: AffineTransform_float_3_3
Parameters: 0.999989 0.00176069 -0.00432047 -0.00175231 0.999997 0.00201459 0.00432353 -0.00200741 0.999988 -0.0442999 0.119842 -0.558263
FixedParameters: 0 0 0

#Transform 153
Transform: AffineTransform_float_3_3
Parameters: 0.999991 0.00222567 -0.00376507 -0.00221933 0.999996 0.00177537 0.00376894 -0.00176663 0.999992 -0.103392 0.0929354 -0.367241
FixedParameters: 0 0 0

#Transform 154
Transform: AffineTransform_float_3_3
Parameters: 0.999988 0.00222777 -0.00431949 -0.00221923 0.999995 0.00203461 0.00432351 -0.00202439 0.999988 -0.0720657 0.0784082 -0.407046
FixedParameters: 0 0 0

#Transform 155
Transform: AffineTransform_float_3_3
Parameters: 0.999988 0.00200442 -0.00432102 -0.00199857 0.999997 0.00149065 0.00432397 -0.00148135 0.999989 -0.0771726 0.155702 -0.433307
FixedParameters: 0 0 0

#Transform 156
Transform: AffineTransform_float_3_3
Parameters: 0.999989 0.00222956 -0.00413132 -0.00221944 0.999995 0.0025592 0.00413768 -0.0025498 0.999988 -0.0651499 0.03495 -0.34178
FixedParameters: 0 0 0

#Transform 157
Transform: AffineTransform_float_3_3
Parameters: 0.999989 0.00176489 -0.00431997 -0.00175511 0.999996 0.00229261 0.00432403 -0.00228439 0.999988 -0.0822506 0.147371 -0.650358
FixedParameters: 0 0 0

#Transform 158
Transform: AffineTransform_float_3_3
Parameters: 0.999989 0.00240053 -0.00384845 -0.00238948 0.999994 0.00273722 0.00385454 -0.00272878 0.999989 -0.126446 0.0420257 -0.425291
FixedParameters: 0 0 0

#Transform 159
Transform: AffineTransform_float_3_3
Parameters: 0.999987 0.00223164 -0.00457285 -0.00221936 0.999993 0.00276718 0.00457915 -0.00275682 0.999985 -0.0376758 0.238392 -0.67018
FixedParameters: 0 0 0

#Transform 160
Transform: AffineTransform_float_3_3
Parameters: 0.999991 0.00222826 -0.00357625 -0.00221874 0.999994 0.00258996 0.00358275 -0.00258204 0.99999 -0.124404 0.157864 -0.532536
FixedParameters: 0 0 0

#Transform 161
Transform: AffineTransform_float_3_3
Parameters: 0.999987 0.00223619 -0.00456663 -0.00221882 0.999991 0.00376418 0.00457438 -0.00375482 0.999983 -0.00760831 0.0738177 -0.405927
FixedParameters: 0 0 0

#Transform 162
Transform: AffineTransform_float_3_3
Parameters: 0.999987 0.00222988 -0.00446558 -0.00221913 0.999995 0.00243894 0.00447041 -0.00242906 0.999987 -0.0747644 0.174221 -0.591177
FixedParameters: 0 0 0

#Transform 163
Transform: AffineTransform_float_3_3
Parameters: 0.999987 0.00223159 -0.00456887 -0.00221941 0.999993 0.00275817 0.00457513 -0.00274782 0.999986 -0.0705621 0.10609 -0.465025
FixedParameters: 0 0 0

#Transform 164
Transform: AffineTransform_float_3_3
Parameters: 0.999987 0.0022312 -0.00456906 -0.0022188 0.999994 0.00267417 0.00457494 -0.00266383 0.999986 -0.0695891 0.185364 -0.640571
FixedParameters: 0 0 0

#Transform 165
Transform: AffineTransform_float_3_3
Parameters: 0.99999 0.00239336 -0.0039247 -0.00238264 0.999993 0.00264338 0.0039313 -0.00263362 0.999989 -0.0858102 0.114977 -0.416062
FixedParameters: 0 0 0

#Transform 166
Transform: AffineTransform_float_3_3
Parameters: 0.999987 0.00223389 -0.00456775 -0.00221911 0.999992 0.00326318 0.00457426 -0.00325283 0.999984 -0.0369331 0.111735 -0.556853
FixedParameters: 0 0 0

#Transform 167
Transform: AffineTransform_float_3_3
Parameters: 0.999989 0.00222891 -0.00407559 -0.00221909 0.999994 0.00243507 0.00408041 -0.00242593 0.999988 -0.0448988 0.148896 -0.524292
FixedParameters: 0 0 0

#Transform 168
Transform: AffineTransform_float_3_3
Parameters: 0.999987 0.00197125 -0.00456802 -0.00195474 0.999992 0.00355997 0.00457498 -0.00355103 0.999983 0.0549465 0.014882 -0.430047
FixedParameters: 0 0 0

#Transform 169
Transform: AffineTransform_float_3_3
Parameters: 0.999986 0.00118074 -0.00518266 -0.00116525 0.999996 0.00284708 0.00518634 -0.00284092 0.999983 0.0864459 0.127985 -0.815965
FixedParameters: 0 0 0

#Transform 170
Transform: AffineTransform_float_3_3
Parameters: 0.999982 0.00159229 -0.00567128 -0.0015787 0.999996 0.00234799 0.00567471 -0.00233901 0.999981 0.158003 0.10094 -0.478461
FixedParameters: 0 0 0

#Transform 171
Transform: AffineTransform_float_3_3
Parameters: 0.999985 0.00201089 -0.00506469 -0.00199911 0.999995 0.00215416 0.00506931 -0.00214384 0.999985 0.0521661 0.166395 -0.4145
FixedParameters: 0 0 0

#Transform 172
Transform: AffineTransform_float_3_3
Parameters: 0.999988 0.00183513 -0.0045179 -0.00182487 0.999996 0.00224527 0.0045221 -0.00223673 0.999988 -0.010009 0.173443 -0.516044
FixedParameters: 0 0 0

#Transform 173
Transform: AffineTransform_float_3_3
Parameters: 0.999989 0.00187525 -0.0042901 -0.00186375 0.999995 0.00262502 0.0042949 -0.00261698 0.999988 0.0179337 0.0893038 -0.365259
FixedParameters: 0 0 0

#Transform 174
Transform: AffineTransform_float_3_3
Parameters: 0.999987 0.00124952 -0.00496411 -0.00123847 0.999996 0.00232418 0.00496789 -0.00231782 0.999985 0.132863 0.159747 -0.507644
FixedParameters: 0 0 0

#Transform 175
Transform: AffineTransform_float_3_3
Parameters: 0.999987 0.00163892 -0.00468019 -0.00162808 0.999996 0.00233565 0.00468381 -0.00232835 0.999987 0.049201 0.0975793 -0.252008
FixedParameters: 0 0 0

#Transform 176
Transform: AffineTransform_float_3_3
Parameters: 0.999987 0.0018582 -0.00470538 -0.0018488 0.999997 0.00195873 0.00470862 -0.00195028 0.999987 -0.0027759 0.185426 -0.525608
FixedParameters: 0 0 0

#Transform 177
Transform: AffineTransform_float_3_3
Parameters: 0.999989 0.00227834 -0.0042715 -0.00226766 0.999995 0.00242372 0.0042765 -0.00241329 0.999988 -0.0217014 0.106232 -0.295965
FixedParameters: 0 0 0

#Transform 178
Transform: AffineTransform_float_3_3
Parameters: 0.999984 0.00205421 -0.00538247 -0.00203779 0.999993 0.00320102 0.00538954 -0.00318998 0.999981 0.0389468 0.13535 -0.495288
FixedParameters: 0 0 0

#Transform 179
Transform: AffineTransform_float_3_3
Parameters: 0.999986 0.00213539 -0.00469784 -0.00212361 0.999995 0.00242801 0.00470316 -0.00241799 0.999986 -0.0440546 0.174047 -0.616202
FixedParameters: 0 0 0

#Transform 180
Transform: AffineTransform_float_3_3
Parameters: 0.999987 0.00205596 -0.00480062 -0.00204104 0.999993 0.00311984 0.00480738 -0.00310916 0.999983 0.00451956 0.0722172 -0.43351
FixedParameters: 0 0 0

#Transform 181
Transform: AffineTransform_float_3_3
Parameters: 0.999985 0.00158633 -0.00527801 -0.00157267 0.999995 0.00252934 0.00528199 -0.00252066 0.999983 0.0184314 0.184476 -0.71216
FixedParameters: 0 0 0

#Transform 182
Transform: AffineTransform_float_3_3
Parameters: 0.999987 0.0018946 -0.00459182 -0.0018824 0.999995 0.00274568 0.00459718 -0.00273732 0.999985 -0.00260587 0.0878351 -0.471896
FixedParameters: 0 0 0

#Transform 183
Transform: AffineTransform_float_3_3
Parameters: 0.999984 0.00164804 -0.00538351 -0.00162996 0.999993 0.00335383 0.00538949 -0.00334517 0.99998 0.0609748 0.101606 -0.52319
FixedParameters: 0 0 0

#Transform 184
Transform: AffineTransform_float_3_3
Parameters: 0.999985 0.00153571 -0.00529833 -0.00152329 0.999996 0.00240211 0.00530167 -0.00239389 0.999983 0.0326493 0.162019 -0.706839
FixedParameters: 0 0 0

#Transform 185
Transform: AffineTransform_float_3_3
Parameters: 0.999987 0.00175113 -0.00469175 -0.00173687 0.999994 0.00301319 0.00469725 -0.00300581 0.999985 0.0335123 0.0969377 -0.43408
FixedParameters: 0 0 0

#Transform 186
Transform: AffineTransform_float_3_3
Parameters: 0.999984 0.00174472 -0.00538137 -0.00172028 0.999989 0.00440933 0.00538863 -0.00440067 0.999976 0.0302079 0.120545 -0.701897
FixedParameters: 0 0 0

#Transform 187
Transform: AffineTransform_float_3_3
Parameters: 0.999988 0.00132628 -0.00467567 -0.00128272 0.999955 0.00946012 0.00468834 -0.0094539 0.999945 -0.0571052 -0.114903 -0.571748
FixedParameters: 0 0 0

#Transform 188
Transform: AffineTransform_float_3_3
