#Insight Transform File V1.0
#Transform 0
Transform: AffineTransform_float_3_3
Parameters: 1 0 0 0 1 0.000472 0 -0.000472 1 0 0.00760105 0.124666
FixedParameters: 0 0 0

#Transform 1
Transform: AffineTransform_float_3_3
Parameters: 1 0 0 0 1 0.000705 0 -0.000705 1 0 -0.0149218 0.11205
FixedParameters: 0 0 0

#Transform 2
Transform: AffineTransform_float_3_3
Parameters: 1 0.000157 8.321e-08 -0.000157 1 0.00053 8.321e-08 -0.00053 1 0.000182587 0.0268789 0.0735665
FixedParameters: 0 0 0

#Transform 3
Transform: AffineTransform_float_3_3
Parameters: 1 0.000224 1.25664e-07 -0.000224 1 0.000561 1.25664e-07 -0.000561 1 0.0104423 -0.00410037 0.0799527
FixedParameters: 0 0 0

#Transform 4
Transform: AffineTransform_float_3_3
Parameters: 1 0.000188 1.36676e-07 -0.000188 0.999999 0.000727 1.36676e-07 -0.000727 0.999999 0.0118661 0.0131424 0.0704103
FixedParameters: 0 0 0

#Transform 5
Transform: AffineTransform_float_3_3
Parameters: 1 1.55652e-07 -0.000218 1.55652e-07 0.999999 0.000714 0.000218 -0.000714 0.999999 0.0157724 -0.00441837 0.0722225
FixedParameters: 0 0 0

#Transform 6
Transform: AffineTransform_float_3_3
Parameters: 1 0.000515211 -0.000275605 -0.000514788 0.999999 0.000766141 0.000276394 -0.000765857 0.999999 -0.000162925 -0.00622293 0.0814606
FixedParameters: 0 0 0

#Transform 7
Transform: AffineTransform_float_3_3
Parameters: 1 0.000262305 -0.000437817 -0.000261695 0.999999 0.000697114 0.000438182 -0.000696885 0.999999 0.00871345 0.00592982 0.0443634
FixedParameters: 0 0 0

#Transform 8
Transform: AffineTransform_float_3_3
Parameters: 1 0.000513082 -0.000128673 -0.000512917 0.999999 0.000638066 0.000129327 -0.000637933 1 -0.00104003 -0.00545752 0.0523733
FixedParameters: 0 0 0

#Transform 9
Transform: AffineTransform_float_3_3
Parameters: 1 0.000278539 -0.000437657 -0.000278461 0.999999 0.00123112 0.000438343 -0.00123088 0.999999 0.0170342 -0.0273767 0.0340497
FixedParameters: 0 0 0

#Transform 10
Transform: AffineTransform_float_3_3
Parameters: 1 0.000251449 -0.000437742 -0.000250551 1 0.00102611 0.000438257 -0.00102589 1 0.0136403 0.0148995 0.0587387
FixedParameters: 0 0 0

#Transform 11
Transform: AffineTransform_float_3_3
Parameters: 1 0.000203653 -0.00053075 -0.000203347 0.999999 0.00123111 0.000530251 -0.00123089 0.999999 0.0114631 -0.0270183 0.0454688
FixedParameters: 0 0 0

#Transform 12
Transform: AffineTransform_float_3_3
Parameters: 1 0.00022154 -0.000437727 -0.000220459 0.999999 0.0012341 0.000438272 -0.0012339 0.999999 0.0125337 0.02075 0.037244
FixedParameters: 0 0 0

#Transform 13
Transform: AffineTransform_float_3_3
Parameters: 1 0.000150454 -0.000437844 -0.000149546 1 0.00103707 0.000438155 -0.00103694 1 0.00513504 -0.0168445 0.0482456
FixedParameters: 0 0 0

#Transform 14
Transform: AffineTransform_float_3_3
Parameters: 1 0.000187537 -0.00043777 -0.000186462 0.999999 0.00122708 0.000438229 -0.00122692 0.999999 0.0100512 -0.00560821 0.00574759
FixedParameters: 0 0 0

#Transform 15
Transform: AffineTransform_float_3_3
Parameters: 1 0.000430309 -0.000437696 -0.00042969 0.999999 0.000707188 0.000438304 -0.000706811 0.999999 0.000867061 0.00360125 0.046234
FixedParameters: 0 0 0

#Transform 16
Transform: AffineTransform_float_3_3
Parameters: 1 -6.05e-09 1e-05 -6.05e-09 1 0.000605 -1e-05 -0.000605 1 0.00376771 -0.000605024 -0.00440054
FixedParameters: 0 0 0

#Transform 17
Transform: AffineTransform_float_3_3
Parameters: 1 9.78711e-05 0.00010512 -9.813e-05 0.999999 0.00122699 -0.00010588 -0.00122701 0.999999 0.00283239 -0.00109061 0.0228564
FixedParameters: 0 0 0

#Transform 18
Transform: AffineTransform_float_3_3
Parameters: 1 0.000180329 -0.000437864 -0.000180671 0.999999 0.000751079 0.000438136 -0.000750921 0.999999 -0.000913244 -0.00422179 0.0114426
FixedParameters: 0 0 0

#Transform 19
Transform: AffineTransform_float_3_3
Parameters: 1 -1.0282e-07 -0.000106 -1.0282e-07 0.999999 -0.000969999 0.000106 0.000969999 0.999999 0.000644434 0.00721323 -0.0210348
FixedParameters: 0 0 0

#Transform 20
Transform: AffineTransform_float_3_3
Parameters: 1 -1.176e-07 -0.000168 -1.176e-07 1 -0.0007 0.000168 0.0007 0.999999 -0.00107576 -0.0212412 -0.0137474
FixedParameters: 0 0 0

#Transform 21
Transform: AffineTransform_float_3_3
Parameters: 1 5.60215e-05 -2.49518e-05 -5.59784e-05 0.999999 0.000861001 2.50482e-05 -0.000860998 0.999999 -0.00101419 -0.00918998 0.064123
FixedParameters: 0 0 0

#Transform 22
Transform: AffineTransform_float_3_3
Parameters: 1 5.77975e-07 -0.000378999 -4.22024e-07 0.999999 0.001525 0.000379001 -0.001525 0.999999 0.00234349 -0.0283591 0.0652211
FixedParameters: 0 0 0

#Transform 23
Transform: AffineTransform_float_3_3
Parameters: 1 1.35e-07 -0.00012 1.35e-07 1 0.001125 0.00012 -0.001125 1 0.000727006 0.016178 0.0495163
FixedParameters: 0 0 0

#Transform 24
Transform: AffineTransform_float_3_3
Parameters: 1 -0.000102984 -1.41188e-05 0.000103017 1 0.001153 1.48812e-05 -0.001153 1 0.00215469 -0.0118515 0.0568052
FixedParameters: 0 0 0

#Transform 25
Transform: AffineTransform_float_3_3
Parameters: 1 1.03796e-07 -0.000154 1.03796e-07 1 0.000674 0.000154 -0.000674 1 -0.00261812 0.00532799 0.0473933
FixedParameters: 0 0 0

#Transform 26
Transform: AffineTransform_float_3_3
Parameters: 1 2.08396e-07 -0.000212 2.08396e-07 0.999999 0.000982999 0.000212 -0.000982999 0.999999 0.001281 -0.000616543 0.0538198
FixedParameters: 0 0 0

#Transform 27
Transform: AffineTransform_float_3_3
Parameters: 1 1.0792e-07 -7.59999e-05 1.0792e-07 0.999999 0.00142 7.59999e-05 -0.00142 0.999999 0.00046273 -0.03623 0.0623279
FixedParameters: 0 0 0

#Transform 28
Transform: AffineTransform_float_3_3
Parameters: 1 2.7126e-07 -0.00022 2.7126e-07 0.999999 0.001233 0.00022 -0.001233 0.999999 0.0013475 0.016624 0.0495494
FixedParameters: 0 0 0

#Transform 29
Transform: AffineTransform_float_3_3
Parameters: 1 5.70714e-07 -0.000438 -4.29285e-07 0.999999 0.001303 0.000438001 -0.001303 0.999999 0.00269062 -0.0272357 0.059217
FixedParameters: 0 0 0

#Transform 30
Transform: AffineTransform_float_3_3
Parameters: 1 -7.3696e-08 9.79999e-05 -7.3696e-08 0.999999 0.000752 -9.79999e-05 -0.000752 0.999999 -0.00334213 0.0174476 0.0416446
FixedParameters: 0 0 0

#Transform 31
Transform: AffineTransform_float_3_3
Parameters: 1 3.79746e-07 -0.000438 3.79746e-07 0.999999 0.000866999 0.000438 -0.000866999 0.999999 0.00269075 0.00182809 0.058922
FixedParameters: 0 0 0

#Transform 32
Transform: AffineTransform_float_3_3
Parameters: 1 -1.0314e-07 9e-05 -1.0314e-07 1 0.001146 -9e-05 -0.001146 1 0.00290712 0.0252424 0.0259005
FixedParameters: 0 0 0

#Transform 33
Transform: AffineTransform_float_3_3
Parameters: 1 -4.7488e-08 5.3e-05 -4.7488e-08 0.999999 0.000895999 -5.3e-05 -0.000895999 0.999999 -0.000323053 0.0110455 0.0480881
FixedParameters: 0 0 0

#Transform 34
Transform: AffineTransform_float_3_3
Parameters: 1 3.7158e-08 -3.3e-05 3.7158e-08 1 0.001126 3.3e-05 -0.001126 1 0.000211623 -0.000330147 0.0147893
FixedParameters: 0 0 0

#Transform 35
Transform: AffineTransform_float_3_3
Parameters: 1 4.0161e-08 -3.3e-05 4.0161e-08 1 0.001217 3.3e-05 -0.001217 1 0.000205847 -0.0129165 0.0382927
FixedParameters: 0 0 0

#Transform 36
Transform: AffineTransform_float_3_3
Parameters: 1 -6.79598e-05 -3.30827e-05 6.80401e-05 1 0.001217 3.29172e-05 -0.001217 1 0.00160036 -0.0126991 0.0385845
FixedParameters: 0 0 0

#Transform 37
Transform: AffineTransform_float_3_3
Parameters: 1 2.8479e-08 -3.3e-05 2.8479e-08 0.999999 0.000862999 3.3e-05 -0.000862999 0.999999 0.000205577 0.00805961 0.0464753
FixedParameters: 0 0 0

#Transform 38
Transform: AffineTransform_float_3_3
Parameters: 1 4.0722e-08 -3.3e-05 4.0722e-08 0.999999 0.001234 3.3e-05 -0.001234 0.999999 0.00020723 -0.0130049 0.0569852
FixedParameters: 0 0 0

#Transform 39
Transform: AffineTransform_float_3_3
Parameters: 1 -0.000435047 3.33862e-05 0.000434953 0.999999 0.00141101 -3.36137e-05 -0.00141099 0.999999 0.00865005 0.00257421 0.0855737
FixedParameters: 0 0 0

#Transform 40
Transform: AffineTransform_float_3_3
Parameters: 1 -0.000366947 -3.35831e-05 0.000367053 0.999998 0.00158899 3.34168e-05 -0.00158901 0.999998 0.0193334 0.00369567 0.127783
FixedParameters: 0 0 0

#Transform 41
Transform: AffineTransform_float_3_3
Parameters: 1 -0.000423952 -3.36118e-05 0.000424049 0.999999 0.00144299 3.33881e-05 -0.00144301 0.999999 0.00882529 0.0142693 0.101059
FixedParameters: 0 0 0

#Transform 42
Transform: AffineTransform_float_3_3
Parameters: 1 -0.000243942 -3.34221e-05 0.000243057 0.999998 0.00172999 3.25795e-05 -0.00173001 0.999998 0.00518256 0.0138205 0.112281
FixedParameters: 0 0 0

#Transform 43
Transform: AffineTransform_float_3_3
Parameters: 1 -0.000202032 1.86606e-05 0.000201969 0.999998 0.00168 -1.83393e-05 -0.00167999 0.999998 0.00402292 -0.00190139 0.105718
FixedParameters: 0 0 0

#Transform 44
Transform: AffineTransform_float_3_3
Parameters: 1 7.10678e-05 -3.28537e-05 -7.09319e-05 0.999998 0.002059 3.31461e-05 -0.002059 0.999998 -0.00125327 -0.00505145 0.113659
FixedParameters: 0 0 0

#Transform 45
Transform: AffineTransform_float_3_3
Parameters: 1 -0.000205936 -3.33944e-05 0.000206063 0.999998 0.00191499 3.26055e-05 -0.00191501 0.999998 0.00439169 -0.00344037 0.096268
FixedParameters: 0 0 0

#Transform 46
Transform: AffineTransform_float_3_3
Parameters: 1 -0.000106932 -3.32185e-05 0.000107067 0.999998 0.002043 3.27813e-05 -0.002043 0.999998 0.00234286 0.0111551 0.113273
FixedParameters: 0 0 0

#Transform 47
Transform: AffineTransform_float_3_3
Parameters: 1 -0.000165917 -3.34141e-05 0.000166082 0.999997 0.00249499 3.25857e-05 -0.002495 0.999997 0.00354756 -0.0120783 0.122467
FixedParameters: 0 0 0

#Transform 48
Transform: AffineTransform_float_3_3
Parameters: 1 4.91502e-05 -8.49133e-05 -4.88497e-05 0.999999 0.00176801 8.50865e-05 -0.001768 0.999999 -0.00047286 0.0132774 0.102177
FixedParameters: 0 0 0

#Transform 49
Transform: AffineTransform_float_3_3
Parameters: 1 -0.000166923 -3.33897e-05 0.000167077 0.999998 0.002334 3.26101e-05 -0.00233401 0.999998 0.000544462 -0.025526 0.119252
FixedParameters: 0 0 0

#Transform 50
Transform: AffineTransform_float_3_3
Parameters: 1 -2.79204e-05 -3.30674e-05 2.80795e-05 0.999997 0.002411 3.29324e-05 -0.002411 0.999997 -0.00284888 0.0150087 0.111014
FixedParameters: 0 0 0

#Transform 51
Transform: AffineTransform_float_3_3
Parameters: 1 -8.39285e-05 -3.31814e-05 8.40711e-05 0.999997 0.002161 3.28184e-05 -0.002161 0.999997 -0.00293476 0.0158753 0.115601
FixedParameters: 0 0 0

#Transform 52
Transform: AffineTransform_float_3_3
Parameters: 1 -9.29251e-05 -3.32106e-05 9.30745e-05 0.999998 0.002265 3.27893e-05 -0.00226501 0.999998 0.00207966 -0.0139877 0.117822
FixedParameters: 0 0 0

#Transform 53
Transform: AffineTransform_float_3_3
Parameters: 1 -6.69309e-05 -3.314e-05 6.70688e-05 0.999998 0.00209 3.28599e-05 -0.00209 0.999998 -0.00593801 0.00703086 0.114192
FixedParameters: 0 0 0

#Transform 54
Transform: AffineTransform_float_3_3
Parameters: 1 -3.1872e-06 8.1993e-05 2.81279e-06 0.999998 0.002283 -8.20067e-05 -0.002283 0.999998 -0.00762835 -0.0258327 0.0996172
FixedParameters: 0 0 0

#Transform 55
Transform: AffineTransform_float_3_3
Parameters: 1 -0.000141924 -3.33271e-05 0.000142076 0.999998 0.002304 3.26728e-05 -0.00230401 0.999998 0.00309516 -0.00778446 0.0788789
FixedParameters: 0 0 0

#Transform 56
Transform: AffineTransform_float_3_3
Parameters: 1 8.36765e-05 0.000167162 -8.43232e-05 0.999998 0.00193599 -0.000166837 -0.00193601 0.999998 -0.00643169 -0.000769705 0.110533
FixedParameters: 0 0 0

#Transform 57
Transform: AffineTransform_float_3_3
Parameters: 1 -0.000143238 0.000105678 0.000142761 0.999998 0.00225102 -0.000106322 -0.00225099 0.999998 0.00227783 -0.0251751 0.0976038
FixedParameters: 0 0 0

#Transform 58
Transform: AffineTransform_float_3_3
Parameters: 1 -3.19188e-05 -3.30786e-05 3.2081e-05 0.999997 0.002459 3.29212e-05 -0.002459 0.999997 0.000818524 0.0257661 0.121566
FixedParameters: 0 0 0

#Transform 59
Transform: AffineTransform_float_3_3
Parameters: 1 -0.000169917 -3.34234e-05 0.000170082 0.999997 0.00249099 3.25764e-05 -0.00249101 0.999997 0.00363065 -0.0290275 0.122385
FixedParameters: 0 0 0

#Transform 60
Transform: AffineTransform_float_3_3
Parameters: 1 -0.000207933 -3.34218e-05 0.000208066 0.999998 0.00202799 3.25781e-05 -0.00202801 0.999998 -0.00247663 0.0199456 0.112785
FixedParameters: 0 0 0

#Transform 61
Transform: AffineTransform_float_3_3
Parameters: 1 -0.000188919 -3.34588e-05 0.00018908 0.999997 0.00242799 3.2541e-05 -0.00242801 0.999997 -0.00548422 0.00119556 0.120947
FixedParameters: 0 0 0

#Transform 62
Transform: AffineTransform_float_3_3
Parameters: 1 -0.000238569 0.000231415 0.00023743 0.999997 0.00245405 -0.000232583 -0.00245394 0.999997 -0.00833958 0.036235 0.132105
FixedParameters: 0 0 0

#Transform 63
Transform: AffineTransform_float_3_3
Parameters: 1 -0.00014227 0.000109651 0.00014273 0.999997 0.00245402 -0.000110351 -0.00245398 0.999997 -0.00996966 -0.018537 0.14418
FixedParameters: 0 0 0

#Transform 64
Transform: AffineTransform_float_3_3
Parameters: 1 2.60782e-05 -3.29382e-05 -2.59216e-05 0.999997 0.002373 3.30616e-05 -0.002373 0.999997 -0.00905265 0.0372889 0.142767
FixedParameters: 0 0 0

#Transform 65
Transform: AffineTransform_float_3_3
Parameters: 1 -0.000424381 0.000148918 0.000423618 0.999996 0.00255006 -0.000150081 -0.00254994 0.999996 -0.00338871 0.0154446 0.153049
FixedParameters: 0 0 0

#Transform 66
Transform: AffineTransform_float_3_3
Parameters: 1 -0.000423918 -3.40404e-05 0.000424082 0.999997 0.00245399 3.29594e-05 -0.00245401 0.999997 0.00881063 0.0381235 0.178063
FixedParameters: 0 0 0

#Transform 67
Transform: AffineTransform_float_3_3
Parameters: 1 -0.000423912 -3.41086e-05 0.000424088 0.999997 0.00261499 3.28911e-05 -0.00261501 0.999996 -0.00397861 0.00441411 0.163929
FixedParameters: 0 0 0

#Transform 68
Transform: AffineTransform_float_3_3
Parameters: 1 -0.000423918 -3.40328e-05 0.000424082 0.999997 0.00243599 3.2967e-05 -0.00243601 0.999997 -0.0129053 0.0298717 0.160166
FixedParameters: 0 0 0

#Transform 69
Transform: AffineTransform_float_3_3
Parameters: 1 -0.000233231 9.7448e-05 0.00023277 0.999997 0.00236802 -9.75515e-05 -0.00236798 0.999997 -0.0156458 0.00728908 0.158483
FixedParameters: 0 0 0

#Transform 70
Transform: AffineTransform_float_3_3
Parameters: 1 -0.000424745 0.000364132 0.000423255 0.999998 0.00204515 -0.000364866 -0.00204484 0.999998 -0.0127772 0.0269739 0.151147
FixedParameters: 0 0 0

#Transform 71
Transform: AffineTransform_float_3_3
Parameters: 1 -0.000305939 0.00034918 0.000305062 0.999997 0.00268511 -0.000349821 -0.0026859 0.999997 -0.02554 -0.0120842 0.164347
FixedParameters: 0 0 0

#Transform 72
Transform: AffineTransform_float_3_3
Parameters: 1 -0.000424918 0.000381981 0.000424082 0.999997 0.00240116 -0.000383019 -0.00240084 0.999997 -0.0145993 0.0332482 0.13828
FixedParameters: 0 0 0

#Transform 73
Transform: AffineTransform_float_3_3
Parameters: 1 -0.000334786 0.000306143 0.000334214 0.999996 0.0025631 -0.000306857 -0.0025629 0.999996 -0.0280998 -0.0111395 0.161833
FixedParameters: 0 0 0

#Transform 74
Transform: AffineTransform_float_3_3
Parameters: 1 -0.000322017 0.000382146 0.000320984 0.999997 0.00265713 -0.000382854 -0.00265688 0.999997 -0.0258106 0.023388 0.163478
FixedParameters: 0 0 0

#Transform 75
Transform: AffineTransform_float_3_3
Parameters: 1 -0.0004249 0.000382001 0.0004241 0.999997 0.00235316 -0.000382999 -0.00235384 0.999997 -0.0109806 0.0125646 0.140645
FixedParameters: 0 0 0

#Transform 76
Transform: AffineTransform_float_3_3
Parameters: 1 -0.000252065 0.0003823 0.000250936 0.999996 0.0027821 -0.0003827 -0.0027819 0.999996 -0.0203992 -0.0127853 0.146137
FixedParameters: 0 0 0

#Transform 77
Transform: AffineTransform_float_3_3
Parameters: 1 -0.000424761 0.000328017 0.000423239 0.999997 0.00231714 -0.000328982 -0.00231686 0.999998 -0.00776619 0.0363084 0.10523
FixedParameters: 0 0 0

#Transform 78
Transform: AffineTransform_float_3_3
Parameters: 1 -0.000264111 0.000382234 0.000262889 0.999995 0.0029051 -0.000382765 -0.0029049 0.999995 -0.0255607 -0.0135485 0.137468
FixedParameters: 0 0 0

#Transform 79
Transform: AffineTransform_float_3_3
Parameters: 1 -0.000164022 0.000382564 0.000162977 0.999997 0.00266906 -0.000383436 -0.00266894 0.999997 -0.0112415 0.0166475 0.122847
FixedParameters: 0 0 0

#Transform 80
Transform: AffineTransform_float_3_3
Parameters: 1 -0.000173131 0.00038249 0.000171867 0.999995 0.00295606 -0.00038351 -0.00295593 0.999995 -0.0187765 -0.0140995 0.138419
FixedParameters: 0 0 0

#Transform 81
Transform: AffineTransform_float_3_3
Parameters: 1 -0.000425146 0.000381728 0.000423853 0.999996 0.00299716 -0.000383272 -0.00299684 0.999996 -0.00917786 0.0199307 0.124628
FixedParameters: 0 0 0

#Transform 82
Transform: AffineTransform_float_3_3
Parameters: 1 -0.000224076 0.000382371 0.000222925 0.999996 0.00281309 -0.000382629 -0.00281291 0.999996 -0.0219954 0.0102563 0.142089
FixedParameters: 0 0 0

#Transform 83
Transform: AffineTransform_float_3_3
Parameters: 1 -1.01524e-05 0.000382971 8.84751e-06 0.999996 0.00300901 -0.000383028 -0.003009 0.999996 -0.0210595 0.00631812 0.139517
FixedParameters: 0 0 0

#Transform 84
Transform: AffineTransform_float_3_3
Parameters: 1 -0.000131203 0.00038259 0.000130796 0.999995 0.00314205 -0.000383413 -0.00314195 0.999995 -0.0192628 0.0346707 0.142002
FixedParameters: 0 0 0

#Transform 85
Transform: AffineTransform_float_3_3
Parameters: 1 -0.000250108 0.000382277 0.000248893 0.999996 0.00289509 -0.000382722 -0.0028949 0.999995 -0.0280636 0.00566706 0.154689
FixedParameters: 0 0 0

#Transform 86
Transform: AffineTransform_float_3_3
Parameters: 1 5.84318e-05 0.000598155 -5.95683e-05 0.999996 0.00262296 -0.000597846 -0.00262204 0.999997 -0.0327093 0.0467389 0.148373
FixedParameters: 0 0 0

#Transform 87
Transform: AffineTransform_float_3_3
Parameters: 1 -0.000147131 0.000382567 0.000145868 0.999995 0.00295505 -0.000383433 -0.00295494 0.999995 -0.0277942 0.0139493 0.140628
FixedParameters: 0 0 0

#Transform 88
Transform: AffineTransform_float_3_3
Parameters: 0.999999 -0.000223761 0.000700439 0.000221238 0.999997 0.00251315 -0.000701558 -0.00251284 0.999996 -0.0373542 0.00377777 0.145937
FixedParameters: 0 0 0

#Transform 89
Transform: AffineTransform_float_3_3
Parameters: 0.999999 -6.89074e-05 0.000723821 6.7092e-05 0.999996 0.00263505 -0.000724179 -0.00263495 0.999997 -0.0342957 0.0479739 0.15141
FixedParameters: 0 0 0

#Transform 90
Transform: AffineTransform_float_3_3
Parameters: 0.999999 -7.0485e-05 0.000812788 6.75143e-05 0.999996 0.00305706 -0.00081321 -0.00305694 0.999995 -0.0346941 0.0123566 0.173839
FixedParameters: 0 0 0

#Transform 91
Transform: AffineTransform_float_3_3
Parameters: 0.999999 -6.80503e-05 0.000713807 6.59491e-05 0.999996 0.00287205 -0.000714192 -0.00287195 0.999995 -0.0283698 0.0589559 0.160325
FixedParameters: 0 0 0

#Transform 92
Transform: AffineTransform_float_3_3
Parameters: 0.999999 -0.000112434 0.000812667 0.000110564 0.999995 0.00299509 -0.000813335 -0.00299491 0.999995 -0.0324611 0.0159189 0.201232
FixedParameters: 0 0 0

#Transform 93
Transform: AffineTransform_float_3_3
Parameters: 0.999999 -5.53363e-05 0.000812844 5.26632e-05 0.999996 0.00287404 -0.000813154 -0.00287395 0.999995 -0.0320632 0.0409142 0.174314
FixedParameters: 0 0 0

#Transform 94
Transform: AffineTransform_float_3_3
Parameters: 0.999999 -3.14714e-05 0.000812908 2.85283e-05 0.999996 0.00304003 -0.00081309 -0.00303998 0.999995 -0.030821 0.0253525 0.183769
FixedParameters: 0 0 0

#Transform 95
Transform: AffineTransform_float_3_3
Parameters: 0.999999 -1.26576e-05 0.000812963 9.34223e-06 0.999994 0.00326901 -0.000813035 -0.00326899 0.999995 -0.0450012 0.0443095 0.188338
FixedParameters: 0 0 0

#Transform 96
Transform: AffineTransform_float_3_3
Parameters: 1 -1.92512e-05 0.000411944 1.77487e-05 0.999996 0.00303701 -0.000412056 -0.00303699 0.999996 -0.0387231 0.043207 0.170724
FixedParameters: 0 0 0

#Transform 97
Transform: AffineTransform_float_3_3
Parameters: 1 -8.54897e-05 0.000482739 8.45095e-05 0.999995 0.00308504 -0.000483263 -0.00308496 0.999995 -0.0449123 -0.00352347 0.159932
FixedParameters: 0 0 0

#Transform 98
Transform: AffineTransform_float_3_3
Parameters: 1 -6.81403e-05 0.000692793 6.5859e-05 0.999995 0.00308905 -0.000693207 -0.00308895 0.999995 -0.0452883 0.0481407 0.162506
FixedParameters: 0 0 0

#Transform 99
Transform: AffineTransform_float_3_3
Parameters: 1 -0.000103657 0.000578705 0.000102345 0.999996 0.00286206 -0.000578295 -0.00286194 0.999995 -0.0474943 0.00824592 0.184306
FixedParameters: 0 0 0

#Transform 100
Transform: AffineTransform_float_3_3
Parameters: 1 -0.000251696 0.000562244 0.000249305 0.999995 0.00301414 -0.000562754 -0.00301386 0.999996 -0.0529482 0.0494487 0.18393
FixedParameters: 0 0 0

#Transform 101
Transform: AffineTransform_float_3_3
Parameters: 0.999999 7.55338e-05 0.000813233 -7.84655e-05 0.999996 0.00303294 -0.000812766 -0.00303306 0.999995 -0.055366 0.0521878 0.183593
FixedParameters: 0 0 0

#Transform 102
Transform: AffineTransform_float_3_3
Parameters: 0.999999 9.19591e-05 0.00072926 -9.40401e-05 0.999996 0.00279893 -0.000728739 -0.00279907 0.999996 -0.0607488 0.024051 0.202278
FixedParameters: 0 0 0

#Transform 103
Transform: AffineTransform_float_3_3
Parameters: 0.999999 6.13419e-05 0.000813205 -6.46573e-05 0.999994 0.00326895 -0.000812793 -0.00326905 0.999995 -0.0600645 0.0609398 0.173949
FixedParameters: 0 0 0

#Transform 104
Transform: AffineTransform_float_3_3
Parameters: 0.999999 7.23418e-05 0.000813241 -7.46572e-05 0.999994 0.00326894 -0.00081276 -0.00326906 0.999995 -0.0632845 0.0422875 0.211562
FixedParameters: 0 0 0

#Transform 105
Transform: AffineTransform_float_3_3
Parameters: 0.999999 0.000265341 0.000813872 -0.000267659 0.999994 0.00326878 -0.000813129 -0.00326922 0.999995 -0.0665292 0.0470454 0.211524
FixedParameters: 0 0 0

#Transform 106
Transform: AffineTransform_float_3_3
Parameters: 0.999999 1.43422e-05 0.000813051 -1.66576e-05 0.999994 0.00326899 -0.00081295 -0.00326901 0.999995 -0.0571047 0.0457186 0.211524
FixedParameters: 0 0 0

#Transform 107
Transform: AffineTransform_float_3_3
Parameters: 0.999999 -0.00017575 0.00081241 0.000172251 0.999995 0.00338414 -0.000812587 -0.00338386 0.999994 -0.0379581 0.00602691 0.214029
FixedParameters: 0 0 0

#Transform 108
Transform: AffineTransform_float_3_3
Parameters: 0.999999 -0.000171363 0.000735453 0.000169638 0.999995 0.00321212 -0.000735548 -0.00321187 0.999994 -0.0376293 0.048296 0.194893
FixedParameters: 0 0 0

#Transform 109
Transform: AffineTransform_float_3_3
Parameters: 1 -8.57605e-05 0.000518712 8.42419e-05 0.999994 0.00339305 -0.000518289 -0.00339296 0.999994 -0.0300464 0.0202902 0.205598
FixedParameters: 0 0 0

#Transform 110
Transform: AffineTransform_float_3_3
Parameters: 1 -8.41913e-05 0.000697739 8.28078e-05 0.999995 0.00314006 -0.000698263 -0.00313994 0.999995 -0.039178 0.0493818 0.19737
FixedParameters: 0 0 0

#Transform 111
Transform: AffineTransform_float_3_3
Parameters: 1 6.57205e-05 0.000640238 -6.82786e-05 0.999993 0.00356095 -0.00063976 -0.00356104 0.999993 -0.0417276 0.0189153 0.217992
FixedParameters: 0 0 0

#Transform 112
Transform: AffineTransform_float_3_3
Parameters: 0.999999 8.03711e-05 0.000813264 -8.26279e-05 0.999995 0.00323293 -0.000812737 -0.00323307 0.999995 -0.0345889 0.0462888 0.194634
FixedParameters: 0 0 0

#Transform 113
Transform: AffineTransform_float_3_3
Parameters: 0.999999 -1.19723e-05 0.000812961 9.02759e-06 0.999994 0.00365601 -0.000813038 -0.00365599 0.999993 -0.0364652 0.0185157 0.219415
FixedParameters: 0 0 0

#Transform 114
Transform: AffineTransform_float_3_3
Parameters: 0.999999 -8.05305e-05 0.000812753 7.74687e-05 0.999995 0.00311306 -0.000813245 -0.00311294 0.999995 -0.0399409 0.0424532 0.179142
FixedParameters: 0 0 0

#Transform 115
Transform: AffineTransform_float_3_3
Parameters: 1 0.000189346 0.000481653 -0.000190655 0.999994 0.00343591 -0.000481348 -0.00343609 0.999994 -0.0433599 0.00266661 0.206822
FixedParameters: 0 0 0

#Transform 116
Transform: AffineTransform_float_3_3
Parameters: 0.999999 -0.00021946 0.000812339 0.000216541 0.999996 0.00302718 -0.000812659 -0.00302682 0.999995 -0.0348328 0.037313 0.191354
FixedParameters: 0 0 0

#Transform 117
Transform: AffineTransform_float_3_3
Parameters: 0.999999 1.04707e-05 0.000813036 -1.35292e-05 0.999995 0.00311099 -0.000812961 -0.00311101 0.999995 -0.0349357 0.0325735 0.174903
FixedParameters: 0 0 0

#Transform 118
Transform: AffineTransform_float_3_3
Parameters: 1 4.71894e-05 0.000503173 -4.881e-05 0.999993 0.00359898 -0.000502828 -0.00359902 0.999994 -0.0405679 -0.00714139 0.18791
FixedParameters: 0 0 0

#Transform 119
Transform: AffineTransform_float_3_3
Parameters: 0.999999 0.000132255 0.000813451 -0.000135743 0.999995 0.00337489 -0.000812546 -0.00337511 0.999994 -0.0442239 0.0342658 0.180259
FixedParameters: 0 0 0

#Transform 120
Transform: AffineTransform_float_3_3
Parameters: 0.999999 0.000208012 0.000813769 -0.000210989 0.999993 0.00367383 -0.00081323 -0.00367417 0.999993 -0.0457567 0.00566554 0.199349
FixedParameters: 0 0 0

#Transform 121
Transform: AffineTransform_float_3_3
Parameters: 0.999999 0.000106342 0.000813352 -0.000108657 0.999994 0.00326891 -0.000812649 -0.00326909 0.999995 -0.0437598 0.0207394 0.168426
FixedParameters: 0 0 0

#Transform 122
Transform: AffineTransform_float_3_3
Parameters: 1 0.000180939 0.000578649 -0.000182063 0.999993 0.0035649 -0.000578355 -0.00356411 0.999994 -0.0547023 0.00399735 0.208637
FixedParameters: 0 0 0

#Transform 123
Transform: AffineTransform_float_3_3
Parameters: 0.999999 2.52795e-05 0.000813089 -2.77202e-05 0.999995 0.00334598 -0.000812912 -0.00334602 0.999994 -0.0514622 0.0414635 0.179616
FixedParameters: 0 0 0

#Transform 124
Transform: AffineTransform_float_3_3
Parameters: 0.999999 0.000132101 0.000813476 -0.000134901 0.999993 0.00356489 -0.000813524 -0.00356411 0.999994 -0.044242 0.00403443 0.19127
FixedParameters: 0 0 0

#Transform 125
Transform: AffineTransform_float_3_3
Parameters: 0.999999 0.000141101 0.000813508 -0.000143901 0.999993 0.00356488 -0.000813492 -0.00356412 0.999994 -0.0574101 0.0154325 0.172963
FixedParameters: 0 0 0

#Transform 126
Transform: AffineTransform_float_3_3
Parameters: 0.999999 0.000191397 0.000813616 -0.000193604 0.999995 0.00319984 -0.000813384 -0.00320015 0.999994 -0.0676407 0.0202684 0.153965
FixedParameters: 0 0 0

#Transform 127
Transform: AffineTransform_float_3_3
Parameters: 0.999999 0.000199195 0.000813691 -0.000201805 0.999994 0.00344784 -0.000813308 -0.00344816 0.999993 -0.0780905 0.00441949 0.175656
FixedParameters: 0 0 0

#Transform 128
Transform: AffineTransform_float_3_3
Parameters: 1 0.000148385 0.00104652 -0.000151616 0.999994 0.00345484 -0.00104648 -0.00345516 0.999993 -0.0779466 0.025097 0.165258
FixedParameters: 0 0 0

#Transform 129
Transform: AffineTransform_float_3_3
Parameters: 0.999999 0.000369578 0.00118639 -0.000374424 0.999993 0.00372856 -0.00118561 -0.00372944 0.999993 -0.105587 0.0151784 0.184363
FixedParameters: 0 0 0

#Transform 130
Transform: AffineTransform_float_3_3
Parameters: 1 0.000296424 0.00100406 -0.000299577 0.999994 0.0035637 -0.00100294 -0.0035643 0.999993 -0.109177 0.0510324 0.15191
FixedParameters: 0 0 0

#Transform 131
Transform: AffineTransform_float_3_3
Parameters: 1 0.000372308 0.00105032 -0.00037569 0.999993 0.00351661 -0.00104869 -0.00351739 0.999994 -0.110971 0.0253881 0.175441
FixedParameters: 0 0 0

#Transform 132
Transform: AffineTransform_float_3_3
Parameters: 1 0.000563005 0.000824055 -0.000565995 0.999993 0.00363854 -0.000821946 -0.00363947 0.999993 -0.113457 0.0175435 0.185642
FixedParameters: 0 0 0

#Transform 133
Transform: AffineTransform_float_3_3
Parameters: 1 0.000311772 0.0003491 -0.000313227 0.999993 0.00352289 -0.000347899 -0.00352311 0.999993 -0.11881 0.0314747 0.161952
FixedParameters: 0 0 0

#Transform 134
Transform: AffineTransform_float_3_3
Parameters: 1 0.00028097 0.000527087 -0.00028303 0.999993 0.00385486 -0.000525913 -0.00385515 0.999993 -0.128161 0.00217056 0.183408
FixedParameters: 0 0 0

#Transform 135
Transform: AffineTransform_float_3_3
Parameters: 1 0.000224929 0.000300803 -0.000226071 0.999993 0.00356393 -0.000300196 -0.00356407 0.999993 -0.125835 0.0484123 0.166912
FixedParameters: 0 0 0

#Transform 136
Transform: AffineTransform_float_3_3
Parameters: 1 0.000298962 0.000276128 -0.000299038 0.999993 0.00376792 -0.000274875 -0.00376808 0.999993 -0.127287 0.00553889 0.169601
FixedParameters: 0 0 0

#Transform 137
Transform: AffineTransform_float_3_3
Parameters: 1 0.00038277 0.000308532 -0.000384227 0.999992 0.00399488 -0.000306467 -0.00399512 0.999992 -0.160909 0.00376091 0.155996
FixedParameters: 0 0 0

#Transform 138
Transform: AffineTransform_float_3_3
Parameters: 1 0.000534689 0.00031722 -0.00053631 0.999992 0.00414683 -0.000314779 -0.00414617 0.999992 -0.179251 0.00476517 0.175945
FixedParameters: 0 0 0

#Transform 139
Transform: AffineTransform_float_3_3
Parameters: 0.999999 0.000721781 -0.000177861 -0.000720219 0.999991 0.00435113 0.000181135 -0.00435087 0.99999 -0.210681 0.0417479 0.267979
FixedParameters: 0 0 0

#Transform 140
Transform: AffineTransform_float_3_3
Parameters: 0.999999 0.000722466 -0.000318697 -0.000720532 0.99999 0.00457723 0.000322301 -0.00457677 0.99999 -0.229826 -0.0371416 0.208642
FixedParameters: 0 0 0

#Transform 141
Transform: AffineTransform_float_3_3
Parameters: 0.999999 0.000721212 -4.8972e-05 -0.000720788 0.999991 0.00419904 5.2027e-05 -0.00419896 0.999991 -0.228661 0.0199624 0.21321
FixedParameters: 0 0 0

#Transform 142
Transform: AffineTransform_float_3_3
Parameters: 0.999999 0.000721756 -0.000167778 -0.000720242 0.99999 0.00446612 0.000171218 -0.00446588 0.99999 -0.243062 -0.0157837 0.219195
FixedParameters: 0 0 0

#Transform 143
Transform: AffineTransform_float_3_3
Parameters: 0.999999 0.000721296 -6.89719e-05 -0.000720704 0.999991 0.00419905 7.20268e-05 -0.00419895 0.999991 -0.240808 0.0080248 0.199572
FixedParameters: 0 0 0

#Transform 144
Transform: AffineTransform_float_3_3
Parameters: 0.999999 0.000722033 -0.000240925 -0.000720966 0.99999 0.00426217 0.000244075 -0.00426182 0.999991 -0.233344 -0.0259391 0.197646
FixedParameters: 0 0 0

#Transform 145
Transform: AffineTransform_float_3_3
Parameters: 0.999999 0.000719673 0.00030218 -0.000720326 0.99999 0.00441478 -0.000298823 -0.00441522 0.99999 -0.233038 0.0153058 0.159788
FixedParameters: 0 0 0

#Transform 146
Transform: AffineTransform_float_3_3
Parameters: 0.999999 0.000939798 -0.000169634 -0.000939199 0.999989 0.00464816 0.000174367 -0.00464784 0.999989 -0.243293 -0.0204922 0.202505
FixedParameters: 0 0 0

#Transform 147
Transform: AffineTransform_float_3_3
Parameters: 0.999999 0.000938123 -2.46849e-05 -0.000937875 0.999989 0.00460003 2.93145e-05 -0.00459998 0.99999 -0.2529 0.0060235 0.179813
FixedParameters: 0 0 0

#Transform 148
Transform: AffineTransform_float_3_3
Parameters: 0.999999 0.000864904 -0.000176628 -0.000864098 0.999987 0.00505715 0.000180372 -0.00505685 0.999987 -0.249746 -0.0247783 0.192981
FixedParameters: 0 0 0

#Transform 149
Transform: AffineTransform_float_3_3
Parameters: 0.999999 0.000808584 -0.000132485 -0.000807414 0.99999 0.00434811 0.000136512 -0.00434789 0.99999 -0.24151 0.00784358 0.178325
FixedParameters: 0 0 0

#Transform 150
Transform: AffineTransform_float_3_3
Parameters: 1 0.00112965 0.000304063 -0.00113135 0.99999 0.00447866 -0.000298937 -0.00447834 0.99999 -0.256342 -0.00711921 0.179741
FixedParameters: 0 0 0

#Transform 151
Transform: AffineTransform_float_3_3
Parameters: 1 0.00111732 -0.000294043 -0.00111668 0.999989 0.00443933 0.00029996 -0.00443867 0.99999 -0.265794 0.00568765 0.180619
FixedParameters: 0 0 0

#Transform 152
Transform: AffineTransform_float_3_3
Parameters: 1 0.00118816 -3.38983e-05 -0.00118784 0.99999 0.00429404 3.91009e-05 -0.00429396 0.999991 -0.258995 -0.00627574 0.138311
FixedParameters: 0 0 0

#Transform 153
Transform: AffineTransform_float_3_3
Parameters: 1 0.00100657 -0.000381899 -0.00100443 0.999991 0.00407739 0.000386099 -0.00407761 0.999991 -0.283719 -0.0233556 0.158914
FixedParameters: 0 0 0

#Transform 154
Transform: AffineTransform_float_3_3
Parameters: 1 0.00120572 -0.000176175 -0.00120429 0.999992 0.00400322 0.000180822 -0.00400279 0.999992 -0.272345 0.00749816 0.165477
FixedParameters: 0 0 0

#Transform 155
Transform: AffineTransform_float_3_3
Parameters: 0.999999 0.000960406 0.000150826 -0.000960593 0.999991 0.00398286 -0.000147175 -0.00398314 0.999992 -0.26548 0.00300936 0.118988
FixedParameters: 0 0 0

#Transform 156
Transform: AffineTransform_float_3_3
Parameters: 1 0.00102174 -0.000159328 -0.00102126 0.999989 0.00457417 0.000163673 -0.00457384 0.99999 -0.254881 -0.0264733 0.173643
FixedParameters: 0 0 0

#Transform 157
Transform: AffineTransform_float_3_3
Parameters: 1 0.0011082 -5.08712e-05 -0.0011078 0.999993 0.00372606 5.5128e-05 -0.00372594 0.999993 -0.270351 0.00160202 0.13846
FixedParameters: 0 0 0

#Transform 158
Transform: AffineTransform_float_3_3
Parameters: 1 0.00120031 -6.22332e-05 -0.00119969 0.999987 0.00480508 6.77665e-05 -0.00480592 0.999989 -0.276228 -0.0282806 0.189435
FixedParameters: 0 0 0

#Transform 159
Transform: AffineTransform_float_3_3
Parameters: 0.999999 0.00145291 -0.000220045 -0.00145208 0.99999 0.00410032 0.000225955 -0.00409967 0.999991 -0.280184 -0.00441258 0.158518
FixedParameters: 0 0 0

#Transform 160
Transform: AffineTransform_float_3_3
Parameters: 0.999999 0.00162256 -0.000611242 -0.00162044 0.99999 0.004169 0.000617761 -0.004168 0.999991 -0.285956 -0.0256409 0.178702
FixedParameters: 0 0 0

#Transform 161
Transform: AffineTransform_float_3_3
Parameters: 0.999999 0.00140842 -0.000362534 -0.00140758 0.999992 0.00388352 0.000367468 -0.00388249 0.999993 -0.302327 -0.00664254 0.191626
FixedParameters: 0 0 0

#Transform 162
Transform: AffineTransform_float_3_3
Parameters: 0.999998 0.0015568 0.000305196 -0.0015582 0.999991 0.00397853 -0.000298803 -0.00397847 0.999992 -0.309341 0.0266586 0.180506
FixedParameters: 0 0 0

#Transform 163
Transform: AffineTransform_float_3_3
Parameters: 0.999999 0.001433 -0.000248268 -0.001432 0.999991 0.00400136 0.000253731 -0.00400064 0.999992 -0.306303 -0.00546189 0.205314
FixedParameters: 0 0 0

#Transform 164
Transform: AffineTransform_float_3_3
Parameters: 0.999998 0.00157884 -0.000209763 -0.00157816 0.999991 0.00395134 0.000215237 -0.00395067 0.999992 -0.327681 0.0442172 0.163101
FixedParameters: 0 0 0

#Transform 165
Transform: AffineTransform_float_3_3
Parameters: 0.999998 0.00157482 -0.000444604 -0.00157318 0.99999 0.0040637 0.000450396 -0.00406329 0.999991 -0.343406 -0.00836767 0.18447
FixedParameters: 0 0 0

#Transform 166
Transform: AffineTransform_float_3_3
Parameters: 0.999999 0.00147368 -0.000166086 -0.00147232 0.999991 0.00401425 0.000171911 -0.00401375 0.999992 -0.354733 0.0187184 0.16632
FixedParameters: 0 0 0

#Transform 167
Transform: AffineTransform_float_3_3
Parameters: 0.999999 0.00149964 -0.000154894 -0.00149836 0.99999 0.00407223 0.000161102 -0.00407176 0.999991 -0.347367 0.0145168 0.183709
FixedParameters: 0 0 0

#Transform 168
Transform: AffineTransform_float_3_3
Parameters: 0.999999 0.00150669 -0.000408821 -0.00150531 0.999991 0.00410362 0.000414179 -0.00410238 0.999991 -0.35592 -0.00310567 0.185102
FixedParameters: 0 0 0

#Transform 169
Transform: AffineTransform_float_3_3
Parameters: 0.999999 0.00141988 0.00030426 -0.00142112 0.999992 0.00370257 -0.000298739 -0.00370343 0.999993 -0.354467 0.0453443 0.174763
FixedParameters: 0 0 0

#Transform 170
Transform: AffineTransform_float_3_3
Parameters: 0.999999 0.00149468 7.56176e-05 -0.00149532 0.999989 0.00442689 -6.83808e-05 -0.00442711 0.99999 -0.36569 0.0339652 0.210641
FixedParameters: 0 0 0

#Transform 171
Transform: AffineTransform_float_3_3
Parameters: 0.999999 0.00135202 -0.000261767 -0.00135097 0.999991 0.00387236 0.000267234 -0.00387264 0.999993 -0.357248 0.0408596 0.199092
FixedParameters: 0 0 0

#Transform 172
Transform: AffineTransform_float_3_3
Parameters: 0.999999 0.00126274 7.08102e-05 -0.00126326 0.999992 0.00380891 -6.61887e-05 -0.00380909 0.999992 -0.356637 0.0383443 0.178869
FixedParameters: 0 0 0

#Transform 173
Transform: AffineTransform_float_3_3
Parameters: 0.999999 0.00154983 -0.000197627 -0.00154817 0.999991 0.00411331 0.000204371 -0.00411369 0.999992 -0.369771 -0.00499254 0.186352
FixedParameters: 0 0 0

#Transform 174
Transform: AffineTransform_float_3_3
Parameters: 0.999999 0.00147514 -3.43445e-05 -0.00147586 0.999991 0.00383405 3.96587e-05 -0.00383394 0.999992 -0.373958 0.0404991 0.197625
FixedParameters: 0 0 0

#Transform 175
Transform: AffineTransform_float_3_3
Parameters: 0.999999 0.00151784 0.000304821 -0.00151916 0.999991 0.00383354 -0.000299179 -0.00383346 0.999992 -0.363677 0.054983 0.233028
FixedParameters: 0 0 0

#Transform 176
Transform: AffineTransform_float_3_3
Parameters: 0.999998 0.00163591 -0.000545351 -0.00163309 0.999984 0.0052919 0.000553649 -0.0052911 0.999986 -0.361087 -0.0314353 0.245427
FixedParameters: 0 0 0

#Transform 177
Transform: AffineTransform_float_3_3
Parameters: 0.999998 0.00182216 -0.000425872 -0.00182084 0.999986 0.00501278 0.000435133 -0.00501222 0.999988 -0.373992 -0.0415435 0.190168
FixedParameters: 0 0 0

#Transform 178
Transform: AffineTransform_float_3_3
Parameters: 0.999998 0.00193006 -0.000812414 -0.00192594 0.999986 0.00497258 0.000821586 -0.00497143 0.999988 -0.36538 -0.0335822 0.197319
FixedParameters: 0 0 0

#Transform 179
Transform: AffineTransform_float_3_3
Parameters: 0.999998 0.00156504 -0.000576814 -0.00156196 0.999985 0.00523591 0.000585186 -0.00523509 0.999986 -0.369312 -0.0148627 0.233954
FixedParameters: 0 0 0

#Transform 180
Transform: AffineTransform_float_3_3
Parameters: 0.999999 0.00155826 -0.00081389 -0.00155374 0.999985 0.00521227 0.000822109 -0.00521073 0.999986 -0.368489 -0.0131438 0.234796
FixedParameters: 0 0 0

#Transform 181
Transform: AffineTransform_float_3_3
Parameters: 0.999998 0.00159169 -0.000342214 -0.00159031 0.999987 0.00489455 0.000349787 -0.00489345 0.999988 -0.361321 0.00661346 0.204696
FixedParameters: 0 0 0

#Transform 182
Transform: AffineTransform_float_3_3
Parameters: 0.999998 0.00186247 -0.000476443 -0.00186053 0.999985 0.00513489 0.000485559 -0.0051341 0.999986 -0.365989 -0.0286124 0.214026
FixedParameters: 0 0 0

#Transform 183
Transform: AffineTransform_float_3_3
Parameters: 0.999999 0.00163803 -0.000576468 -0.00163497 0.999985 0.00521395 0.000585532 -0.00521305 0.999986 -0.360782 -0.0136466 0.201439
FixedParameters: 0 0 0

#Transform 184
Transform: AffineTransform_float_3_3
Parameters: 0.999998 0.00173125 -0.000229744 -0.00172974 0.999984 0.0053484 0.000239255 -0.00534859 0.999985 -0.356709 0.00599763 0.197433
FixedParameters: 0 0 0

#Transform 185
Transform: AffineTransform_float_3_3
Parameters: 0.999998 0.00146876 -0.000663751 -0.00146524 0.999983 0.00562398 0.00067225 -0.00562302 0.999984 -0.347937 -0.0329936 0.250302
FixedParameters: 0 0 0

#Transform 186
Transform: AffineTransform_float_3_3
Parameters: 0.999998 0.00162653 -0.00065125 -0.00162347 0.999984 0.00538607 0.000659753 -0.00538494 0.999986 -0.351119 0.010835 0.202957
FixedParameters: 0 0 0

#Transform 187
Transform: AffineTransform_float_3_3
Parameters: 0.999999 0.00164182 -0.000686942 -0.00163818 0.999984 0.00552414 0.00069606 -0.00552287 0.999985 -0.350553 8.94179e-05 0.231386
FixedParameters: 0 0 0

#Transform 188
Transform: AffineTransform_float_3_3
Parameters: 0.999999 0.00152956 -0.000846819 -0.00152444 0.999985 0.0053573 0.000855178 -0.0053557 0.999986 -0.353059 0.0132184 0.199613
FixedParameters: 0 0 0

#Transform 189
Transform: AffineTransform_float_3_3
Parameters: 0.999998 0.0014657 -0.000818646 -0.0014613 0.999982 0.0057092 0.000827355 -0.0057078 0.999984 -0.360634 0.00443811 0.235376
FixedParameters: 0 0 0

#Transform 190
Transform: AffineTransform_float_3_3
Parameters: 0.999999 0.00163722 -0.000900575 -0.00163178 0.999982 0.00576648 0.000909423 -0.00576452 0.999983 -0.360851 0.0197947 0.251597
