#Insight Transform File V1.0
#Transform 0
Transform: AffineTransform_float_3_3
Parameters: 1 0.000844686 0.00086233 -0.000844315 1 -0.000794729 -0.000862672 0.000794272 1 -0.0668722 0.00486305 0.0540891
FixedParameters: 0 0 0

#Transform 1
Transform: AffineTransform_float_3_3
Parameters: 1 0.000469491 0.00049954 -0.000468509 1 -0.000981235 -0.00050046 0.000981766 1 -0.042208 0.0560307 0.0428321
FixedParameters: 0 0 0

#Transform 2
Transform: AffineTransform_float_3_3
Parameters: 1 0.000440222 0.000420768 -0.000440778 1 -0.000527185 -0.000421232 0.000526814 1 -0.029208 -0.00674164 0.0353473
FixedParameters: 0 0 0

#Transform 3
Transform: AffineTransform_float_3_3
Parameters: 1 0.000416284 0.00026255 -0.000415717 1 -0.00108111 -0.00026245 0.00108089 1 -0.0162664 0.0880001 0.0218693
FixedParameters: 0 0 0

#Transform 4
Transform: AffineTransform_float_3_3
Parameters: 1 -0.000210966 8.60842e-05 0.000211034 1 -0.000398982 -8.59158e-05 0.000399018 1 0.0196214 0.0608759 0.0426855
FixedParameters: 0 0 0

#Transform 5
Transform: AffineTransform_float_3_3
Parameters: 1 -0.000561859 0.000151524 0.000562141 1 -0.000932915 -0.000150475 0.000933085 0.999999 0.0790103 0.030884 0.0156082
FixedParameters: 0 0 0

#Transform 6
Transform: AffineTransform_float_3_3
Parameters: 1 -0.000382187 -0.000205652 0.000381812 0.999999 -0.000911078 0.000206348 0.00091092 0.999999 0.0611075 0.0974383 0.0287148
FixedParameters: 0 0 0

#Transform 7
Transform: AffineTransform_float_3_3
Parameters: 1 -0.000158898 0.000307053 0.000159102 1 -0.000331951 -0.000306947 0.000332049 1 0.0357729 0.0100024 0.0271542
FixedParameters: 0 0 0

#Transform 8
Transform: AffineTransform_float_3_3
Parameters: 1 -8.29088e-05 0.00012706 8.30911e-05 0.999999 -0.000717989 -0.00012694 0.00071801 0.999999 0.0553474 0.0488909 0.0329097
FixedParameters: 0 0 0

#Transform 9
Transform: AffineTransform_float_3_3
Parameters: 1 -0.000215928 0.000108145 0.000216072 1 -0.000669976 -0.000107855 0.000670023 1 0.0516165 0.0330906 0.0250708
FixedParameters: 0 0 0

#Transform 10
Transform: AffineTransform_float_3_3
Parameters: 1 -0.000258249 -0.000421848 0.000257751 1 -0.000590109 0.000422152 0.000589891 0.999999 0.0497587 0.0392932 0.00390114
FixedParameters: 0 0 0

#Transform 11
Transform: AffineTransform_float_3_3
Parameters: 1 -4.61294e-05 -9.99404e-05 4.58706e-05 0.999999 -0.00129401 0.000100059 0.001294 0.999999 0.0295297 0.0914514 0.0250301
FixedParameters: 0 0 0

#Transform 12
Transform: AffineTransform_float_3_3
Parameters: 1 -0.000185237 -0.000234813 0.000184763 1 -0.00100804 0.000235186 0.00100796 1 0.00418527 0.0287709 -0.0258026
FixedParameters: 0 0 0

#Transform 13
Transform: AffineTransform_float_3_3
Parameters: 1 -0.000201577 0.000333256 0.000202423 0.999999 -0.00126993 -0.000332743 0.00127007 0.999999 0.0167406 0.0852815 0.000372821
FixedParameters: 0 0 0

#Transform 14
Transform: AffineTransform_float_3_3
Parameters: 1 -0.000299836 0.000216228 0.000299165 0.999999 -0.000759935 -0.000216773 0.000760065 0.999999 0.00679858 0.0608636 -0.0060227
FixedParameters: 0 0 0

#Transform 15
Transform: AffineTransform_float_3_3
Parameters: 1 -0.000204 5.01285e-06 0.000204 1 -6.2999e-05 -4.98715e-06 6.3001e-05 1 0.026095 0.0193699 -0.0325485
FixedParameters: 0 0 0

#Transform 16
Transform: AffineTransform_float_3_3
Parameters: 1 -0.000119143 -0.000203916 0.000118857 0.999999 -0.000703024 0.000204084 0.000702975 0.999999 0.0234172 0.0767863 0.00527529
FixedParameters: 0 0 0

#Transform 17
Transform: AffineTransform_float_3_3
Parameters: 1 -0.00038217 -0.000203681 0.000381829 0.999999 -0.000835077 0.000204319 0.000834921 0.999999 0.0136222 0.0117282 -0.0454707
FixedParameters: 0 0 0

#Transform 18
Transform: AffineTransform_float_3_3
Parameters: 1 -0.00038217 -0.000203681 0.000381829 0.999999 -0.000835077 0.000204319 0.000834921 0.999999 0.0135982 0.046909 0.00616971
FixedParameters: 0 0 0

#Transform 19
Transform: AffineTransform_float_3_3
Parameters: 1 -0.000382026 -5.88304e-05 0.000381974 1 -0.000444022 5.91696e-05 0.000443977 1 0.0120807 0.0657785 0.03671
FixedParameters: 0 0 0

#Transform 20
Transform: AffineTransform_float_3_3
Parameters: 1 -2.40145e-05 0.000121997 2.39855e-05 1 0.000119003 -0.000122003 -0.000118997 1 -0.000457334 -0.00606435 -0.0343512
FixedParameters: 0 0 0

#Transform 21
Transform: AffineTransform_float_3_3
Parameters: 1 0.000156108 0.000127868 -0.000155891 0.999999 -0.000848019 -0.000128132 0.000847979 0.999999 -0.00592505 0.069154 0.0123304
FixedParameters: 0 0 0

#Transform 22
Transform: AffineTransform_float_3_3
Parameters: 1 -0.000162007 -1.59321e-05 0.000161993 1 -0.000419003 1.60679e-05 0.000418997 1 0.000619494 0.0581137 0.0419273
FixedParameters: 0 0 0

#Transform 23
Transform: AffineTransform_float_3_3
Parameters: 1 0.000321907 -0.000162185 -0.000322094 1 -0.000574948 0.000162815 0.000575052 1 -0.00774304 0.056435 0.0214931
FixedParameters: 0 0 0

#Transform 24
Transform: AffineTransform_float_3_3
Parameters: 1 -2.90769e-05 -0.000161986 2.8923e-05 1 -0.000475005 0.000162014 0.000474995 1 0.00798284 0.0654675 0.024466
FixedParameters: 0 0 0

#Transform 25
Transform: AffineTransform_float_3_3
Parameters: 1 -1.39647e-05 -0.000162003 1.40353e-05 1 0.000217998 0.000161997 -0.000218002 1 0.00698633 0.0349017 0.0489856
FixedParameters: 0 0 0

#Transform 26
Transform: AffineTransform_float_3_3
Parameters: 1 0.000121951 -0.000162037 -0.000122049 1 -0.00030198 0.000161963 0.00030202 1 0.00478106 0.0482419 0.00882414
FixedParameters: 0 0 0

#Transform 27
Transform: AffineTransform_float_3_3
Parameters: 1 -0.000182991 -0.000110016 0.000183009 1 8.49799e-05 0.000109984 -8.50201e-05 1 0.00672691 0.10365 0.0407846
FixedParameters: 0 0 0

#Transform 28
Transform: AffineTransform_float_3_3
Parameters: 1 -0.000182971 -0.000162032 0.000183029 1 0.00017697 0.000161968 -0.00017703 1 0.00729502 0.0246329 0.0436454
FixedParameters: 0 0 0

#Transform 29
Transform: AffineTransform_float_3_3
Parameters: 1 -0.000369017 -0.000161962 0.000368983 1 -0.00010406 0.000162038 0.00010394 1 0.0334079 0.0704488 0.0290137
FixedParameters: 0 0 0

#Transform 30
Transform: AffineTransform_float_3_3
Parameters: 1 -0.000182858 -0.000577045 0.000182142 1 0.000245895 0.000576955 -0.000246105 1 0.0293791 0.0320488 0.0161029
FixedParameters: 0 0 0

#Transform 31
Transform: AffineTransform_float_3_3
Parameters: 1 -0.00018298 -2.51486e-05 0.00018302 0.999999 0.000811995 2.48514e-05 -0.000812004 0.999999 0.0289532 0.0181453 -0.0144505
FixedParameters: 0 0 0

#Transform 32
Transform: AffineTransform_float_3_3
Parameters: 1 -0.000587923 0.000158286 0.000588077 0.999999 -0.000486907 -0.000157714 0.000487093 1 0.0366414 0.102575 0.0427686
FixedParameters: 0 0 0

#Transform 33
Transform: AffineTransform_float_3_3
Parameters: 1 -0.000252913 -0.000162136 0.000252087 1 0.000536959 0.000162865 -0.000537041 1 0.0151805 0.0503882 0.0683158
FixedParameters: 0 0 0

#Transform 34
Transform: AffineTransform_float_3_3
Parameters: 1 -2.09017e-05 -0.000162013 2.00983e-05 1 0.000606997 0.000161988 -0.000607003 1 0.0227502 0.0629439 0.0579117
FixedParameters: 0 0 0

#Transform 35
Transform: AffineTransform_float_3_3
Parameters: 1 -0.000498601 -0.000412483 0.0004984 1 0.000968795 0.000412517 -0.000969207 1 0.0192862 0.0695392 0.0610487
FixedParameters: 0 0 0

#Transform 36
Transform: AffineTransform_float_3_3
Parameters: 1 -0.000200805 -0.000162242 0.000201196 1 0.00120297 0.000162758 -0.00120303 1 0.0263189 0.0225964 0.0363288
FixedParameters: 0 0 0

#Transform 37
Transform: AffineTransform_float_3_3
Parameters: 1 -0.000328022 -0.000161954 0.000327977 1 -0.000139053 0.000162046 0.000138947 1 0.0278722 0.104958 0.0708152
FixedParameters: 0 0 0

#Transform 38
Transform: AffineTransform_float_3_3
Parameters: 1 -0.000498971 -0.000275053 0.000499029 1 0.000105863 0.000274948 -0.000105137 1 0.0178228 0.0840875 0.0689027
FixedParameters: 0 0 0

#Transform 39
Transform: AffineTransform_float_3_3
Parameters: 1 -0.000499022 -0.000161931 0.000498977 1 -0.000139081 0.000162069 0.000138919 1 0.0112674 0.0871936 0.069216
FixedParameters: 0 0 0

#Transform 40
Transform: AffineTransform_float_3_3
Parameters: 1 -0.000184892 -0.00028607 0.000185108 1 0.000376947 0.00028593 -0.000376053 1 0.0125581 0.0475169 0.0549581
FixedParameters: 0 0 0

#Transform 41
Transform: AffineTransform_float_3_3
Parameters: 1 -0.000269678 -0.000599145 0.000270322 1 0.000537838 0.000598855 -0.000537161 0.999999 0.0251041 0.098368 0.0736836
FixedParameters: 0 0 0

#Transform 42
Transform: AffineTransform_float_3_3
Parameters: 1 -0.000299823 -0.000378141 0.000300177 1 0.000468886 0.000377859 -0.000469113 1 0.0183102 0.0607646 0.0708873
FixedParameters: 0 0 0

#Transform 43
Transform: AffineTransform_float_3_3
Parameters: 1 0.000190831 -0.000598735 -0.000189168 0.999999 0.00138811 0.000599263 -0.00138789 0.999999 0.0279463 0.0432272 0.108977
FixedParameters: 0 0 0

#Transform 44
Transform: AffineTransform_float_3_3
Parameters: 1 -0.000292669 -0.000233415 0.000293331 0.999999 0.00141793 0.000233584 -0.00141807 0.999999 0.0428428 0.08118 0.10351
FixedParameters: 0 0 0

#Transform 45
Transform: AffineTransform_float_3_3
Parameters: 1 -0.000293644 -0.000639624 0.000295357 0.999997 0.00212081 0.000639375 -0.00212119 0.999997 0.0414283 0.0463492 0.129215
FixedParameters: 0 0 0

#Transform 46
Transform: AffineTransform_float_3_3
Parameters: 1 -5.1734e-05 -0.000699095 5.32676e-05 0.999999 0.00181096 0.000699905 -0.00181104 0.999998 0.0554052 0.0577518 0.12032
FixedParameters: 0 0 0

#Transform 47
Transform: AffineTransform_float_3_3
Parameters: 1 -0.000498509 -0.000499491 0.000498491 1 0.000983752 0.00049851 -0.00098425 1 0.0508732 0.115907 0.137236
FixedParameters: 0 0 0

#Transform 48
Transform: AffineTransform_float_3_3
Parameters: 1 -5.62394e-05 -0.000699062 5.77616e-05 1 0.00108796 0.000699938 -0.00108804 0.999999 0.0284191 0.0457214 0.140238
FixedParameters: 0 0 0

#Transform 49
Transform: AffineTransform_float_3_3
Parameters: 1 4.94225e-06 -0.000698994 -4.05774e-06 0.999999 0.001348 0.000699006 -0.001348 0.999999 0.0377518 0.0878411 0.131445
FixedParameters: 0 0 0

#Transform 50
Transform: AffineTransform_float_3_3
Parameters: 1 -0.000225719 -0.0006321 0.000225281 1 0.000444858 0.000631899 -0.000445143 0.999999 0.041179 0.107743 0.120524
FixedParameters: 0 0 0

#Transform 51
Transform: AffineTransform_float_3_3
Parameters: 0.999999 0.000107126 -0.000789848 -0.000105874 0.999999 0.00142508 0.000790151 -0.00142492 0.999998 0.0313942 0.0671122 0.140845
FixedParameters: 0 0 0

#Transform 52
Transform: AffineTransform_float_3_3
Parameters: 0.999999 -0.000320368 -0.00069929 0.000320632 0.999999 0.000903776 0.00069971 -0.000904224 1 0.0440441 0.120859 0.137858
FixedParameters: 0 0 0

#Transform 53
Transform: AffineTransform_float_3_3
Parameters: 1 -9.85808e-05 -0.000699201 0.000100421 0.999998 0.00202993 0.000699797 -0.00203007 0.999997 0.0241758 0.0492884 0.131138
FixedParameters: 0 0 0

#Transform 54
Transform: AffineTransform_float_3_3
Parameters: 0.999999 -0.000134937 -0.000699205 0.000136064 0.999999 0.0015199 0.000699794 -0.00152009 0.999998 0.0252463 0.0695149 0.121732
FixedParameters: 0 0 0

#Transform 55
Transform: AffineTransform_float_3_3
Parameters: 0.999999 -0.000498019 -0.000699698 0.000498981 0.999999 0.00140165 0.000699301 -0.00140235 0.999999 0.0360223 0.111311 0.156853
FixedParameters: 0 0 0

#Transform 56
Transform: AffineTransform_float_3_3
Parameters: 0.999999 -0.000130639 -0.000699256 0.000132363 0.999998 0.00194791 0.000699743 -0.00194709 0.999998 0.022283 0.0578605 0.124192
FixedParameters: 0 0 0

#Transform 57
Transform: AffineTransform_float_3_3
Parameters: 1 -0.000145344 -0.000558171 0.000146656 1 0.00117592 0.000557828 -0.00117608 0.999999 0.0160123 0.116363 0.173165
FixedParameters: 0 0 0

#Transform 58
Transform: AffineTransform_float_3_3
Parameters: 0.999999 -0.000233926 -0.00069936 0.000235075 0.999999 0.00153584 0.000699639 -0.00153616 0.999998 0.0241143 0.0831935 0.117406
FixedParameters: 0 0 0

#Transform 59
Transform: AffineTransform_float_3_3
Parameters: 0.999998 -0.00198647 -0.00119788 0.00198653 0.999998 0.000442622 0.00119712 -0.000444379 0.999999 0.162003 0.169912 0.177709
FixedParameters: 0 0 0

#Transform 60
Transform: AffineTransform_float_3_3
Parameters: 0.999999 -0.000427491 -0.00066033 0.00042851 0.999999 0.000771717 0.00066067 -0.000771283 1 0.040518 0.0709374 0.137993
FixedParameters: 0 0 0

#Transform 61
Transform: AffineTransform_float_3_3
Parameters: 0.999999 -0.000425054 -0.000659965 0.000424946 1 -8.12804e-05 0.000660034 8.17194e-05 1 0.0332454 0.0965098 0.0987559
FixedParameters: 0 0 0

#Transform 62
Transform: AffineTransform_float_3_3
Parameters: 1 0.000106902 -0.00109801 -0.000107098 1 -8.88825e-05 0.00109799 8.91175e-05 1 0.0197172 0.168497 0.109713
FixedParameters: 0 0 0

#Transform 63
Transform: AffineTransform_float_3_3
Parameters: 0.999999 -0.000140209 -0.000845131 0.000140791 0.999999 0.000935881 0.000844868 -0.000936119 0.999999 0.0189918 0.103842 0.128812
FixedParameters: 0 0 0

#Transform 64
Transform: AffineTransform_float_3_3
Parameters: 0.999999 -0.000170678 -0.00133317 0.000172322 1 0.000991771 0.00133283 -0.000992228 0.999998 0.0328128 0.103708 0.116025
FixedParameters: 0 0 0

#Transform 65
Transform: AffineTransform_float_3_3
Parameters: 0.999999 -0.000204078 -0.00130614 0.000204922 0.999999 0.000705733 0.00130586 -0.000706267 0.999999 0.0335348 0.140725 0.143288
FixedParameters: 0 0 0

#Transform 66
Transform: AffineTransform_float_3_3
Parameters: 0.999999 -0.000525567 -0.00171675 0.000528434 0.999999 0.0014171 0.00171625 -0.0014179 0.999998 0.0474137 0.0807303 0.146442
FixedParameters: 0 0 0

#Transform 67
Transform: AffineTransform_float_3_3
Parameters: 0.999999 -0.000525634 -0.00146685 0.000528365 0.999998 0.00161223 0.00146615 -0.00161377 0.999997 0.0620392 0.105778 0.158667
FixedParameters: 0 0 0

#Transform 68
Transform: AffineTransform_float_3_3
Parameters: 0.999999 -0.000255685 -0.00132825 0.000257316 1 0.000990659 0.00132775 -0.00099034 0.999998 0.020778 0.11927 0.175227
FixedParameters: 0 0 0

#Transform 69
Transform: AffineTransform_float_3_3
Parameters: 0.999999 -0.000121007 -0.00138718 0.000122993 0.999999 0.00143683 0.00138682 -0.00143717 0.999998 0.0449774 0.106467 0.162975
FixedParameters: 0 0 0

#Transform 70
Transform: AffineTransform_float_3_3
Parameters: 0.999999 3.11918e-05 -0.00146597 -2.98096e-05 0.999999 0.000812044 0.00146602 -0.000812955 0.999998 0.0578709 0.155008 0.188589
FixedParameters: 0 0 0

#Transform 71
Transform: AffineTransform_float_3_3
Parameters: 0.999999 -0.000157268 -0.00146619 0.000158733 1 0.00118177 0.00146581 -0.00118123 0.999998 0.0507595 0.131003 0.181518
FixedParameters: 0 0 0

#Transform 72
Transform: AffineTransform_float_3_3
Parameters: 0.999999 6.96003e-06 -0.00146599 -5.03994e-06 0.999999 0.00133701 0.00146601 -0.00133699 0.999998 0.0525592 0.106993 0.186216
FixedParameters: 0 0 0

#Transform 73
Transform: AffineTransform_float_3_3
Parameters: 0.999999 -0.000526106 -0.00146668 0.000527893 0.999999 0.00129023 0.00146632 -0.00129177 0.999998 0.0683637 0.15504 0.199233
FixedParameters: 0 0 0

#Transform 74
Transform: AffineTransform_float_3_3
Parameters: 0.999999 -9.16747e-05 -0.00146615 9.33263e-05 0.999998 0.00158686 0.00146585 -0.00158614 0.999997 0.0610614 0.0835745 0.181778
FixedParameters: 0 0 0

#Transform 75
Transform: AffineTransform_float_3_3
Parameters: 0.999999 -0.00030717 -0.00146638 0.000308832 0.999999 0.00124855 0.00146662 -0.00124845 0.999998 0.0807738 0.109489 0.166035
FixedParameters: 0 0 0

#Transform 76
Transform: AffineTransform_float_3_3
Parameters: 0.999998 -0.000525916 -0.00163667 0.000528084 0.999999 0.00127314 0.00163633 -0.00127386 0.999998 0.0701437 0.136621 0.176798
FixedParameters: 0 0 0

#Transform 77
Transform: AffineTransform_float_3_3
Parameters: 0.999999 7.10977e-05 -0.0014659 -6.8902e-05 0.999999 0.0014311 0.0014661 -0.0014309 0.999998 0.0685455 0.0933293 0.180334
FixedParameters: 0 0 0

#Transform 78
Transform: AffineTransform_float_3_3
Parameters: 0.999999 6.99196e-05 -0.00146091 -6.80814e-05 0.999999 0.0013141 0.00146009 -0.0013139 0.999998 0.0573523 0.1583 0.211445
FixedParameters: 0 0 0

#Transform 79
Transform: AffineTransform_float_3_3
Parameters: 0.999999 -0.000203241 -0.00147424 0.000205758 1 0.0011927 0.00147376 -0.0011933 0.999998 0.0588881 0.10503 0.181986
FixedParameters: 0 0 0

#Transform 80
Transform: AffineTransform_float_3_3
Parameters: 0.999998 -1.21161e-05 -0.00163302 1.48838e-05 0.999999 0.00176598 0.00163298 -0.00176602 0.999997 0.069541 0.109185 0.188598
FixedParameters: 0 0 0

#Transform 81
Transform: AffineTransform_float_3_3
Parameters: 0.999998 -0.000363379 -0.00186932 0.00036462 0.999999 0.000866319 0.00186868 -0.00086768 0.999998 0.084091 0.166242 0.210298
FixedParameters: 0 0 0

#Transform 82
Transform: AffineTransform_float_3_3
Parameters: 0.999998 -8.47813e-05 -0.00166311 8.62182e-05 0.999999 0.00133386 0.00166289 -0.00133414 0.999997 0.0741869 0.112311 0.189696
FixedParameters: 0 0 0

#Transform 83
Transform: AffineTransform_float_3_3
Parameters: 0.999999 -0.000292284 -0.00176945 0.000295716 0.999999 0.00153448 0.00176955 -0.00153552 0.999998 0.0886368 0.140746 0.21128
FixedParameters: 0 0 0

#Transform 84
Transform: AffineTransform_float_3_3
Parameters: 0.999998 -0.000256385 -0.0017034 0.000258615 0.999999 0.00153456 0.0017036 -0.00153544 0.999998 0.0767581 0.144537 0.171454
FixedParameters: 0 0 0

#Transform 85
Transform: AffineTransform_float_3_3
Parameters: 0.999998 1.70515e-05 -0.00198798 -1.39484e-05 0.999999 0.00153503 0.00198802 -0.00153497 0.999997 0.0577045 0.107632 0.180007
FixedParameters: 0 0 0

#Transform 86
Transform: AffineTransform_float_3_3
Parameters: 0.999997 -0.000311184 -0.00212341 0.000313816 0.999999 0.00132634 0.00212258 -0.00132666 0.999997 0.0735649 0.155481 0.20348
FixedParameters: 0 0 0

#Transform 87
Transform: AffineTransform_float_3_3
Parameters: 0.999998 -0.000451662 -0.00195154 0.000453338 0.999999 0.00119812 0.00195046 -0.00119888 0.999998 0.0712462 0.127551 0.178151
FixedParameters: 0 0 0

#Transform 88
Transform: AffineTransform_float_3_3
Parameters: 0.999997 -0.000139806 -0.00212321 0.000143192 0.999999 0.0015037 0.00212279 -0.0015043 0.999996 0.0779252 0.0933501 0.188002
FixedParameters: 0 0 0

#Transform 89
Transform: AffineTransform_float_3_3
Parameters: 0.999997 -0.000524505 -0.00212387 0.000528494 0.999998 0.00164488 0.00212313 -0.00164612 0.999997 0.0895935 0.159406 0.196328
FixedParameters: 0 0 0

#Transform 90
Transform: AffineTransform_float_3_3
Parameters: 0.999998 -0.000525223 -0.0016309 0.000527778 0.999999 0.00170314 0.0016301 -0.00170386 0.999997 0.0891534 0.122687 0.197613
FixedParameters: 0 0 0

#Transform 91
Transform: AffineTransform_float_3_3
Parameters: 0.999998 -0.000361003 -0.00196755 0.000363998 0.999999 0.00152329 0.00196745 -0.00152371 0.999997 0.0854575 0.126335 0.210197
FixedParameters: 0 0 0

#Transform 92
Transform: AffineTransform_float_3_3
Parameters: 0.999998 -0.000372821 -0.00196641 0.000375177 1 0.00110726 0.00196558 -0.00110873 0.999997 0.0861738 0.139875 0.169429
FixedParameters: 0 0 0

#Transform 93
Transform: AffineTransform_float_3_3
Parameters: 0.999999 -0.000525947 -0.00171763 0.000528053 0.999999 0.00119509 0.00171637 -0.0011959 0.999998 0.0710315 0.142916 0.179884
FixedParameters: 0 0 0

#Transform 94
Transform: AffineTransform_float_3_3
Parameters: 0.999999 -0.000525552 -0.00169976 0.000528449 0.999999 0.0014401 0.00169924 -0.00144089 0.999997 0.0946187 0.124322 0.184419
FixedParameters: 0 0 0

#Transform 95
Transform: AffineTransform_float_3_3
Parameters: 0.999999 -0.000525981 -0.00138277 0.000528018 0.999999 0.00145927 0.00138223 -0.00146073 0.999998 0.103784 0.157208 0.21119
FixedParameters: 0 0 0

#Transform 96
Transform: AffineTransform_float_3_3
Parameters: 0.999999 -0.000524266 -0.00172014 0.000527734 0.999998 0.0021711 0.00171886 -0.00217191 0.999996 0.109121 0.126013 0.233626
FixedParameters: 0 0 0

#Transform 97
Transform: AffineTransform_float_3_3
Parameters: 0.999999 -0.000525003 -0.00146907 0.000527996 0.999998 0.00204023 0.00146793 -0.00204077 0.999997 0.124546 0.136174 0.235586
FixedParameters: 0 0 0

#Transform 98
Transform: AffineTransform_float_3_3
Parameters: 0.999999 -0.000525125 -0.0013751 0.000527873 0.999997 0.00209028 0.0013739 -0.00209172 0.999997 0.101398 0.143815 0.229887
FixedParameters: 0 0 0

#Transform 99
Transform: AffineTransform_float_3_3
Parameters: 0.999998 -0.000525029 -0.00153802 0.000527971 0.999998 0.00193219 0.00153698 -0.00193281 0.999997 0.103049 0.123289 0.233518
FixedParameters: 0 0 0

#Transform 100
Transform: AffineTransform_float_3_3
Parameters: 0.999998 -0.000405544 -0.00165285 0.000409455 0.999997 0.00209033 0.00165215 -0.00209167 0.999997 0.109886 0.121281 0.248901
FixedParameters: 0 0 0

#Transform 101
Transform: AffineTransform_float_3_3
Parameters: 0.999999 -0.000358411 -0.00171675 0.000362589 0.999997 0.00209038 0.00171625 -0.00209162 0.999997 0.0832526 0.153697 0.267159
FixedParameters: 0 0 0

#Transform 102
Transform: AffineTransform_float_3_3
Parameters: 0.999998 -0.000311484 -0.00159569 0.000315518 0.999998 0.0022045 0.00159531 -0.0022045 0.999997 0.0730745 0.112044 0.223365
FixedParameters: 0 0 0

#Transform 103
Transform: AffineTransform_float_3_3
Parameters: 0.999999 -0.000415483 -0.00137446 0.000416518 1 0.00110443 0.00137354 -0.00110457 0.999998 0.0807508 0.179406 0.237116
FixedParameters: 0 0 0

#Transform 104
Transform: AffineTransform_float_3_3
Parameters: 0.999998 -0.000525196 -0.0016339 0.000527804 0.999999 0.00171614 0.0016331 -0.00171686 0.999997 0.0843803 0.137992 0.219578
FixedParameters: 0 0 0

#Transform 105
Transform: AffineTransform_float_3_3
Parameters: 0.999999 -0.000369231 -0.00178957 0.00037177 0.999998 0.00154734 0.00178943 -0.00154766 0.999997 0.0910851 0.142177 0.233848
FixedParameters: 0 0 0

#Transform 106
Transform: AffineTransform_float_3_3
Parameters: 0.999998 -0.000525331 -0.00160488 0.000527669 0.999998 0.00166316 0.00160412 -0.00166384 0.999998 0.095515 0.164884 0.241979
FixedParameters: 0 0 0

#Transform 107
Transform: AffineTransform_float_3_3
Parameters: 0.999998 -0.000523736 -0.00184122 0.000528263 0.999997 0.00231603 0.00183978 -0.00231697 0.999995 0.0943307 0.0943483 0.236459
FixedParameters: 0 0 0

#Transform 108
Transform: AffineTransform_float_3_3
Parameters: 0.999998 -0.000524314 -0.00157024 0.000527686 0.999997 0.00234817 0.00156876 -0.00234883 0.999996 0.0929437 0.143463 0.243171
FixedParameters: 0 0 0

#Transform 109
Transform: AffineTransform_float_3_3
Parameters: 0.999999 -0.000341394 -0.00183886 0.000346607 0.999997 0.00250537 0.00183814 -0.00250563 0.999995 0.0855925 0.0917159 0.233135
FixedParameters: 0 0 0

#Transform 110
Transform: AffineTransform_float_3_3
Parameters: 0.999998 -0.000524539 -0.00183999 0.000528461 0.999998 0.00188103 0.00183901 -0.00188197 0.999996 0.104208 0.153532 0.238162
FixedParameters: 0 0 0

#Transform 111
Transform: AffineTransform_float_3_3
Parameters: 0.999999 -0.000524211 -0.00176413 0.000527791 0.999997 0.00214807 0.00176387 -0.00214893 0.999996 0.0733751 0.150769 0.237427
FixedParameters: 0 0 0

#Transform 112
Transform: AffineTransform_float_3_3
Parameters: 0.999998 -0.000588667 -0.00191833 0.000593332 0.999998 0.00225887 0.00191666 -0.00226013 0.999995 0.0890977 0.132216 0.240231
FixedParameters: 0 0 0

#Transform 113
Transform: AffineTransform_float_3_3
Parameters: 0.999998 -0.000525337 -0.00159588 0.000527664 0.999999 0.00166916 0.00159512 -0.00166984 0.999998 0.0841083 0.161124 0.255681
FixedParameters: 0 0 0

#Transform 114
Transform: AffineTransform_float_3_3
Parameters: 0.999998 -0.000523503 -0.00185927 0.000528496 0.999997 0.00241902 0.00185773 -0.00241998 0.999996 0.0805465 0.0926224 0.231617
FixedParameters: 0 0 0

#Transform 115
Transform: AffineTransform_float_3_3
Parameters: 0.999998 -0.000523536 -0.00197819 0.000528464 0.999998 0.00225696 0.00197681 -0.00225804 0.999996 0.0935236 0.147124 0.248211
FixedParameters: 0 0 0

#Transform 116
Transform: AffineTransform_float_3_3
Parameters: 0.999998 -0.000523365 -0.00186631 0.000527637 0.999997 0.00248402 0.0018657 -0.00248498 0.999995 0.0743929 0.123203 0.249632
FixedParameters: 0 0 0

#Transform 117
Transform: AffineTransform_float_3_3
Parameters: 0.999998 -0.000385758 -0.00194105 0.000391243 0.999997 0.00270125 0.00193995 -0.00270175 0.999994 0.0874805 0.120461 0.256279
FixedParameters: 0 0 0

#Transform 118
Transform: AffineTransform_float_3_3
Parameters: 0.999998 -0.000524759 -0.00181094 0.000528242 0.999999 0.00179005 0.00181006 -0.00179095 0.999997 0.0922702 0.160911 0.267296
FixedParameters: 0 0 0

#Transform 119
Transform: AffineTransform_float_3_3
Parameters: 0.999998 -0.00052338 -0.00181834 0.000527619 0.999996 0.00254104 0.00181667 -0.00254195 0.999995 0.0799475 0.0990436 0.260297
FixedParameters: 0 0 0

#Transform 120
Transform: AffineTransform_float_3_3
Parameters: 0.999999 -0.000524843 -0.00178393 0.000528156 0.999999 0.00176906 0.00178307 -0.00177094 0.999997 0.088127 0.15588 0.2504
FixedParameters: 0 0 0

#Transform 121
Transform: AffineTransform_float_3_3
Parameters: 0.999999 -0.000524462 -0.00171509 0.000528538 0.999997 0.0020631 0.00171391 -0.0020639 0.999997 0.0946395 0.123379 0.258939
FixedParameters: 0 0 0

#Transform 122
Transform: AffineTransform_float_3_3
Parameters: 0.999998 -0.000524592 -0.00151019 0.000528408 0.999998 0.00225721 0.00150881 -0.0022578 0.999997 0.103015 0.12131 0.263814
FixedParameters: 0 0 0

#Transform 123
Transform: AffineTransform_float_3_3
Parameters: 0.999998 -0.00101855 -0.00180195 0.00102245 0.999997 0.00191216 0.00180005 -0.00191384 0.999997 0.137064 0.156804 0.288788
FixedParameters: 0 0 0

#Transform 124
Transform: AffineTransform_float_3_3
Parameters: 0.999996 -0.00207113 -0.00196808 0.00207487 0.999996 0.00196792 0.00196392 -0.00197208 0.999996 0.207703 0.126226 0.252159
FixedParameters: 0 0 0

#Transform 125
Transform: AffineTransform_float_3_3
Parameters: 0.999995 -0.00234518 -0.00184731 0.00234682 0.999997 0.000983669 0.00184469 -0.00098733 0.999998 0.242296 0.177119 0.244403
FixedParameters: 0 0 0

#Transform 126
Transform: AffineTransform_float_3_3
Parameters: 0.999997 -0.00155487 -0.00185163 0.00155813 0.999998 0.00169012 0.00184937 -0.00169388 0.999997 0.13967 0.133359 0.27521
FixedParameters: 0 0 0

#Transform 127
Transform: AffineTransform_float_3_3
Parameters: 0.999999 -0.000243373 -0.00184848 0.000246629 0.999998 0.00196255 0.00184852 -0.00196245 0.999997 0.0417601 0.12605 0.258395
FixedParameters: 0 0 0

#Transform 128
Transform: AffineTransform_float_3_3
Parameters: 0.999998 -0.000399339 -0.00186579 0.000403662 0.999998 0.00196225 0.00186521 -0.00196275 0.999997 0.0776152 0.193982 0.29256
FixedParameters: 0 0 0

#Transform 129
Transform: AffineTransform_float_3_3
Parameters: 0.999998 -0.000698088 -0.00186684 0.000702912 0.999997 0.00263169 0.00186516 -0.00263331 0.999995 0.0873142 0.113946 0.269507
FixedParameters: 0 0 0

#Transform 130
Transform: AffineTransform_float_3_3
Parameters: 0.999998 -0.00040039 -0.00186578 0.000403611 0.999998 0.00193525 0.00186522 -0.00193575 0.999997 0.0836886 0.134457 0.297909
FixedParameters: 0 0 0

#Transform 131
Transform: AffineTransform_float_3_3
Parameters: 0.999999 -4.14336e-05 -0.00178409 4.55661e-05 0.999998 0.00199892 0.00178391 -0.00199908 0.999997 0.0293077 0.103359 0.334182
FixedParameters: 0 0 0

#Transform 132
Transform: AffineTransform_float_3_3
Parameters: 0.999998 -0.000233891 -0.00172129 0.000236109 0.999999 0.0012256 0.00172071 -0.0012254 0.999998 0.0518574 0.161479 0.270428
FixedParameters: 0 0 0

#Transform 133
Transform: AffineTransform_float_3_3
Parameters: 0.999999 -0.000382469 -0.00176277 0.000385532 0.999998 0.00200332 0.00176223 -0.00200368 0.999997 0.057196 0.17115 0.325986
FixedParameters: 0 0 0

#Transform 134
Transform: AffineTransform_float_3_3
Parameters: 0.999998 -0.000186905 -0.00200258 0.000193096 0.999996 0.00304362 0.00200242 -0.00304438 0.999994 0.0524065 0.112499 0.287616
FixedParameters: 0 0 0

#Transform 135
Transform: AffineTransform_float_3_3
Parameters: 0.999998 -0.000504217 -0.00159688 0.000506784 0.999999 0.00174319 0.00159612 -0.00174381 0.999997 0.0763003 0.187016 0.314303
FixedParameters: 0 0 0

#Transform 136
Transform: AffineTransform_float_3_3
Parameters: 0.999998 -0.000250098 -0.00201174 0.000255902 0.999995 0.00293349 0.00201126 -0.00293451 0.999993 0.0675458 0.122412 0.326493
FixedParameters: 0 0 0

#Transform 137
Transform: AffineTransform_float_3_3
Parameters: 0.999998 -5.11749e-05 -0.00209615 5.78245e-05 0.999996 0.00277889 0.00209585 -0.00277911 0.999994 0.0801411 0.133383 0.305099
FixedParameters: 0 0 0

#Transform 138
Transform: AffineTransform_float_3_3
Parameters: 0.999998 -0.000280681 -0.00208858 0.000285321 0.999998 0.00206841 0.00208841 -0.00206859 0.999995 0.0743265 0.147084 0.297809
FixedParameters: 0 0 0

#Transform 139
Transform: AffineTransform_float_3_3
Parameters: 0.999998 -0.000325906 -0.00196385 0.000331093 0.999996 0.00259335 0.00196315 -0.00259464 0.999994 0.0766628 0.113191 0.307938
FixedParameters: 0 0 0

#Transform 140
Transform: AffineTransform_float_3_3
Parameters: 0.999998 -0.000348461 -0.00209176 0.00035254 0.999997 0.00217027 0.00209124 -0.00217073 0.999996 0.084279 0.155301 0.29575
FixedParameters: 0 0 0

#Transform 141
Transform: AffineTransform_float_3_3
Parameters: 0.999998 -0.000501756 -0.00226917 0.000506244 0.999997 0.00231086 0.00226784 -0.00231214 0.999995 0.0834619 0.109116 0.300758
FixedParameters: 0 0 0

#Transform 142
Transform: AffineTransform_float_3_3
Parameters: 0.999997 -0.000501251 -0.00210138 0.00050675 0.999996 0.00273594 0.00210062 -0.00273706 0.999994 0.0807836 0.153499 0.31272
FixedParameters: 0 0 0

#Transform 143
Transform: AffineTransform_float_3_3
Parameters: 0.999997 -0.000503373 -0.00209288 0.000506627 0.999999 0.00173294 0.00209212 -0.00173406 0.999997 0.0700232 0.191383 0.313548
FixedParameters: 0 0 0

#Transform 144
Transform: AffineTransform_float_3_3
Parameters: 0.999998 -0.000501494 -0.00205335 0.000506505 0.999997 0.00268197 0.00205165 -0.00268304 0.999995 0.0696352 0.126735 0.310891
FixedParameters: 0 0 0

#Transform 145
Transform: AffineTransform_float_3_3
Parameters: 0.999998 -0.000390175 -0.00225602 0.000395825 0.999996 0.00258211 0.00225499 -0.00258289 0.999994 0.0820271 0.124943 0.305984
FixedParameters: 0 0 0

#Transform 146
Transform: AffineTransform_float_3_3
Parameters: 0.999998 -0.000501252 -0.00201344 0.000506749 0.999996 0.00285498 0.00201256 -0.00285601 0.999994 0.0718879 0.152468 0.315822
FixedParameters: 0 0 0

#Transform 147
Transform: AffineTransform_float_3_3
Parameters: 0.999998 -5.39485e-05 -0.00195115 5.90508e-05 0.999996 0.00258889 0.00195085 -0.00258911 0.999994 0.0417085 0.141658 0.30759
FixedParameters: 0 0 0

#Transform 148
Transform: AffineTransform_float_3_3
Parameters: 0.999998 -0.000556461 -0.00201298 0.000559539 0.999999 0.00175788 0.00201202 -0.00175912 0.999996 0.0707331 0.190308 0.339747
FixedParameters: 0 0 0

#Transform 149
Transform: AffineTransform_float_3_3
Parameters: 0.999996 -0.00148093 -0.00242572 0.00148707 0.999996 0.0025024 0.00242228 -0.0025056 0.999994 0.133806 0.124873 0.296356
FixedParameters: 0 0 0

#Transform 150
Transform: AffineTransform_float_3_3
Parameters: 0.999996 -0.00182282 -0.0022532 0.00182818 0.999995 0.00229689 0.0022498 -0.00230111 0.999995 0.180085 0.168345 0.308549
FixedParameters: 0 0 0

#Transform 151
Transform: AffineTransform_float_3_3
Parameters: 0.999995 -0.00239966 -0.00215484 0.00240334 0.999995 0.00201483 0.00215016 -0.00201917 0.999995 0.218018 0.15085 0.280862
FixedParameters: 0 0 0

#Transform 152
Transform: AffineTransform_float_3_3
Parameters: 0.999996 -0.00127343 -0.00259874 0.00127957 0.999997 0.00214268 0.00259626 -0.00214532 0.999995 0.14092 0.152619 0.311694
FixedParameters: 0 0 0

#Transform 153
Transform: AffineTransform_float_3_3
Parameters: 0.999998 -0.000648014 -0.00182942 0.000651987 0.999998 0.00217881 0.00182858 -0.00218019 0.999996 0.0852703 0.155964 0.336493
FixedParameters: 0 0 0

#Transform 154
Transform: AffineTransform_float_3_3
Parameters: 0.999997 -0.000538775 -0.00230746 0.000545226 0.999996 0.00269775 0.00230654 -0.00269925 0.999993 0.1152 0.129647 0.305435
FixedParameters: 0 0 0

#Transform 155
Transform: AffineTransform_float_3_3
Parameters: 0.999997 -0.000968569 -0.00215245 0.000974431 0.999997 0.00252391 0.00214955 -0.00252609 0.999995 0.122443 0.136691 0.34731
FixedParameters: 0 0 0

#Transform 156
Transform: AffineTransform_float_3_3
Parameters: 0.999998 -0.00064576 -0.00186617 0.000652239 0.999994 0.00334479 0.00186383 -0.00334621 0.999992 0.0777878 0.101649 0.48035
FixedParameters: 0 0 0

#Transform 157
Transform: AffineTransform_float_3_3
Parameters: 0.999999 0.000153951 -0.00147859 -0.00015005 0.999997 0.00267223 0.00147841 -0.00267178 0.999996 0.0134424 0.128275 0.394529
FixedParameters: 0 0 0

#Transform 158
Transform: AffineTransform_float_3_3
Parameters: 0.999998 0.000152875 -0.00157372 -0.000150125 0.999999 0.00182624 0.00157428 -0.00182676 0.999997 0.0454659 0.158719 0.374804
FixedParameters: 0 0 0

#Transform 159
Transform: AffineTransform_float_3_3
Parameters: 0.999996 -0.00200374 -0.00161856 0.00200426 0.999997 0.000775759 0.00161744 -0.000778244 0.999999 0.243006 0.121456 0.320095
FixedParameters: 0 0 0

#Transform 160
Transform: AffineTransform_float_3_3
Parameters: 0.999996 -0.00186382 -0.00191614 0.00186518 0.999998 0.000612428 0.00191485 -0.000616571 0.999998 0.241238 0.122498 0.262325
FixedParameters: 0 0 0

#Transform 161
Transform: AffineTransform_float_3_3
Parameters: 0.999997 -0.0018627 -0.00189826 0.0018653 0.999997 0.00121246 0.00189574 -0.00121554 0.999998 0.197403 0.158188 0.314291
FixedParameters: 0 0 0

#Transform 162
Transform: AffineTransform_float_3_3
Parameters: 0.999996 -0.00233826 -0.00192854 0.00234174 0.999996 0.00193849 0.00192346 -0.00194351 0.999997 0.232882 0.0929953 0.291804
FixedParameters: 0 0 0

#Transform 163
Transform: AffineTransform_float_3_3
Parameters: 0.999993 -0.00274054 -0.00252485 0.00274446 0.999994 0.00176308 0.00252016 -0.00176992 0.999996 0.233653 0.179621 0.35534
FixedParameters: 0 0 0

#Transform 164
Transform: AffineTransform_float_3_3
Parameters: 0.999994 -0.00231538 -0.00234257 0.00232062 0.999995 0.00239858 0.00233744 -0.00240343 0.999995 0.189557 0.130478 0.346721
FixedParameters: 0 0 0

#Transform 165
Transform: AffineTransform_float_3_3
Parameters: 0.999994 -0.00253285 -0.00265684 0.00254015 0.999993 0.00269127 0.00265016 -0.00269873 0.999993 0.21786 0.160927 0.356654
FixedParameters: 0 0 0

#Transform 166
Transform: AffineTransform_float_3_3
Parameters: 0.999993 -0.00263067 -0.00240584 0.00263633 0.999994 0.00221467 0.00240016 -0.00222133 0.999994 0.205022 0.200327 0.396229
FixedParameters: 0 0 0

#Transform 167
Transform: AffineTransform_float_3_3
Parameters: 0.999994 -0.00194729 -0.00265493 0.00195371 0.999995 0.00252683 0.00265007 -0.00253217 0.999994 0.205786 0.125424 0.355514
FixedParameters: 0 0 0

#Transform 168
Transform: AffineTransform_float_3_3
Parameters: 0.999995 -0.00184154 -0.00230477 0.00184446 0.999997 0.00150176 0.00230123 -0.00150624 0.999996 0.18114 0.198861 0.330765
FixedParameters: 0 0 0

#Transform 169
Transform: AffineTransform_float_3_3
Parameters: 0.999997 -0.00160276 -0.00215842 0.00160624 0.999997 0.00150254 0.00215559 -0.00150546 0.999997 0.144701 0.184411 0.348365
FixedParameters: 0 0 0

#Transform 170
Transform: AffineTransform_float_3_3
Parameters: 0.999996 -0.00157706 -0.00206156 0.00158294 0.999994 0.00288374 0.00205644 -0.00288625 0.999993 0.136811 0.143032 0.378434
FixedParameters: 0 0 0

#Transform 171
Transform: AffineTransform_float_3_3
Parameters: 0.999996 -0.00123404 -0.00247149 0.00124096 0.999996 0.00281494 0.00246752 -0.00281806 0.999993 0.151266 0.132747 0.363021
FixedParameters: 0 0 0

#Transform 172
Transform: AffineTransform_float_3_3
Parameters: 0.999996 -0.00136764 -0.00270425 0.00137537 0.999995 0.0030943 0.00269976 -0.00309771 0.999992 0.154492 0.155225 0.352673
FixedParameters: 0 0 0

#Transform 173
Transform: AffineTransform_float_3_3
Parameters: 0.999996 -0.000477554 -0.00270187 0.000487449 0.999993 0.0038677 0.00270014 -0.00386831 0.999989 0.0886547 0.094751 0.352552
FixedParameters: 0 0 0

#Transform 174
Transform: AffineTransform_float_3_3
Parameters: 0.999997 -0.000364679 -0.00270128 0.00037432 0.999994 0.003451 0.00269973 -0.003452 0.999991 0.111575 0.12328 0.349381
FixedParameters: 0 0 0

#Transform 175
Transform: AffineTransform_float_3_3
Parameters: 0.999996 -0.000945052 -0.00270209 0.000950947 0.999997 0.00220044 0.00269991 -0.00220356 0.999994 0.104499 0.168733 0.357935
FixedParameters: 0 0 0

#Transform 176
Transform: AffineTransform_float_3_3
Parameters: 0.999996 -0.0007397 -0.00247029 0.000743299 0.999998 0.00174017 0.00246871 -0.00174183 0.999996 0.0961551 0.107509 0.302049
FixedParameters: 0 0 0

#Transform 177
Transform: AffineTransform_float_3_3
Parameters: 0.999996 -0.000857201 -0.00270552 0.0008618 0.999998 0.00177368 0.00270347 -0.00177532 0.999995 0.131798 0.171161 0.344317
FixedParameters: 0 0 0

#Transform 178
Transform: AffineTransform_float_3_3
Parameters: 0.999997 -0.000636495 -0.00262133 0.000646506 0.999993 0.00362732 0.00261867 -0.00362868 0.99999 0.0622024 0.175021 0.422238
FixedParameters: 0 0 0

#Transform 179
Transform: AffineTransform_float_3_3
Parameters: 0.999997 -0.000700837 -0.00262093 0.000708164 0.999996 0.00273315 0.00261907 -0.00273485 0.999993 0.105337 0.131324 0.367659
FixedParameters: 0 0 0

#Transform 180
Transform: AffineTransform_float_3_3
Parameters: 0.999993 -0.00328881 -0.00212561 0.00329519 0.999991 0.00291402 0.0021164 -0.00292099 0.999994 0.180256 0.135773 0.540664
FixedParameters: 0 0 0

#Transform 181
Transform: AffineTransform_float_3_3
Parameters: 0.999997 -0.00246528 -0.000562174 0.00246572 0.999996 0.00128662 0.000559825 -0.00128838 0.999999 0.0657289 0.21357 0.298779
FixedParameters: 0 0 0

#Transform 182
Transform: AffineTransform_float_3_3
Parameters: 0.999998 -0.00201874 -0.00108223 0.00202126 0.999996 0.00209482 0.00107777 -0.00209618 0.999997 0.094309 0.199322 0.399291
FixedParameters: 0 0 0

#Transform 183
Transform: AffineTransform_float_3_3
Parameters: 0.999999 -0.00112813 -0.00129339 0.00113187 0.999995 0.00299654 0.00129061 -0.00299746 0.999994 0.0539867 0.132916 0.391391
FixedParameters: 0 0 0

#Transform 184
Transform: AffineTransform_float_3_3
Parameters: 0.999998 -0.000281725 -0.00165291 0.000287276 0.999995 0.00319253 0.00165209 -0.00319247 0.999993 0.0267673 0.170033 0.423745
FixedParameters: 0 0 0

#Transform 185
Transform: AffineTransform_float_3_3
Parameters: 0.999998 -0.00040165 -0.00155339 0.000407352 0.999994 0.00344537 0.00155261 -0.00344563 0.999993 0.0424021 0.140362 0.435251
FixedParameters: 0 0 0

#Transform 186
Transform: AffineTransform_float_3_3
Parameters: 0.999999 -0.000135272 -0.00182444 0.000141731 0.999995 0.00314075 0.00182457 -0.00314025 0.999994 0.0560998 0.142267 0.377625
FixedParameters: 0 0 0

#Transform 187
Transform: AffineTransform_float_3_3
Parameters: 0.999998 -0.000289074 -0.0016257 0.000292923 0.999997 0.00241453 0.0016243 -0.00241547 0.999996 0.0336876 0.168882 0.395306
FixedParameters: 0 0 0

#Transform 188
Transform: AffineTransform_float_3_3
Parameters: 0.999998 -2.58549e-06 -0.00208602 9.41443e-06 0.999996 0.00307499 0.00208598 -0.00307501 0.999993 0.0413328 0.100758 0.393839
FixedParameters: 0 0 0

#Transform 189
Transform: AffineTransform_float_3_3
Parameters: 0.999998 -0.000310268 -0.00230492 0.000316731 0.999995 0.00292028 0.00230409 -0.00292172 0.999993 0.0738622 0.157474 0.428011
FixedParameters: 0 0 0

#Transform 190
Transform: AffineTransform_float_3_3
Parameters: 0.999998 -0.000257479 -0.00208881 0.00026452 0.999995 0.00312145 0.00208818 -0.00312254 0.999993 0.0700259 0.125288 0.395443
FixedParameters: 0 0 0

#Transform 191
