#Insight Transform File V1.0
#Transform 0
Transform: AffineTransform_float_3_3
Parameters: 0.999998 -0.000704813 -0.00192197 0.000701186 0.999998 -0.00146435 0.00192303 0.00146265 0.999997 0.0253504 -0.167978 -0.363667
FixedParameters: 0 0 0

#Transform 1
Transform: AffineTransform_float_3_3
Parameters: 0.999998 -0.00082074 -0.00217122 0.000815262 0.999998 -0.00218278 0.00217279 0.00218122 0.999996 0.0248381 -0.185836 -0.436226
FixedParameters: 0 0 0

#Transform 2
Transform: AffineTransform_float_3_3
Parameters: 0.999998 -0.000707155 -0.00217133 0.000701847 0.999997 -0.00237353 0.00217267 0.00237247 0.999995 0.027349 -0.139819 -0.408407
FixedParameters: 0 0 0

#Transform 3
Transform: AffineTransform_float_3_3
Parameters: 0.999998 -0.000815702 -0.00217161 0.0008123 0.999998 -0.00170477 0.00217239 0.00170323 0.999996 0.0370303 -0.203293 -0.430717
FixedParameters: 0 0 0

#Transform 4
Transform: AffineTransform_float_3_3
Parameters: 0.999998 -0.000705201 -0.00217196 0.0007018 0.999998 -0.00147353 0.00217304 0.00147247 0.999996 0.0128563 -0.118075 -0.424805
FixedParameters: 0 0 0

#Transform 5
Transform: AffineTransform_float_3_3
Parameters: 0.999997 -0.000230636 -0.00217283 0.000229365 0.999999 -0.0007525 0.00217317 0.000752501 0.999998 0.0198686 -0.200219 -0.383829
FixedParameters: 0 0 0

#Transform 6
Transform: AffineTransform_float_3_3
Parameters: 0.999997 -0.000768926 -0.00239538 0.000767075 1 -0.00080484 0.00239562 0.000803161 0.999997 0.0426278 -0.121977 -0.383991
FixedParameters: 0 0 0

#Transform 7
Transform: AffineTransform_float_3_3
Parameters: 0.999996 -0.00102066 -0.00235671 0.00101934 1 -0.000283403 0.00235629 0.000280596 0.999997 0.0496993 -0.222938 -0.39949
FixedParameters: 0 0 0

#Transform 8
Transform: AffineTransform_float_3_3
Parameters: 0.999998 -0.000840554 -0.0021724 0.000839448 1 -0.000715826 0.0021726 0.000714176 0.999998 0.0491904 -0.146338 -0.381693
FixedParameters: 0 0 0

#Transform 9
Transform: AffineTransform_float_3_3
Parameters: 0.999997 -0.000739818 -0.00258448 0.000738183 1 -0.000703911 0.00258552 0.00070209 0.999997 0.0470184 -0.194825 -0.421714
FixedParameters: 0 0 0

#Transform 10
Transform: AffineTransform_float_3_3
Parameters: 0.999998 -0.000628092 -0.00217297 0.000627907 1 -4.33645e-05 0.00217303 4.16352e-05 0.999997 0.0261391 -0.184481 -0.364206
FixedParameters: 0 0 0

#Transform 11
Transform: AffineTransform_float_3_3
Parameters: 0.999997 -0.000987093 -0.00217296 0.000986906 0.999999 -4.41446e-05 0.00217304 4.18551e-05 0.999997 0.0487034 -0.109619 -0.284332
FixedParameters: 0 0 0

#Transform 12
Transform: AffineTransform_float_3_3
Parameters: 0.999999 4.96001e-05 -0.0013822 -5.43991e-05 0.999993 -0.00390693 0.0013818 0.00390708 0.999992 0.126718 0.0780241 0.213845
FixedParameters: 0 0 0

#Transform 13
Transform: AffineTransform_float_3_3
Parameters: 1 0.000580432 -0.000164022 -0.000581567 0.999994 -0.0034819 0.000161976 0.00348209 0.999994 0.0439769 0.159525 0.0431078
FixedParameters: 0 0 0

#Transform 14
Transform: AffineTransform_float_3_3
Parameters: 0.999997 0.000963187 0.00218729 -0.000956813 0.999995 -0.0028281 -0.00218971 0.0028259 0.999993 0.0619646 0.0085493 0.032367
FixedParameters: 0 0 0

#Transform 15
Transform: AffineTransform_float_3_3
Parameters: 0.999999 0.000827481 0.000523665 -0.000826516 0.999995 -0.00282443 -0.000526336 0.00282356 0.999996 0.0502251 0.0928233 -0.0370523
FixedParameters: 0 0 0

#Transform 16
Transform: AffineTransform_float_3_3
Parameters: 1 0.000614188 0.000937571 -0.000611814 0.999997 -0.00233157 -0.000938429 0.00233142 0.999997 0.0901194 0.0442664 0.130773
FixedParameters: 0 0 0

#Transform 17
Transform: AffineTransform_float_3_3
Parameters: 0.999999 0.000201408 0.000938486 -0.000198593 0.999996 -0.00256519 -0.000938512 0.00256481 0.999997 0.0313506 0.0932565 -0.000840549
FixedParameters: 0 0 0

#Transform 18
Transform: AffineTransform_float_3_3
Parameters: 1 0.000427755 0.000938202 -0.000426246 0.999998 -0.0018694 -0.000938799 0.0018696 0.999998 0.015685 0.00460908 8.58787e-06
FixedParameters: 0 0 0

#Transform 19
Transform: AffineTransform_float_3_3
Parameters: 1 0.000426044 2.9372e-05 -0.000425955 0.999999 -0.00147401 -3.06279e-05 0.00147399 0.999999 -0.0085598 0.0729038 -0.0267315
FixedParameters: 0 0 0

#Transform 20
Transform: AffineTransform_float_3_3
Parameters: 1 1.91262e-05 0.000154984 -1.88738e-05 0.999999 -0.000814002 -0.000155015 0.000813996 0.999999 0.00605036 -0.00465705 -0.00764133
FixedParameters: 0 0 0

#Transform 21
Transform: AffineTransform_float_3_3
Parameters: 1 -1.00199e-05 4.9996e-05 9.9801e-06 1 0.000398 -5.0004e-05 -0.000397999 1 0.0119778 0.0427801 0.0552219
FixedParameters: 0 0 0

#Transform 22
Transform: AffineTransform_float_3_3
Parameters: 1 -9.62603e-06 -0.000318012 1.0374e-05 1 0.001176 0.000317988 -0.001176 1 -0.00852487 -0.0408812 0.0524115
FixedParameters: 0 0 0

#Transform 23
Transform: AffineTransform_float_3_3
Parameters: 1 -9.50569e-06 -0.000293016 1.04943e-05 0.999998 0.001687 0.000292983 -0.001687 0.999998 -0.0292336 0.0233355 0.0838223
FixedParameters: 0 0 0

#Transform 24
Transform: AffineTransform_float_3_3
Parameters: 1 -0.000470091 9.15322e-05 0.000469909 1 0.000995043 -9.14675e-05 -0.000994957 0.999999 -0.00100857 -0.0313024 -0.0485315
FixedParameters: 0 0 0

#Transform 25
Transform: AffineTransform_float_3_3
Parameters: 1 -1.04147e-05 0.000349988 9.58524e-06 1 0.001185 -0.000350012 -0.001185 0.999999 -0.020182 -0.0162828 0.0599888
FixedParameters: 0 0 0

#Transform 26
Transform: AffineTransform_float_3_3
Parameters: 0.999999 -1.13025e-05 0.000826983 9.69745e-06 0.999999 0.00157501 -0.000827016 -0.00157499 0.999999 -0.0137423 -0.00483607 -0.0173926
FixedParameters: 0 0 0

#Transform 27
Transform: AffineTransform_float_3_3
Parameters: 1 -1.07552e-05 0.000616987 1.02448e-05 1 0.00122401 -0.000617013 -0.00122399 0.999999 -0.0122095 -0.032937 -0.0508028
FixedParameters: 0 0 0

#Transform 28
Transform: AffineTransform_float_3_3
Parameters: 0.999999 -0.000455601 0.000616556 0.0004544 1 0.000974281 -0.000616443 -0.00097372 1 0.0189261 -0.0169607 -0.0912101
FixedParameters: 0 0 0

#Transform 29
Transform: AffineTransform_float_3_3
Parameters: 0.999999 -8.132e-05 0.00082187 7.96797e-05 0.999998 0.00160607 -0.000822129 -0.00160593 0.999999 0.00316678 -0.0356806 -0.0525707
FixedParameters: 0 0 0

#Transform 30
Transform: AffineTransform_float_3_3
Parameters: 0.999999 -0.000455755 0.000616442 0.000455246 0.999999 0.00122428 -0.000616557 -0.00122372 0.999999 0.0189161 -0.0133525 -0.095109
FixedParameters: 0 0 0

#Transform 31
Transform: AffineTransform_float_3_3
Parameters: 1 -0.000333981 0.000616469 0.000333019 0.999998 0.0015912 -0.00061653 -0.00159079 0.999998 0.0169724 -0.0352744 -0.0893708
FixedParameters: 0 0 0

#Transform 32
Transform: AffineTransform_float_3_3
Parameters: 1 -0.00045554 0.000280124 0.00045446 0.999998 0.00192413 -0.000280875 -0.00192387 0.999998 0.0214601 -0.102426 -0.083698
FixedParameters: 0 0 0

#Transform 33
Transform: AffineTransform_float_3_3
Parameters: 1 -0.000455219 0.000196494 0.000454782 1 0.00111209 -0.000196506 -0.00111291 1 -0.0433043 0.0125398 -0.259894
FixedParameters: 0 0 0

#Transform 34
Transform: AffineTransform_float_3_3
Parameters: 0.999999 -0.000455851 0.000665418 0.00045515 0.999999 0.0012783 -0.000665582 -0.0012787 0.999999 -0.13478 0.053307 -0.647445
FixedParameters: 0 0 0

#Transform 35
Transform: AffineTransform_float_3_3
Parameters: 0.999999 0.000597081 0.00120944 -0.000601922 0.999991 0.00407127 -0.00120756 -0.00407172 0.999991 -0.174438 -0.180787 -0.510287
FixedParameters: 0 0 0

#Transform 36
Transform: AffineTransform_float_3_3
Parameters: 0.999993 0.00244467 0.00307285 -0.00245634 0.999989 0.00401648 -0.00306315 -0.00402352 0.999987 -0.139964 -0.136424 -0.177112
FixedParameters: 0 0 0

#Transform 37
Transform: AffineTransform_float_3_3
Parameters: 0.999994 0.00325564 0.000981184 -0.00325636 0.999994 0.000361807 -0.000979817 -0.000365192 1 -0.000237276 0.173909 0.252391
FixedParameters: 0 0 0

#Transform 38
Transform: AffineTransform_float_3_3
Parameters: 0.999995 0.00299118 0.000985528 -0.00299282 0.999994 0.00184606 -0.000980472 -0.00184894 0.999998 0.0249192 0.135932 0.275629
FixedParameters: 0 0 0

#Transform 39
Transform: AffineTransform_float_3_3
Parameters: 0.999996 0.00246465 0.00131641 -0.00246735 0.999996 0.00178876 -0.00131158 -0.00179224 0.999997 0.0274379 0.170313 0.21181
FixedParameters: 0 0 0

#Transform 40
Transform: AffineTransform_float_3_3
Parameters: 0.999995 0.00245975 0.00197805 -0.00246725 0.99999 0.00366914 -0.00196895 -0.00367486 0.999992 0.0197625 0.135895 0.224732
FixedParameters: 0 0 0

#Transform 41
Transform: AffineTransform_float_3_3
Parameters: 0.999995 0.00246238 0.00199671 -0.00246762 0.999995 0.00231409 -0.00199129 -0.00231892 0.999996 0.000762578 0.112947 0.146277
FixedParameters: 0 0 0

#Transform 42
Transform: AffineTransform_float_3_3
Parameters: 0.999995 0.00246321 0.00206553 -0.00246779 0.999996 0.00183491 -0.00206047 -0.00184009 0.999996 0.0215142 0.126671 0.0634325
FixedParameters: 0 0 0

#Transform 43
Transform: AffineTransform_float_3_3
Parameters: 0.999995 0.00246013 0.00206122 -0.00246787 0.999992 0.00333493 -0.00205278 -0.00334007 0.999993 0.0214874 0.0839668 0.0731021
FixedParameters: 0 0 0

#Transform 44
Transform: AffineTransform_float_3_3
Parameters: 0.999996 0.00211209 0.00192241 -0.00211691 0.999995 0.00255794 -0.00191659 -0.00256206 0.999995 0.0276668 0.09288 -0.0217606
FixedParameters: 0 0 0

#Transform 45
Transform: AffineTransform_float_3_3
Parameters: 0.999995 0.00235241 0.00202867 -0.00235859 0.999992 0.00325223 -0.00202133 -0.00325677 0.999992 0.0233688 0.0805869 0.0936718
FixedParameters: 0 0 0

#Transform 46
Transform: AffineTransform_float_3_3
Parameters: 0.999996 0.00195367 0.00196731 -0.00196133 0.999991 0.00373216 -0.00195969 -0.00373584 0.999991 0.017068 0.00285889 -0.0251785
FixedParameters: 0 0 0

#Transform 47
Transform: AffineTransform_float_3_3
Parameters: 0.999995 0.00195185 0.00220414 -0.00196115 0.99999 0.0041587 -0.00219586 -0.00416331 0.999989 -0.0132057 0.0555476 -0.0131111
FixedParameters: 0 0 0

#Transform 48
Transform: AffineTransform_float_3_3
Parameters: 0.999996 0.00195211 0.00208038 -0.0019609 0.999989 0.00428194 -0.00207262 -0.00428606 0.999988 -0.00896649 0.00284602 -0.00414113
FixedParameters: 0 0 0

#Transform 49
Transform: AffineTransform_float_3_3
Parameters: 0.999996 0.00195194 0.00208054 -0.00196106 0.999988 0.00436194 -0.00207246 -0.00436606 0.999989 -0.00881637 0.0378359 0.0303655
FixedParameters: 0 0 0

#Transform 50
Transform: AffineTransform_float_3_3
Parameters: 0.999996 0.00195299 0.00207955 -0.00196101 0.99999 0.00385494 -0.00207245 -0.00385906 0.999991 -0.0028933 0.0446699 0.056259
FixedParameters: 0 0 0

#Transform 51
Transform: AffineTransform_float_3_3
Parameters: 0.999995 0.00195063 0.0025709 -0.00196137 0.99999 0.00403798 -0.00256309 -0.00404302 0.999988 -0.0120803 0.11243 0.100763
FixedParameters: 0 0 0

#Transform 52
Transform: AffineTransform_float_3_3
Parameters: 0.999994 0.00194918 0.00280426 -0.00196083 0.999989 0.00421953 -0.00279675 -0.00422548 0.999987 -0.0141926 0.0180712 0.0329514
FixedParameters: 0 0 0

#Transform 53
Transform: AffineTransform_float_3_3
Parameters: 0.999995 0.0017144 0.00271472 -0.0017256 0.999991 0.00390833 -0.00270827 -0.00391266 0.999988 -0.0285294 0.0869551 -0.0265326
FixedParameters: 0 0 0

#Transform 54
Transform: AffineTransform_float_3_3
Parameters: 0.999995 0.00172211 0.0023849 -0.00173289 0.999988 0.00457089 -0.0023771 -0.00457511 0.999986 -0.0243948 0.00602198 -0.0027432
FixedParameters: 0 0 0

#Transform 55
Transform: AffineTransform_float_3_3
Parameters: 0.999996 0.00147094 0.00236392 -0.00148206 0.999988 0.00468252 -0.00235708 -0.00468649 0.999986 -0.00348582 0.0567301 -0.00785913
FixedParameters: 0 0 0

#Transform 56
Transform: AffineTransform_float_3_3
Parameters: 0.999996 0.00147254 0.0023719 -0.00148246 0.999991 0.0039905 -0.0023661 -0.0039945 0.999989 0.0105624 0.0293177 -0.0362805
FixedParameters: 0 0 0

#Transform 57
Transform: AffineTransform_float_3_3
Parameters: 0.999995 0.0014721 0.0027134 -0.00148191 0.999992 0.003651 -0.0027086 -0.003655 0.999989 -0.0405342 0.108169 0.0110426
FixedParameters: 0 0 0

#Transform 58
Transform: AffineTransform_float_3_3
Parameters: 0.999995 0.00188118 0.00271483 -0.00189082 0.999991 0.00361988 -0.00270817 -0.00362511 0.99999 -0.0346982 0.0555531 0.0894252
FixedParameters: 0 0 0

#Transform 59
Transform: AffineTransform_float_3_3
Parameters: 0.999995 0.00176774 0.00271471 -0.00177726 0.999992 0.0037812 -0.0027083 -0.00378581 0.999989 -0.0165478 0.136195 0.0497538
FixedParameters: 0 0 0

#Transform 60
Transform: AffineTransform_float_3_3
Parameters: 0.999996 0.0018196 0.00223351 -0.0018294 0.999987 0.00466393 -0.00222549 -0.00466806 0.999986 -0.0120437 0.0389358 0.0390958
FixedParameters: 0 0 0

#Transform 61
Transform: AffineTransform_float_3_3
Parameters: 0.999994 0.00179001 0.00271594 -0.00180199 0.999988 0.00441913 -0.00270806 -0.00442387 0.999986 -0.0250577 0.0863185 0.0249936
FixedParameters: 0 0 0

#Transform 62
Transform: AffineTransform_float_3_3
Parameters: 0.999995 0.00170263 0.00271579 -0.00171437 0.999988 0.00455837 -0.00270821 -0.00456263 0.999986 -0.0194032 0.0241164 0.0255089
FixedParameters: 0 0 0

#Transform 63
Transform: AffineTransform_float_3_3
Parameters: 0.999995 0.00146972 0.00279051 -0.00148228 0.999989 0.00440589 -0.0027835 -0.00440912 0.999987 -0.0328108 0.100424 0.014064
FixedParameters: 0 0 0

#Transform 64
Transform: AffineTransform_float_3_3
Parameters: 0.999995 0.0017871 0.00257829 -0.0017989 0.999987 0.00462038 -0.00256971 -0.00462461 0.999986 -0.02911 0.0329223 0.0209395
FixedParameters: 0 0 0

#Transform 65
Transform: AffineTransform_float_3_3
Parameters: 0.999995 0.00146914 0.00257338 -0.00148186 0.999987 0.00500321 -0.00256661 -0.0050078 0.999984 -0.0263696 0.0448366 0.0643225
FixedParameters: 0 0 0

#Transform 66
Transform: AffineTransform_float_3_3
Parameters: 0.999997 0.0017109 0.0018067 -0.0017191 0.999989 0.00449091 -0.0017993 -0.0044941 0.999989 0.00818437 0.0644464 -0.00692849
FixedParameters: 0 0 0

#Transform 67
Transform: AffineTransform_float_3_3
Parameters: 0.999996 0.00161672 0.00200652 -0.00162629 0.999988 0.00463375 -0.00199948 -0.00463725 0.999987 0.0140748 0.01003 0.0282229
FixedParameters: 0 0 0

#Transform 68
Transform: AffineTransform_float_3_3
Parameters: 0.999997 0.00147331 0.00197651 -0.00148269 0.999989 0.00440109 -0.00196949 -0.00440392 0.999989 0.00651101 0.0518647 -0.0487659
FixedParameters: 0 0 0

#Transform 69
Transform: AffineTransform_float_3_3
Parameters: 0.999998 0.00118667 0.00166297 -0.00119433 0.999986 0.00501502 -0.00165703 -0.00501698 0.999986 -0.0402386 -0.0145595 -0.126181
FixedParameters: 0 0 0

#Transform 70
Transform: AffineTransform_float_3_3
Parameters: 0.999997 0.0013988 0.00165169 -0.0014092 0.99998 0.00619069 -0.00164331 -0.00619232 0.99998 -0.173299 -0.0242883 -0.231063
FixedParameters: 0 0 0

#Transform 71
Transform: AffineTransform_float_3_3
Parameters: 0.999995 0.00160717 0.00280272 -0.00162483 0.99998 0.00601447 -0.00279327 -0.00601852 0.999978 -0.156474 -0.0861136 -0.1852
FixedParameters: 0 0 0

#Transform 72
Transform: AffineTransform_float_3_3
Parameters: 0.999994 0.00146461 0.0029158 -0.00148238 0.999981 0.00597071 -0.0029062 -0.00597529 0.999978 -0.146679 -0.0487574 -0.165243
FixedParameters: 0 0 0

#Transform 73
Transform: AffineTransform_float_3_3
Parameters: 0.999995 0.00146698 0.00281089 -0.00148201 0.999984 0.00534686 -0.00280311 -0.00535114 0.999982 -0.135662 -0.00257992 -0.233219
FixedParameters: 0 0 0

#Transform 74
Transform: AffineTransform_float_3_3
Parameters: 0.999995 0.00146447 0.00288496 -0.00148253 0.999981 0.00608276 -0.00287603 -0.00608725 0.999978 -0.133533 -0.0887651 -0.212617
FixedParameters: 0 0 0

#Transform 75
Transform: AffineTransform_float_3_3
Parameters: 0.999994 0.00146466 0.00294768 -0.00148233 0.999981 0.00588666 -0.00293932 -0.00589134 0.999979 -0.114525 -0.0262799 -0.270288
FixedParameters: 0 0 0

#Transform 76
Transform: AffineTransform_float_3_3
Parameters: 0.999995 0.00146386 0.00283046 -0.00148214 0.999979 0.00641784 -0.00282054 -0.00642217 0.999976 -0.0784617 -0.0783435 -0.208831
FixedParameters: 0 0 0

#Transform 77
Transform: AffineTransform_float_3_3
Parameters: 0.999993 0.00146384 0.0032652 -0.00148216 0.999984 0.0055672 -0.00325679 -0.00557181 0.999979 -0.10616 -0.0391851 -0.297877
FixedParameters: 0 0 0

#Transform 78
Transform: AffineTransform_float_3_3
Parameters: 0.999994 0.00146306 0.00314288 -0.00148194 0.99998 0.00603138 -0.00313411 -0.00603662 0.999977 -0.105037 -0.0887478 -0.2503
FixedParameters: 0 0 0

#Transform 79
Transform: AffineTransform_float_3_3
Parameters: 0.999993 0.00168922 0.00332516 -0.00171078 0.999977 0.00655936 -0.00331385 -0.00656464 0.999973 -0.107819 -0.102292 -0.262918
FixedParameters: 0 0 0

#Transform 80
Transform: AffineTransform_float_3_3
Parameters: 0.999993 0.00146107 0.00341603 -0.00148194 0.99998 0.00613398 -0.00340797 -0.00613902 0.999976 -0.0986149 -0.0162268 -0.158951
FixedParameters: 0 0 0

#Transform 81
Transform: AffineTransform_float_3_3
Parameters: 0.999994 0.00115124 0.00341772 -0.00117176 0.999982 0.00578603 -0.00341128 -0.00578996 0.999978 -0.0468106 0.00992467 -0.0203415
FixedParameters: 0 0 0

#Transform 82
Transform: AffineTransform_float_3_3
Parameters: 0.999994 0.0013405 0.00341951 -0.00136251 0.99998 0.00629339 -0.00341149 -0.00629762 0.999975 -0.0657326 0.0369932 -0.0722651
FixedParameters: 0 0 0

#Transform 83
Transform: AffineTransform_float_3_3
Parameters: 0.999994 0.0010512 0.00331499 -0.0010728 0.999978 0.00658248 -0.00330801 -0.00658551 0.999973 -0.0611316 -0.0232633 -0.0981516
FixedParameters: 0 0 0

#Transform 84
Transform: AffineTransform_float_3_3
Parameters: 0.999994 0.001051 0.00332603 -0.001073 0.999978 0.00662047 -0.00331896 -0.00662453 0.999972 -0.0644433 0.0667538 -0.139959
FixedParameters: 0 0 0

#Transform 85
Transform: AffineTransform_float_3_3
Parameters: 0.999994 0.00105069 0.00309666 -0.00107231 0.999974 0.00721172 -0.00308934 -0.00721529 0.999969 -0.0600314 -0.0496371 -0.10445
FixedParameters: 0 0 0

#Transform 86
Transform: AffineTransform_float_3_3
Parameters: 0.999994 0.00112476 0.00310415 -0.00114624 0.999973 0.00717147 -0.00309585 -0.00717451 0.999969 -0.0590041 0.00756331 -0.190021
FixedParameters: 0 0 0

#Transform 87
Transform: AffineTransform_float_3_3
Parameters: 0.999994 0.00104821 0.00347458 -0.00107279 0.999974 0.00714032 -0.00346643 -0.00714468 0.999969 -0.0655248 -0.06016 -0.134122
FixedParameters: 0 0 0

#Transform 88
Transform: AffineTransform_float_3_3
Parameters: 0.999995 0.00116906 0.00292138 -0.00117495 0.999997 0.00203358 -0.00291961 -0.00203642 0.999993 -0.0708747 0.273882 0.60138
FixedParameters: 0 0 0

#Transform 89
Transform: AffineTransform_float_3_3
Parameters: 0.999993 0.00106102 0.00358357 -0.00107298 0.999994 0.00334418 -0.00357943 -0.00334782 0.999988 -0.118762 -0.0216487 0.463277
FixedParameters: 0 0 0

#Transform 90
Transform: AffineTransform_float_3_3
Parameters: 0.999992 0.00106285 0.00365897 -0.00107315 0.999995 0.00277409 -0.00365604 -0.00277791 0.99999 -0.144561 0.0623833 0.432904
FixedParameters: 0 0 0

#Transform 91
Transform: AffineTransform_float_3_3
Parameters: 0.999992 0.000840635 0.00371897 -0.000858363 0.999988 0.00466984 -0.00371503 -0.00467316 0.999982 -0.161027 0.00848982 0.388746
FixedParameters: 0 0 0

#Transform 92
Transform: AffineTransform_float_3_3
Parameters: 0.999987 0.00108546 0.00500916 -0.00110955 0.999989 0.00470051 -0.00500384 -0.0047055 0.999977 -0.174377 0.111216 0.319833
FixedParameters: 0 0 0

#Transform 93
Transform: AffineTransform_float_3_3
Parameters: 0.999987 0.000611325 0.00501783 -0.000641681 0.999981 0.00611486 -0.00501417 -0.00611714 0.999968 -0.167269 0.0169813 0.321803
FixedParameters: 0 0 0

#Transform 94
Transform: AffineTransform_float_3_3
Parameters: 0.999986 0.000605863 0.00514938 -0.000641138 0.999975 0.00701979 -0.00514462 -0.00702221 0.999962 -0.168414 0.0730241 0.294283
FixedParameters: 0 0 0

#Transform 95
Transform: AffineTransform_float_3_3
Parameters: 0.999983 0.000458386 0.00590089 -0.00050561 0.999968 0.00806916 -0.00589711 -0.00807285 0.99995 -0.146731 -0.014389 0.3901
FixedParameters: 0 0 0

#Transform 96
Transform: AffineTransform_float_3_3
Parameters: 0.999988 0.000367955 0.00503569 -0.000403047 0.999975 0.00696006 -0.00503332 -0.00696194 0.999963 -0.127714 0.116986 0.207412
FixedParameters: 0 0 0

#Transform 97
Transform: AffineTransform_float_3_3
Parameters: 0.999984 0.00145405 0.00557523 -0.00148896 0.999979 0.0062698 -0.00556677 -0.0062782 0.999965 -0.190953 0.110419 -0.283716
FixedParameters: 0 0 0

#Transform 98
Transform: AffineTransform_float_3_3
Parameters: 0.999976 0.00140473 0.00685082 -0.00148828 0.999923 0.0123121 -0.00683319 -0.0123219 0.9999 -0.273893 -0.0441554 -1.02195
FixedParameters: 0 0 0

#Transform 99
Transform: AffineTransform_float_3_3
Parameters: 0.999967 0.00185635 0.00797457 -0.00197164 0.999895 0.0143928 -0.00794644 -0.0144083 0.999865 -0.341631 -0.330282 -1.06094
FixedParameters: 0 0 0

#Transform 100
Transform: AffineTransform_float_3_3
Parameters: 0.999964 0.00303481 0.00789626 -0.00315918 0.999869 0.0158896 -0.00784675 -0.0159144 0.999842 -0.315633 -0.412811 -0.928544
FixedParameters: 0 0 0

#Transform 101
Transform: AffineTransform_float_3_3
Parameters: 0.999964 0.00193373 0.00818983 -0.00205527 0.999886 0.0149467 -0.00816017 -0.0149633 0.999854 -0.272908 -0.206328 -0.604656
FixedParameters: 0 0 0

#Transform 102
Transform: AffineTransform_float_3_3
Parameters: 0.999979 0.0029837 0.00572121 -0.00305331 0.99992 0.0123178 -0.00568479 -0.0123352 0.999908 -0.232359 -0.169371 -0.580519
FixedParameters: 0 0 0

#Transform 103
Transform: AffineTransform_float_3_3
Parameters: 0.999979 0.00298037 0.00572296 -0.00305363 0.999912 0.0129008 -0.00568406 -0.0129182 0.999901 -0.219207 -0.212226 -0.456639
FixedParameters: 0 0 0

#Transform 104
Transform: AffineTransform_float_3_3
Parameters: 0.999979 0.00297812 0.00572412 -0.00305388 0.999907 0.0132928 -0.00568388 -0.0133102 0.999896 -0.217604 -0.152055 -0.471943
FixedParameters: 0 0 0

#Transform 105
Transform: AffineTransform_float_3_3
Parameters: 0.999981 0.00256419 0.00571952 -0.00264181 0.999904 0.0136372 -0.00568448 -0.0136528 0.99989 -0.210885 -0.15357 -0.430088
FixedParameters: 0 0 0

#Transform 106
Transform: AffineTransform_float_3_3
Parameters: 0.99998 0.00289665 0.00572381 -0.00297436 0.999903 0.0135522 -0.00568419 -0.0135687 0.999892 -0.200214 -0.123411 -0.482848
FixedParameters: 0 0 0

#Transform 107
Transform: AffineTransform_float_3_3
Parameters: 0.999983 0.00285235 0.00522438 -0.00291765 0.999917 0.012602 -0.00518762 -0.012617 0.999907 -0.166073 -0.0304665 -0.451102
FixedParameters: 0 0 0

#Transform 108
Transform: AffineTransform_float_3_3
Parameters: 0.999981 0.00256603 0.00547425 -0.00264196 0.999899 0.0139148 -0.00543774 -0.0139292 0.999888 -0.15246 -0.17867 -0.393974
FixedParameters: 0 0 0

#Transform 109
Transform: AffineTransform_float_3_3
Parameters: 0.999983 0.0028039 0.00522512 -0.0028721 0.999911 0.0130722 -0.00518788 -0.0130868 0.999901 -0.143496 -0.0870679 -0.536523
FixedParameters: 0 0 0

#Transform 110
Transform: AffineTransform_float_3_3
Parameters: 0.999983 0.00284409 0.00498279 -0.00291092 0.999905 0.0134737 -0.00494421 -0.0134873 0.999897 -0.126891 -0.180716 -0.400623
FixedParameters: 0 0 0

#Transform 111
Transform: AffineTransform_float_3_3
Parameters: 0.999986 0.00258249 0.00465055 -0.00264152 0.999914 0.0128359 -0.00461746 -0.0128481 0.999907 -0.120461 -0.122803 -0.460554
FixedParameters: 0 0 0

#Transform 112
Transform: AffineTransform_float_3_3
Parameters: 0.999986 0.00257908 0.00457802 -0.00264192 0.999902 0.0137911 -0.00454198 -0.0138029 0.999895 -0.119485 -0.17977 -0.355695
FixedParameters: 0 0 0

#Transform 113
Transform: AffineTransform_float_3_3
Parameters: 0.999986 0.00258398 0.00456731 -0.00264201 0.999916 0.0127421 -0.00453369 -0.0127549 0.999909 -0.119706 -0.129938 -0.440171
FixedParameters: 0 0 0

#Transform 114
Transform: AffineTransform_float_3_3
Parameters: 0.999988 0.00258326 0.00428894 -0.00264175 0.999902 0.0137478 -0.00425307 -0.0137582 0.999897 -0.119887 -0.137583 -0.307005
FixedParameters: 0 0 0

#Transform 115
Transform: AffineTransform_float_3_3
Parameters: 0.999986 0.00258109 0.00456895 -0.00264192 0.999907 0.0133771 -0.00453405 -0.0133889 0.9999 -0.124285 -0.148391 -0.40877
FixedParameters: 0 0 0

#Transform 116
Transform: AffineTransform_float_3_3
Parameters: 0.999986 0.00258161 0.00456865 -0.00264238 0.999908 0.0132611 -0.00453334 -0.0132729 0.999901 -0.119486 -0.147207 -0.382472
FixedParameters: 0 0 0

#Transform 117
Transform: AffineTransform_float_3_3
Parameters: 0.999986 0.00258047 0.004481 -0.00264153 0.999902 0.0137804 -0.004445 -0.0137927 0.999895 -0.12579 -0.15131 -0.398486
FixedParameters: 0 0 0

#Transform 118
Transform: AffineTransform_float_3_3
Parameters: 0.999985 0.00275622 0.00457243 -0.00281977 0.999901 0.0137793 -0.00453355 -0.0137927 0.999894 -0.122083 -0.135764 -0.353931
FixedParameters: 0 0 0

#Transform 119
Transform: AffineTransform_float_3_3
Parameters: 0.999986 0.00258079 0.00456912 -0.00264221 0.999906 0.0134411 -0.00453388 -0.0134529 0.999899 -0.123024 -0.132137 -0.412646
FixedParameters: 0 0 0

#Transform 120
Transform: AffineTransform_float_3_3
Parameters: 0.999986 0.00279603 0.00463298 -0.00285798 0.999906 0.013425 -0.00459503 -0.013437 0.999899 -0.125648 -0.121613 -0.399009
FixedParameters: 0 0 0

#Transform 121
Transform: AffineTransform_float_3_3
Parameters: 0.999986 0.00257855 0.00457038 -0.00264144 0.9999 0.0139311 -0.00453363 -0.0139429 0.999892 -0.0862829 -0.135791 -0.409861
FixedParameters: 0 0 0

#Transform 122
Transform: AffineTransform_float_3_3
Parameters: 0.999987 0.00258411 0.00437769 -0.00264189 0.999909 0.0132696 -0.00434331 -0.0132814 0.999903 -0.0847293 -0.10411 -0.390146
FixedParameters: 0 0 0

#Transform 123
Transform: AffineTransform_float_3_3
Parameters: 0.999987 0.00258236 0.00436385 -0.00264164 0.999903 0.0137167 -0.00432816 -0.0137284 0.999897 -0.10365 -0.155496 -0.394327
FixedParameters: 0 0 0

#Transform 124
Transform: AffineTransform_float_3_3
Parameters: 0.999985 0.00274757 0.00484693 -0.00280943 0.999912 0.0129216 -0.00481108 -0.0129344 0.999905 -0.165205 -0.0599464 -0.404536
FixedParameters: 0 0 0

#Transform 125
Transform: AffineTransform_float_3_3
Parameters: 0.999984 0.00256961 0.00499094 -0.00264237 0.99989 0.014552 -0.00495206 -0.0145649 0.999881 -0.123975 -0.174419 -0.32992
FixedParameters: 0 0 0

#Transform 126
Transform: AffineTransform_float_3_3
Parameters: 0.999988 0.00258353 0.00432249 -0.00264146 0.999905 0.0135758 -0.00428652 -0.0135873 0.999899 -0.114239 -0.0934749 -0.410476
FixedParameters: 0 0 0

#Transform 127
Transform: AffineTransform_float_3_3
Parameters: 0.999987 0.00258064 0.00443428 -0.00264237 0.9999 0.0138875 -0.00439871 -0.0138985 0.999893 -0.105506 -0.178324 -0.353623
FixedParameters: 0 0 0

#Transform 128
Transform: AffineTransform_float_3_3
Parameters: 0.999989 0.00238337 0.00420602 -0.00243963 0.999909 0.0132719 -0.00417398 -0.0132821 0.999903 -0.0879636 -0.0892642 -0.405758
FixedParameters: 0 0 0

#Transform 129
Transform: AffineTransform_float_3_3
Parameters: 0.999988 0.00258084 0.00428742 -0.00264215 0.999894 0.0143209 -0.00424959 -0.0143322 0.999889 -0.101836 -0.165577 -0.351889
FixedParameters: 0 0 0

#Transform 130
Transform: AffineTransform_float_3_3
Parameters: 0.999987 0.00258294 0.00436747 -0.00264207 0.999905 0.0135716 -0.00433253 -0.0135824 0.999899 -0.108725 -0.102764 -0.368568
FixedParameters: 0 0 0

#Transform 131
Transform: AffineTransform_float_3_3
Parameters: 0.999987 0.00258322 0.00426119 -0.00264178 0.9999 0.0138469 -0.00422481 -0.0138581 0.999895 -0.113528 -0.163882 -0.341956
FixedParameters: 0 0 0

#Transform 132
Transform: AffineTransform_float_3_3
Parameters: 0.999985 0.00258003 0.00470551 -0.00264197 0.999909 0.0132108 -0.00467149 -0.0132232 0.999901 -0.119356 -0.0902332 -0.398229
FixedParameters: 0 0 0

#Transform 133
Transform: AffineTransform_float_3_3
Parameters: 0.999988 0.00258362 0.00418263 -0.00264238 0.999899 0.0140121 -0.00414637 -0.0140229 0.999893 -0.115408 -0.16564 -0.332461
FixedParameters: 0 0 0

#Transform 134
Transform: AffineTransform_float_3_3
Parameters: 0.999988 0.00258635 0.00413632 -0.00264166 0.999906 0.0135062 -0.00410168 -0.0135168 0.9999 -0.114755 -0.0451309 -0.338087
FixedParameters: 0 0 0

#Transform 135
Transform: AffineTransform_float_3_3
Parameters: 0.999988 0.00258158 0.00419875 -0.00264243 0.999892 0.0144491 -0.00416124 -0.0144599 0.999887 -0.110906 -0.148323 -0.334242
FixedParameters: 0 0 0

#Transform 136
Transform: AffineTransform_float_3_3
Parameters: 0.999988 0.00244363 0.00424712 -0.00250136 0.999902 0.0137915 -0.00421289 -0.0138025 0.999896 -0.0798626 -0.0868397 -0.40211
FixedParameters: 0 0 0

#Transform 137
Transform: AffineTransform_float_3_3
Parameters: 0.999987 0.00257901 0.00435691 -0.00264199 0.999891 0.0145137 -0.0043191 -0.0145253 0.999885 -0.108122 -0.172226 -0.33734
FixedParameters: 0 0 0

#Transform 138
Transform: AffineTransform_float_3_3
Parameters: 0.999988 0.00258573 0.00411787 -0.00264225 0.999903 0.0137173 -0.00408113 -0.0137287 0.999898 -0.106197 -0.0843924 -0.354988
FixedParameters: 0 0 0

#Transform 139
Transform: AffineTransform_float_3_3
Parameters: 0.999988 0.00258413 0.00415952 -0.00264187 0.999899 0.0139692 -0.00412248 -0.0139798 0.999894 -0.0928373 -0.146688 -0.316769
FixedParameters: 0 0 0

#Transform 140
Transform: AffineTransform_float_3_3
Parameters: 0.999988 0.00258504 0.00412228 -0.00264196 0.999901 0.0138733 -0.00408573 -0.0138837 0.999896 -0.106349 -0.11258 -0.357347
FixedParameters: 0 0 0

#Transform 141
Transform: AffineTransform_float_3_3
Parameters: 0.999988 0.00263753 0.00413785 -0.00269647 0.999895 0.014188 -0.00410014 -0.014199 0.999891 -0.0958691 -0.16191 -0.339443
FixedParameters: 0 0 0

#Transform 142
Transform: AffineTransform_float_3_3
Parameters: 0.999987 0.00271218 0.00419297 -0.00276983 0.999901 0.0138476 -0.00415503 -0.0138585 0.999896 -0.0807756 -0.112229 -0.389686
FixedParameters: 0 0 0

#Transform 143
Transform: AffineTransform_float_3_3
Parameters: 0.999989 0.00258503 0.00396869 -0.00264196 0.999892 0.0144167 -0.00393031 -0.0144273 0.999888 -0.0704943 -0.101397 -0.344097
FixedParameters: 0 0 0

#Transform 144
Transform: AffineTransform_float_3_3
Parameters: 0.99999 0.00258926 0.00367671 -0.00264174 0.999892 0.0144114 -0.0036393 -0.0144206 0.99989 -0.068391 -0.128946 -0.338608
FixedParameters: 0 0 0

#Transform 145
Transform: AffineTransform_float_3_3
Parameters: 0.999989 0.00258928 0.00377867 -0.00264171 0.999899 0.0140132 -0.00374133 -0.0140228 0.999894 -0.0689181 -0.107332 -0.290256
FixedParameters: 0 0 0

#Transform 146
Transform: AffineTransform_float_3_3
Parameters: 0.99999 0.00259032 0.00368686 -0.00264169 0.999898 0.0140834 -0.00365015 -0.0140926 0.999894 -0.0685006 -0.117045 -0.348712
FixedParameters: 0 0 0

#Transform 147
Transform: AffineTransform_float_3_3
Parameters: 0.999989 0.00258629 0.00373519 -0.00264172 0.999884 0.0149883 -0.00369681 -0.0149977 0.99988 -0.0852888 -0.120903 -0.252227
FixedParameters: 0 0 0

#Transform 148
Transform: AffineTransform_float_3_3
Parameters: 0.999989 0.00258776 0.00389954 -0.00264223 0.999899 0.0139688 -0.00386245 -0.0139791 0.999895 -0.0870895 -0.116108 -0.334221
FixedParameters: 0 0 0

#Transform 149
Transform: AffineTransform_float_3_3
Parameters: 0.999989 0.00258627 0.00393817 -0.00264173 0.999896 0.0142118 -0.00390084 -0.0142223 0.999892 -0.0906365 -0.137599 -0.315067
FixedParameters: 0 0 0

#Transform 150
Transform: AffineTransform_float_3_3
Parameters: 0.999988 0.00258448 0.00401263 -0.00264152 0.999893 0.0143956 -0.00397537 -0.0144054 0.999889 -0.0827009 -0.119427 -0.347837
FixedParameters: 0 0 0

#Transform 151
Transform: AffineTransform_float_3_3
Parameters: 0.999989 0.00258925 0.00376977 -0.00264175 0.999897 0.0140542 -0.00373323 -0.0140638 0.999894 -0.06906 -0.116551 -0.323782
FixedParameters: 0 0 0

#Transform 152
Transform: AffineTransform_float_3_3
Parameters: 0.99999 0.00258757 0.00367493 -0.00264243 0.999885 0.0148834 -0.00363606 -0.0148926 0.999883 -0.0684324 -0.162964 -0.326722
FixedParameters: 0 0 0

#Transform 153
Transform: AffineTransform_float_3_3
Parameters: 0.99999 0.00242646 0.00359097 -0.00247654 0.999901 0.0138552 -0.00355702 -0.0138638 0.999897 -0.0650601 -0.0738144 -0.337948
FixedParameters: 0 0 0

#Transform 154
Transform: AffineTransform_float_3_3
Parameters: 0.99999 0.00258848 0.00367133 -0.00264153 0.999889 0.0146495 -0.00363368 -0.0146596 0.999886 -0.0313716 -0.157977 -0.334722
FixedParameters: 0 0 0

#Transform 155
Transform: AffineTransform_float_3_3
Parameters: 0.99999 0.00259337 0.00349066 -0.00264163 0.999898 0.0139989 -0.00345434 -0.0140081 0.999896 -0.0550625 -0.0956339 -0.317637
FixedParameters: 0 0 0

#Transform 156
Transform: AffineTransform_float_3_3
Parameters: 0.999991 0.00259609 0.0031583 -0.00264191 0.999889 0.0146188 -0.0031207 -0.0146272 0.999888 -0.0284803 -0.129949 -0.335033
FixedParameters: 0 0 0

#Transform 157
Transform: AffineTransform_float_3_3
Parameters: 0.99999 0.00271549 0.00348672 -0.00276151 0.999907 0.0134035 -0.00345028 -0.0134135 0.999904 -0.0467115 -0.0497427 -0.429799
FixedParameters: 0 0 0

#Transform 158
Transform: AffineTransform_float_3_3
Parameters: 0.999989 0.00297683 0.00357622 -0.00302816 0.999892 0.0143873 -0.00353278 -0.0143987 0.99989 -0.0612318 -0.188989 -0.384233
FixedParameters: 0 0 0

#Transform 159
Transform: AffineTransform_float_3_3
Parameters: 0.999992 0.0026022 0.00310974 -0.0026418 0.999914 0.0128629 -0.00307626 -0.0128711 0.999913 -0.080022 -0.178188 -0.415782
FixedParameters: 0 0 0

#Transform 160
Transform: AffineTransform_float_3_3
Parameters: 0.999991 0.00259619 0.00336881 -0.00264182 0.999903 0.0136672 -0.00333319 -0.0136758 0.999901 -0.0717783 -0.143224 -0.389165
FixedParameters: 0 0 0

#Transform 161
Transform: AffineTransform_float_3_3
Parameters: 0.999991 0.00259416 0.0033585 -0.00264183 0.999894 0.0143183 -0.0033205 -0.0143267 0.999892 -0.0695824 -0.185726 -0.381549
FixedParameters: 0 0 0

#Transform 162
Transform: AffineTransform_float_3_3
Parameters: 0.999991 0.00259604 0.00329771 -0.00264197 0.999899 0.0140104 -0.0032613 -0.0140186 0.999897 -0.0629149 -0.086482 -0.370137
FixedParameters: 0 0 0

#Transform 163
Transform: AffineTransform_float_3_3
Parameters: 0.999991 0.00258991 0.00356345 -0.00264208 0.999888 0.0146917 -0.00352455 -0.0147013 0.999885 -0.0650222 -0.151753 -0.376687
FixedParameters: 0 0 0

#Transform 164
Transform: AffineTransform_float_3_3
Parameters: 0.999991 0.00249511 0.00321634 -0.00253989 0.999899 0.014031 -0.00318067 -0.0140381 0.999897 -0.0607404 -0.0756439 -0.35635
FixedParameters: 0 0 0

#Transform 165
Transform: AffineTransform_float_3_3
Parameters: 0.999992 0.00259533 0.00310561 -0.00264166 0.999882 0.0151199 -0.0030654 -0.0151281 0.999881 -0.0381393 -0.175056 -0.390583
FixedParameters: 0 0 0

#Transform 166
Transform: AffineTransform_float_3_3
Parameters: 0.999992 0.00259838 0.00308428 -0.00264163 0.999896 0.014225 -0.00304772 -0.014233 0.999894 -0.0454629 -0.095059 -0.409276
FixedParameters: 0 0 0

#Transform 167
Transform: AffineTransform_float_3_3
Parameters: 0.999993 0.00259787 0.002911 -0.00264213 0.99988 0.0152604 -0.002871 -0.0152686 0.99988 -0.0222116 -0.19975 -0.403936
FixedParameters: 0 0 0

#Transform 168
Transform: AffineTransform_float_3_3
Parameters: 0.999993 0.00238543 0.0029073 -0.00242858 0.999884 0.0150771 -0.0028717 -0.015084 0.999882 -0.0403729 -0.0923931 -0.455139
FixedParameters: 0 0 0

#Transform 169
Transform: AffineTransform_float_3_3
Parameters: 0.999993 0.00256754 0.00291173 -0.00261246 0.999873 0.0157175 -0.00287128 -0.0157255 0.999872 -0.0436269 -0.229547 -0.446835
FixedParameters: 0 0 0

#Transform 170
Transform: AffineTransform_float_3_3
Parameters: 0.999994 0.00257477 0.00259158 -0.00261422 0.999881 0.0152503 -0.00255142 -0.0152567 0.999881 -0.0344617 -0.127506 -0.451761
FixedParameters: 0 0 0

#Transform 171
Transform: AffineTransform_float_3_3
Parameters: 0.999993 0.00262722 0.0026993 -0.00266977 0.999869 0.0159679 -0.0026567 -0.0159751 0.999869 -0.030186 -0.22607 -0.439313
FixedParameters: 0 0 0

#Transform 172
Transform: AffineTransform_float_3_3
Parameters: 0.999994 0.00241669 0.0025528 -0.00245632 0.999876 0.0155108 -0.0025152 -0.0155162 0.999877 -0.0201608 -0.115007 -0.482917
FixedParameters: 0 0 0

#Transform 173
Transform: AffineTransform_float_3_3
Parameters: 0.999993 0.00263464 0.00264882 -0.00267736 0.999866 0.016119 -0.00260617 -0.016126 0.999866 -0.0262246 -0.238006 -0.471744
FixedParameters: 0 0 0

#Transform 174
Transform: AffineTransform_float_3_3
Parameters: 0.999993 0.00263661 0.00244101 -0.00267339 0.999877 0.0154426 -0.00239999 -0.0154494 0.999878 -0.0409646 -0.108368 -0.484098
FixedParameters: 0 0 0

#Transform 175
Transform: AffineTransform_float_3_3
Parameters: 0.999992 0.00305204 0.00239028 -0.00308995 0.999866 0.0160407 -0.00234072 -0.0160483 0.999869 -0.0472237 -0.216605 -0.453048
FixedParameters: 0 0 0

#Transform 176
Transform: AffineTransform_float_3_3
Parameters: 0.999993 0.00289835 0.00203242 -0.00292865 0.999879 0.0152411 -0.00198859 -0.0152468 0.999882 -0.0259661 -0.128612 -0.499536
FixedParameters: 0 0 0

#Transform 177
Transform: AffineTransform_float_3_3
Parameters: 0.999995 0.00272312 0.00196495 -0.00275488 0.999861 0.0164067 -0.00192006 -0.0164113 0.999864 -0.021519 -0.245354 -0.483099
FixedParameters: 0 0 0

#Transform 178
Transform: AffineTransform_float_3_3
Parameters: 0.999994 0.00306306 0.00165196 -0.00308994 0.999858 0.016561 -0.00160104 -0.016566 0.999862 -0.0399968 -0.168812 -0.81662
FixedParameters: 0 0 0

#Transform 179
Transform: AffineTransform_float_3_3
Parameters: 0.999995 0.00251219 0.00179829 -0.00254381 0.999837 0.0179115 -0.00175271 -0.0179155 0.999838 -0.0352226 -0.266252 -0.776047
FixedParameters: 0 0 0

#Transform 180
Transform: AffineTransform_float_3_3
Parameters: 0.999996 0.00225317 0.0019849 -0.00228583 0.999858 0.0166935 -0.00194711 -0.0166985 0.999858 -0.0140316 -0.182305 -0.623994
FixedParameters: 0 0 0

#Transform 181
Transform: AffineTransform_float_3_3
Parameters: 0.999996 0.00233595 0.00149355 -0.00236106 0.999841 0.0176865 -0.00145246 -0.0176905 0.999843 -0.00899007 -0.218403 -0.591695
FixedParameters: 0 0 0

#Transform 182
Transform: AffineTransform_float_3_3
Parameters: 0.999995 0.0023775 0.00185248 -0.00240949 0.999839 0.0177446 -0.00180952 -0.0177494 0.999841 -0.00202896 -0.207944 -0.639364
FixedParameters: 0 0 0

#Transform 183
Transform: AffineTransform_float_3_3
Parameters: 0.999997 0.00192341 0.00136779 -0.00194659 0.999845 0.0174584 -0.00133422 -0.0174606 0.999846 0.005141 -0.179626 -0.627058
FixedParameters: 0 0 0

#Transform 184
Transform: AffineTransform_float_3_3
Parameters: 0.999995 0.00262987 0.0017468 -0.00266113 0.999834 0.0180635 -0.0016992 -0.0180686 0.999836 0.00527384 -0.249454 -0.599343
FixedParameters: 0 0 0

#Transform 185
Transform: AffineTransform_float_3_3
Parameters: 0.999995 0.00239881 0.00178139 -0.00242918 0.99985 0.0171417 -0.00173961 -0.0171452 0.999851 0.0144268 -0.159617 -0.632555
FixedParameters: 0 0 0

#Transform 186
Transform: AffineTransform_float_3_3
Parameters: 0.999996 0.00225305 0.00175872 -0.00228494 0.999829 0.0183831 -0.00171628 -0.018387 0.99983 0.026357 -0.277725 -0.616258
FixedParameters: 0 0 0

#Transform 187
Transform: AffineTransform_float_3_3
Parameters: 0.999997 0.002224 0.00158362 -0.00225101 0.999848 0.0172565 -0.00154538 -0.0172595 0.99985 0.0259338 -0.187167 -0.632921
FixedParameters: 0 0 0

#Transform 188
Transform: AffineTransform_float_3_3
Parameters: 0.999996 0.0022242 0.00164215 -0.00225382 0.999828 0.0183744 -0.00160185 -0.0183776 0.99983 0.0276142 -0.302165 -0.597704
