#Insight Transform File V1.0
#Transform 0
Transform: AffineTransform_float_3_3
Parameters: 1 -1.51197e-07 -0.000499 -1.51197e-07 1 -0.000303 0.000499 0.000303 1 0.0754382 -0.0262098 0.138984
FixedParameters: 0 0 0

#Transform 1
Transform: AffineTransform_float_3_3
Parameters: 1 0.00030801 -0.000180984 -0.00030799 1 5.30557e-05 0.000181016 -5.29442e-05 1 0.0282384 -0.0720808 0.0281586
FixedParameters: 0 0 0

#Transform 2
Transform: AffineTransform_float_3_3
Parameters: 1 -1.86548e-07 -0.000313 -1.86548e-07 1 -0.000596 0.000313 0.000596 1 0.0419292 0.0442769 0.0394333
FixedParameters: 0 0 0

#Transform 3
Transform: AffineTransform_float_3_3
Parameters: 1 -0.000351927 0.000330078 0.000352073 1 -0.000220884 -0.000329922 0.000221116 1 0.0217641 -0.0433509 0.0876902
FixedParameters: 0 0 0

#Transform 4
Transform: AffineTransform_float_3_3
Parameters: 1 -0.000436964 0.000457034 0.000437035 1 -7.78003e-05 -0.000456966 7.81997e-05 1 0.0126196 -0.0537159 0.0718163
FixedParameters: 0 0 0

#Transform 5
Transform: AffineTransform_float_3_3
Parameters: 1 -0.000436989 0.00048401 0.000437011 1 -2.37885e-05 -0.00048399 2.32115e-05 1 -0.0292152 0.0138828 0.0492617
FixedParameters: 0 0 0

#Transform 6
Transform: AffineTransform_float_3_3
Parameters: 1 -0.000437037 0.000225929 0.000436963 1 0.000163099 -0.000226071 -0.000162901 1 0.0272944 -0.0474153 0.103322
FixedParameters: 0 0 0

#Transform 7
Transform: AffineTransform_float_3_3
Parameters: 1 -0.000437236 0.00043176 0.000437763 1 0.000548189 -0.00043224 -0.000547811 1 0.0265846 -0.0482003 0.0363843
FixedParameters: 0 0 0

#Transform 8
Transform: AffineTransform_float_3_3
Parameters: 1 -8.40011e-05 0.00118 8.39988e-05 1 1.09912e-06 -0.00118 -9.0088e-07 1 -0.0963274 0.038698 -0.0820991
FixedParameters: 0 0 0

#Transform 9
Transform: AffineTransform_float_3_3
Parameters: 1 0.000316089 0.000869332 -0.000316912 1 0.00104773 -0.000869669 -0.00104828 0.999999 -0.085107 -0.120333 -0.0103507
FixedParameters: 0 0 0

#Transform 10
Transform: AffineTransform_float_3_3
Parameters: 1 0.000346911 0.000432072 -0.00034709 1 0.00020685 -0.000432928 -0.00020615 1 -0.0314522 -0.0519793 -0.0767201
FixedParameters: 0 0 0

#Transform 11
Transform: AffineTransform_float_3_3
Parameters: 1 0.00034712 0.000431903 -0.00034688 1 -0.00027815 -0.000432096 0.00027785 1 -0.0455245 0.0234667 0.0102518
FixedParameters: 0 0 0

#Transform 12
Transform: AffineTransform_float_3_3
Parameters: 0.999999 0.000346501 0.000851204 -0.000346499 1 0.000586705 -0.000850797 -0.000586295 1 -0.0598188 -0.0842556 -0.058446
FixedParameters: 0 0 0

#Transform 13
Transform: AffineTransform_float_3_3
Parameters: 0.999999 7.12365e-05 0.000790978 -7.07634e-05 1 -0.000299056 -0.000791021 0.000298944 0.999999 -0.0685965 0.042314 -0.113936
FixedParameters: 0 0 0

#Transform 14
Transform: AffineTransform_float_3_3
Parameters: 0.999999 0.000204189 0.000711945 -0.00020381 1 -0.000266145 -0.000712054 0.000265855 0.999999 -0.0329397 -0.00672466 -0.0592277
FixedParameters: 0 0 0

#Transform 15
Transform: AffineTransform_float_3_3
Parameters: 1 0.000193149 0.000431933 -0.00019285 1 -0.000346083 -0.000432067 0.000345917 1 -0.028811 0.0139881 -0.103582
FixedParameters: 0 0 0

#Transform 16
Transform: AffineTransform_float_3_3
Parameters: 1 0.000346578 0.000518282 -0.000346422 0.999999 0.00081382 -0.000518718 -0.000814179 0.999999 -0.0410391 -0.0639328 0.0267881
FixedParameters: 0 0 0

#Transform 17
Transform: AffineTransform_float_3_3
Parameters: 1 0.000346985 0.000268019 -0.000347015 1 5.5907e-05 -0.000267981 -5.6093e-05 1 -0.00592858 -0.0476798 -0.0854856
FixedParameters: 0 0 0

#Transform 18
Transform: AffineTransform_float_3_3
Parameters: 1 0.000347705 0.00059659 -0.000346296 0.999999 -0.00118121 -0.00059641 0.00118179 0.999999 -0.0583483 0.0844524 -0.0867901
FixedParameters: 0 0 0

#Transform 19
Transform: AffineTransform_float_3_3
Parameters: 1 -1.0923e-05 -0.000358002 1.1077e-05 1 0.000214996 0.000357998 -0.000215004 1 0.0239951 -0.0575445 0.047259
FixedParameters: 0 0 0

#Transform 20
Transform: AffineTransform_float_3_3
Parameters: 1 -8.49492e-05 6.20695e-05 8.50507e-05 0.999999 -0.000817994 -6.19304e-05 0.000818005 0.999999 -0.00155804 0.0437803 -0.0188155
FixedParameters: 0 0 0

#Transform 21
Transform: AffineTransform_float_3_3
Parameters: 1 -0.000251993 0.000349005 0.000252007 1 -1.9912e-05 -0.000348995 2.00879e-05 1 -0.00844208 -0.00888097 0.0651345
FixedParameters: 0 0 0

#Transform 22
Transform: AffineTransform_float_3_3
Parameters: 1 -6.64132e-05 0.000441938 6.65867e-05 0.999999 0.00093503 -0.000442063 -0.000934971 1 -0.00812102 -0.0620787 0.0515694
FixedParameters: 0 0 0

#Transform 23
Transform: AffineTransform_float_3_3
Parameters: 1 -3.40612e-05 0.00020399 3.39388e-05 1 0.000300007 -0.00020401 -0.000299993 1 -0.0115732 -0.0167902 0.0468013
FixedParameters: 0 0 0

#Transform 24
Transform: AffineTransform_float_3_3
Parameters: 1 -0.000252361 0.000523826 0.000252639 0.999999 0.000690132 -0.000523174 -0.000689868 0.999999 -0.00866259 -0.0907495 0.0354757
FixedParameters: 0 0 0

#Transform 25
Transform: AffineTransform_float_3_3
Parameters: 1 -0.000251922 0.000147133 0.000252078 1 -0.000527963 -0.000146867 0.000528037 1 -0.00535542 0.0600305 -0.0234627
FixedParameters: 0 0 0

#Transform 26
Transform: AffineTransform_float_3_3
Parameters: 1 -0.000661947 0.000884293 0.000661055 0.999999 0.00106959 -0.000884708 -0.00106942 0.999999 -0.0142448 -0.0788855 0.0614738
FixedParameters: 0 0 0

#Transform 27
Transform: AffineTransform_float_3_3
Parameters: 0.999999 -0.000251946 0.000929014 0.000252054 1 -5.77658e-05 -0.000928985 5.82341e-05 0.999999 -0.0491658 0.0134485 -0.053931
FixedParameters: 0 0 0

#Transform 28
Transform: AffineTransform_float_3_3
Parameters: 1 0.000280809 0.000438122 -0.00028119 1 0.000434877 -0.000437878 -0.000435123 1 -0.0148864 -0.0372127 0.0919507
FixedParameters: 0 0 0

#Transform 29
Transform: AffineTransform_float_3_3
Parameters: 1 3.69943e-05 6.00035e-05 -3.70057e-05 1 9.49978e-05 -5.99965e-05 -9.50022e-05 1 0.00604002 -0.0427403 -0.0833168
FixedParameters: 0 0 0

#Transform 30
Transform: AffineTransform_float_3_3
Parameters: 1 0.000194028 5.99094e-05 -0.000193972 1 -0.000467012 -6.00906e-05 0.000466988 1 -0.0186625 0.0194916 -0.037906
FixedParameters: 0 0 0

#Transform 31
Transform: AffineTransform_float_3_3
Parameters: 1 -0.000252058 5.97583e-05 0.000251942 1 0.000959015 -6.02416e-05 -0.000958985 0.999999 0.00366049 -0.0964292 0.0075527
FixedParameters: 0 0 0

#Transform 32
Transform: AffineTransform_float_3_3
Parameters: 1 0.000146683 -0.00042411 -0.000146317 0.999999 -0.000747938 0.00042389 0.000748062 0.999999 -0.00589341 0.0465803 -0.0373847
FixedParameters: 0 0 0

#Transform 33
Transform: AffineTransform_float_3_3
Parameters: 1 0.000488555 -0.000497456 -0.000488445 1 0.00111524 0.000497545 -0.00111476 1 0.0336845 -0.108457 0.0616608
FixedParameters: 0 0 0

#Transform 34
Transform: AffineTransform_float_3_3
Parameters: 1 9.0024e-05 0.000149986 -8.9976e-05 1 -0.000160013 -0.000150014 0.000159986 1 0.0231686 -0.00128132 -0.0944758
FixedParameters: 0 0 0

#Transform 35
Transform: AffineTransform_float_3_3
Parameters: 1 0.000475271 -0.000283548 -0.00047473 1 0.000952136 0.000284453 -0.000952866 1 0.0333622 -0.0767295 0.0125083
FixedParameters: 0 0 0

#Transform 36
Transform: AffineTransform_float_3_3
Parameters: 1 0.000144068 -0.000152936 -0.000143932 1 0.000443022 0.000153064 -0.000442978 1 0.0307552 -0.0419996 -0.109938
FixedParameters: 0 0 0

#Transform 37
Transform: AffineTransform_float_3_3
Parameters: 0.999999 5.3211e-06 -0.000898004 -6.67888e-06 0.999999 -0.000755994 0.000897995 0.000756005 1 0.0758302 0.0492895 0.0133362
FixedParameters: 0 0 0

#Transform 38
Transform: AffineTransform_float_3_3
Parameters: 1 6.0156e-06 -1.79948e-05 -5.98439e-06 0.999999 0.000866999 1.80052e-05 -0.000866999 0.999999 0.0253482 -0.0852573 0.11678
FixedParameters: 0 0 0

#Transform 39
Transform: AffineTransform_float_3_3
Parameters: 1 6.06021e-06 -0.000211998 -5.93979e-06 1 0.000284001 0.000212002 -0.000283999 1 0.0337893 -0.0368592 0.094032
FixedParameters: 0 0 0

#Transform 40
Transform: AffineTransform_float_3_3
Parameters: 1 6.24624e-06 -0.000455997 -5.75376e-06 1 0.000540002 0.000456003 -0.000539997 1 0.0550901 -0.0196741 0.14923
FixedParameters: 0 0 0

#Transform 41
Transform: AffineTransform_float_3_3
Parameters: 1 0.00015724 -0.00031488 -0.00015676 0.999999 0.000762049 0.000315119 -0.00076195 0.999999 0.0358937 -0.0916035 0.0841134
FixedParameters: 0 0 0

#Transform 42
Transform: AffineTransform_float_3_3
Parameters: 1 5.80027e-06 -0.000456002 -6.19973e-06 1 -0.000437997 0.000455997 0.000438003 1 0.0427301 0.0383773 0.0818968
FixedParameters: 0 0 0

#Transform 43
Transform: AffineTransform_float_3_3
Parameters: 1 0.000154147 -0.000168866 -0.000153853 0.999999 0.000871025 0.000169134 -0.000870973 0.999999 0.0392168 -0.0766982 0.149795
FixedParameters: 0 0 0

#Transform 44
Transform: AffineTransform_float_3_3
Parameters: 1 6.1988e-06 -0.000399997 -5.8012e-06 1 0.000497002 0.000400003 -0.000496997 1 0.0434938 -0.0577881 0.0423882
FixedParameters: 0 0 0

#Transform 45
Transform: AffineTransform_float_3_3
Parameters: 1 6.2052e-06 -0.000399997 -5.7948e-06 1 0.000513002 0.000400003 -0.000512997 1 0.0370298 -0.0367934 0.112919
FixedParameters: 0 0 0

#Transform 46
Transform: AffineTransform_float_3_3
Parameters: 1 6.18162e-06 -0.000188994 -5.81837e-06 0.999999 0.000961 0.000189006 -0.000960998 0.999999 0.0486899 -0.111592 0.0792872
FixedParameters: 0 0 0

#Transform 47
Transform: AffineTransform_float_3_3
Parameters: 1 5.97145e-06 0.000122001 -6.02855e-06 1 0.000233999 -0.000121999 -0.000234001 1 -0.0079476 -0.00723344 0.0557908
FixedParameters: 0 0 0

#Transform 48
Transform: AffineTransform_float_3_3
Parameters: 1 5.92989e-06 9.20045e-05 -6.0701e-06 0.999999 0.000761999 -9.19954e-05 -0.000762 0.999999 0.0183491 -0.0909933 0.112548
FixedParameters: 0 0 0

#Transform 49
Transform: AffineTransform_float_3_3
Parameters: 1 5.91526e-06 9.20054e-05 -6.08473e-06 0.999999 0.000920999 -9.19944e-05 -0.000921 0.999999 0.0208028 -0.0966982 0.0659564
FixedParameters: 0 0 0

#Transform 50
Transform: AffineTransform_float_3_3
Parameters: 1 0.000450025 -0.000214948 -0.000449975 1 0.000116097 0.000215052 -0.000115903 1 0.0067793 -0.0128716 0.0856129
FixedParameters: 0 0 0

#Transform 51
Transform: AffineTransform_float_3_3
Parameters: 1 0.000346037 -3.46377e-05 -0.000345963 1 0.00104701 3.53623e-05 -0.00104699 1 0.0199999 -0.107826 0.117682
FixedParameters: 0 0 0

#Transform 52
Transform: AffineTransform_float_3_3
Parameters: 1 0.000326 -3.49961e-05 -0.000326 1 1.20114e-05 3.50039e-05 -1.19886e-05 1 0.00481408 -0.0243103 -0.0681616
FixedParameters: 0 0 0

#Transform 53
Transform: AffineTransform_float_3_3
Parameters: 1 0.000298979 -3.51794e-05 -0.000299021 1 -0.000599989 3.48206e-05 0.00060001 1 -0.0174461 0.0343415 0.0122831
FixedParameters: 0 0 0

#Transform 54
Transform: AffineTransform_float_3_3
Parameters: 1 0.000173194 -0.000204836 -0.000173805 0.999999 0.000948035 0.000205165 -0.000947964 0.999999 0.0171871 -0.104614 -0.0183327
FixedParameters: 0 0 0

#Transform 55
Transform: AffineTransform_float_3_3
Parameters: 1 5.98733e-06 -3.50022e-05 -6.01267e-06 1 -0.000362 3.49978e-05 0.000362 1 -0.021301 0.0476149 -0.0825056
FixedParameters: 0 0 0

#Transform 56
Transform: AffineTransform_float_3_3
Parameters: 1 0.000226035 -3.47733e-05 -0.000225965 0.999999 0.00100301 3.52266e-05 -0.00100299 0.999999 -0.0139953 -0.0956924 0.0166781
FixedParameters: 0 0 0

#Transform 57
Transform: AffineTransform_float_3_3
Parameters: 1 0.000306994 0.000214008 -0.000307006 1 2.69343e-05 -0.000213992 -2.70657e-05 1 -0.0182873 -0.0294183 -0.0987599
FixedParameters: 0 0 0

#Transform 58
Transform: AffineTransform_float_3_3
Parameters: 1 0.000369013 -5.69129e-05 -0.000368986 1 0.000236021 5.70871e-05 -0.000235979 1 0.00145784 -0.0281741 0.0959292
FixedParameters: 0 0 0

#Transform 59
Transform: AffineTransform_float_3_3
Parameters: 1 0.000497058 -5.64945e-05 -0.000496942 1 0.00101703 5.75054e-05 -0.00101697 1 0.0145911 -0.1144 0.0678243
FixedParameters: 0 0 0

#Transform 60
Transform: AffineTransform_float_3_3
Parameters: 1 0.000316057 9.98195e-05 -0.000315943 1 -0.000571031 -0.00010018 0.000570968 1 0.018407 0.00137666 -0.0764512
FixedParameters: 0 0 0

#Transform 61
Transform: AffineTransform_float_3_3
Parameters: 1 0.000246853 -0.000340107 -0.000247147 1 -0.000431916 0.000339893 0.000432084 1 0.0624417 0.00158668 0.0239504
FixedParameters: 0 0 0

#Transform 62
Transform: AffineTransform_float_3_3
Parameters: 1 -0.000549027 1.81864e-05 0.000548971 0.999999 0.00148201 -1.98136e-05 -0.00148199 0.999999 0.0624584 -0.198581 0.0755381
FixedParameters: 0 0 0

#Transform 63
Transform: AffineTransform_float_3_3
Parameters: 1 -0.000361439 0.000453651 0.000360561 1 0.000966165 -0.000454349 -0.000966837 1 0.0194409 -0.0803003 -0.0250803
FixedParameters: 0 0 0

#Transform 64
Transform: AffineTransform_float_3_3
Parameters: 0.999999 -0.000864818 0.000280561 0.000865182 1 -0.000648758 -0.000279438 0.000649242 1 0.0721205 0.0415736 -0.0867911
FixedParameters: 0 0 0

#Transform 65
Transform: AffineTransform_float_3_3
Parameters: 0.999999 -0.00132483 0.00065935 0.00132517 0.999999 -0.000264126 -0.000658648 0.000265873 0.999999 0.110141 -0.0225733 -0.0787768
FixedParameters: 0 0 0

#Transform 66
Transform: AffineTransform_float_3_3
Parameters: 0.999999 -0.00139706 5.14758e-05 0.00139694 0.999999 0.00109107 -5.35241e-05 -0.00109093 1 0.17676 -0.1461 0.0539344
FixedParameters: 0 0 0

#Transform 67
Transform: AffineTransform_float_3_3
Parameters: 1 -0.00113005 0.000317829 0.00112995 1 0.000151359 -0.000318171 -0.000150641 1 0.127796 -0.0463963 -0.061468
FixedParameters: 0 0 0

#Transform 68
Transform: AffineTransform_float_3_3
Parameters: 0.999999 -0.001325 8.20052e-05 0.001325 0.999999 -3.89135e-06 -8.19946e-05 4.10865e-06 1 0.161071 -0.0414737 0.056306
FixedParameters: 0 0 0

#Transform 69
Transform: AffineTransform_float_3_3
Parameters: 0.999999 -0.00132494 0.000158502 0.00132506 0.999999 -0.00037879 -0.000158498 0.00037921 1 0.15022 -0.05074 -0.0405199
FixedParameters: 0 0 0

#Transform 70
Transform: AffineTransform_float_3_3
Parameters: 0.999999 -0.000985876 8.34788e-05 0.000986123 0.999999 -0.00149992 -8.15208e-05 0.00150008 0.999999 0.102712 0.096689 -0.0844551
FixedParameters: 0 0 0

#Transform 71
Transform: AffineTransform_float_3_3
Parameters: 0.999999 -0.000939038 4.72393e-05 0.000938961 0.999999 0.000810045 -4.77605e-05 -0.000809955 0.999999 0.125147 -0.0897757 0.015455
FixedParameters: 0 0 0

#Transform 72
Transform: AffineTransform_float_3_3
Parameters: 0.999999 -0.000694592 0.000491577 0.000695409 1 -0.000830658 -0.000491422 0.000831342 0.999999 0.0568834 0.0503386 -0.142509
FixedParameters: 0 0 0

#Transform 73
Transform: AffineTransform_float_3_3
Parameters: 0.999999 -0.000831807 0.000280571 0.000832193 1 -0.000686767 -0.000280428 0.000687234 0.999999 0.0766624 0.0108979 -0.0494901
FixedParameters: 0 0 0

#Transform 74
Transform: AffineTransform_float_3_3
Parameters: 0.999999 -0.000942895 0.000413238 0.000943103 0.999999 -0.00025261 -0.000412762 0.000252389 1 0.108163 -0.0181377 -0.0754544
FixedParameters: 0 0 0

#Transform 75
Transform: AffineTransform_float_3_3
Parameters: 1 -0.00101691 0.000112846 0.00101709 0.999999 -0.000831885 -0.000112154 0.000832114 0.999999 0.132195 0.0486992 -0.0267401
FixedParameters: 0 0 0

#Transform 76
Transform: AffineTransform_float_3_3
Parameters: 1 -0.000533894 0.000198284 0.000534105 0.999999 -0.000531894 -0.000197716 0.000532105 1 0.108023 -0.0212032 -0.0891135
FixedParameters: 0 0 0

#Transform 77
Transform: AffineTransform_float_3_3
Parameters: 1 -0.000496801 0.000147671 0.000497199 0.999999 -0.00134993 -0.000147329 0.00135007 0.999999 0.1027 0.110433 -0.147794
FixedParameters: 0 0 0

#Transform 78
Transform: AffineTransform_float_3_3
Parameters: 0.999999 -0.000720986 6.31579e-05 0.000721013 0.999999 -0.000218954 -6.28421e-05 0.000219045 1 0.128986 -0.0227246 -0.0555878
FixedParameters: 0 0 0

#Transform 79
Transform: AffineTransform_float_3_3
Parameters: 1 -0.000383798 0.000283274 0.000384202 0.999999 -0.000713891 -0.000282726 0.000714108 0.999999 0.0894215 0.0257338 -0.149766
FixedParameters: 0 0 0

#Transform 80
Transform: AffineTransform_float_3_3
Parameters: 0.999999 -0.000725088 -7.00886e-05 0.000725911 0.999999 -0.00125705 7.09125e-05 0.00125695 0.999999 0.126503 0.0970919 -0.134329
FixedParameters: 0 0 0

#Transform 81
Transform: AffineTransform_float_3_3
Parameters: 1 -0.000523993 1.03348e-05 0.000524006 0.999999 -0.000638994 -9.66516e-06 0.000639005 1 0.122395 -0.0112226 -0.113363
FixedParameters: 0 0 0

#Transform 82
Transform: AffineTransform_float_3_3
Parameters: 1 -0.000436551 -0.000322255 0.000436449 0.999999 -0.00170814 0.000322746 0.00170786 0.999999 0.119084 0.131445 -0.206655
FixedParameters: 0 0 0

#Transform 83
Transform: AffineTransform_float_3_3
Parameters: 1 -8.00612e-05 -0.000158969 7.99388e-05 1 -0.000385013 0.000159031 0.000384987 1 0.102695 0.00361709 -0.143106
FixedParameters: 0 0 0

#Transform 84
Transform: AffineTransform_float_3_3
Parameters: 1 2.74974e-05 -0.000323043 -2.85025e-05 0.999999 -0.00155599 0.000322956 0.00155601 0.999998 0.0955109 0.103301 -0.20371
FixedParameters: 0 0 0

#Transform 85
Transform: AffineTransform_float_3_3
Parameters: 0.999999 2.69763e-05 -0.000782036 -2.80236e-05 0.999999 -0.00130898 0.000781964 0.00130902 0.999999 0.14236 0.0698422 -0.0963487
FixedParameters: 0 0 0

#Transform 86
Transform: AffineTransform_float_3_3
Parameters: 1 -0.000227152 -0.000324894 0.000226848 1 -0.000468074 0.000325106 0.000467926 1 0.120303 0.0134647 -0.156588
FixedParameters: 0 0 0

#Transform 87
Transform: AffineTransform_float_3_3
Parameters: 0.999999 2.75226e-05 -0.000854016 -2.84774e-05 1 -0.000558976 0.000853984 0.000559024 1 0.147186 0.0430648 -0.0912053
FixedParameters: 0 0 0

#Transform 88
Transform: AffineTransform_float_3_3
Parameters: 1 2.78084e-05 -0.000327016 -2.81916e-05 1 -0.000585991 0.000326983 0.000586009 1 0.111717 -0.0133487 -0.140413
FixedParameters: 0 0 0

#Transform 89
Transform: AffineTransform_float_3_3
Parameters: 0.999999 -0.000283226 -0.000853593 0.000281775 0.999999 -0.00143624 0.000853405 0.00143576 0.999998 0.15407 0.111396 -0.134473
FixedParameters: 0 0 0

#Transform 90
Transform: AffineTransform_float_3_3
Parameters: 1 2.75921e-05 -0.000581019 -2.84078e-05 1 -0.000701983 0.00058098 0.000702016 0.999999 0.124469 0.0181984 -0.10444
FixedParameters: 0 0 0

#Transform 91
Transform: AffineTransform_float_3_3
Parameters: 0.999999 0.000417407 -0.00127552 -0.000419593 0.999999 -0.00124847 0.00127548 0.00124953 0.999999 0.140527 0.0623398 -0.101677
FixedParameters: 0 0 0

#Transform 92
Transform: AffineTransform_float_3_3
Parameters: 0.999999 0.000539004 -0.00174631 -0.000539996 0.999999 -0.000570058 0.00174569 0.000570942 0.999999 0.158152 0.0235166 -0.0386142
FixedParameters: 0 0 0

#Transform 93
Transform: AffineTransform_float_3_3
Parameters: 0.999999 0.000377127 -0.00153021 -0.000377873 1 -0.000570422 0.00152978 0.000570577 0.999998 0.163542 0.0040154 -0.110729
FixedParameters: 0 0 0

#Transform 94
Transform: AffineTransform_float_3_3
Parameters: 0.999998 0.000184012 -0.00159123 -0.000185987 0.999999 -0.00124871 0.00159077 0.00124929 0.999998 0.173171 0.0791023 -0.0789352
FixedParameters: 0 0 0

#Transform 95
Transform: AffineTransform_float_3_3
Parameters: 0.999999 0.000456819 -0.00174631 -0.000458181 0.999999 -0.000676201 0.00174569 0.000676799 0.999998 0.162659 0.00655951 -0.0661706
FixedParameters: 0 0 0

#Transform 96
Transform: AffineTransform_float_3_3
Parameters: 0.999999 0.000527806 -0.00120152 -0.000529194 1 -0.000993365 0.00120147 0.000994635 0.999999 0.102192 0.0632864 -0.137402
FixedParameters: 0 0 0

#Transform 97
Transform: AffineTransform_float_3_3
Parameters: 0.999999 0.0005284 -0.00174618 -0.0005296 1 -0.000343076 0.00174582 0.000343923 0.999999 0.142266 -0.013203 -0.00630875
FixedParameters: 0 0 0

#Transform 98
Transform: AffineTransform_float_3_3
Parameters: 0.999998 0.000527999 -0.00151135 -0.000529001 0.999999 -0.000662201 0.00151165 0.000662799 0.999998 0.13383 0.00208406 -0.0877802
FixedParameters: 0 0 0

#Transform 99
Transform: AffineTransform_float_3_3
Parameters: 0.999999 0.000526543 -0.0016238 -0.000529458 0.999998 -0.00151314 0.0016232 0.00151386 0.999997 0.123845 0.0945932 -0.0877074
FixedParameters: 0 0 0

#Transform 100
Transform: AffineTransform_float_3_3
Parameters: 0.999998 0.000599818 -0.00163207 -0.000600182 1 -0.000111021 0.00163193 0.000111979 0.999998 0.132281 -0.0453188 -0.0838552
FixedParameters: 0 0 0

#Transform 101
Transform: AffineTransform_float_3_3
Parameters: 0.999998 0.000679517 -0.00146915 -0.000681482 0.999999 -0.00169 0.00146785 0.001691 0.999998 0.0987488 0.123531 -0.167448
FixedParameters: 0 0 0

#Transform 102
Transform: AffineTransform_float_3_3
Parameters: 0.999999 0.000528425 -0.00112827 -0.000529574 0.999999 -0.000508403 0.00112873 0.000509597 0.999999 0.108539 -0.00495096 -0.0680749
FixedParameters: 0 0 0

#Transform 103
Transform: AffineTransform_float_3_3
Parameters: 0.999999 0.000528301 -0.000702526 -0.000529699 1 -0.000995629 0.000701473 0.000995372 1 0.0814504 0.0515035 -0.150831
FixedParameters: 0 0 0

#Transform 104
Transform: AffineTransform_float_3_3
Parameters: 0.999999 0.000424359 -0.00124156 -0.000425643 0.999999 -0.00132247 0.00124144 0.00132253 0.999999 0.0981713 0.095083 -0.0975799
FixedParameters: 0 0 0

#Transform 105
Transform: AffineTransform_float_3_3
Parameters: 0.999999 0.000527997 -0.00128241 -0.000529004 1 -0.000782323 0.00128259 0.000782678 0.999999 0.118163 0.0136928 -0.106045
FixedParameters: 0 0 0

#Transform 106
Transform: AffineTransform_float_3_3
Parameters: 0.999999 0.000666442 -0.00174098 -0.000669558 0.999998 -0.00146884 0.00174002 0.00147016 0.999998 0.11803 0.106994 -0.10755
FixedParameters: 0 0 0

#Transform 107
Transform: AffineTransform_float_3_3
Parameters: 0.999999 0.000857299 -0.00158738 -0.0008587 0.999999 -0.000440637 0.00158662 0.000442361 0.999998 0.116328 -0.012524 -0.108995
FixedParameters: 0 0 0

#Transform 108
Transform: AffineTransform_float_3_3
Parameters: 0.999999 0.000805187 -0.00156693 -0.000807813 0.999999 -0.00115674 0.00156607 0.00115826 0.999998 0.104267 0.0894068 -0.187453
FixedParameters: 0 0 0

#Transform 109
Transform: AffineTransform_float_3_3
Parameters: 0.999998 0.00081915 -0.00183638 -0.000820849 0.999999 -0.000461493 0.00183662 0.000463505 0.999998 0.127662 -0.0137982 -0.0919271
FixedParameters: 0 0 0

#Transform 110
Transform: AffineTransform_float_3_3
Parameters: 0.999999 0.000817672 -0.00133881 -0.000819328 0.999999 -0.000991904 0.00133819 0.000993095 0.999998 0.10516 0.0349223 -0.179639
FixedParameters: 0 0 0

#Transform 111
Transform: AffineTransform_float_3_3
Parameters: 0.999998 0.000875439 -0.00147452 -0.000878561 0.999998 -0.00173671 0.00147348 0.00173829 0.999998 0.0896643 0.129024 -0.147421
FixedParameters: 0 0 0

#Transform 112
Transform: AffineTransform_float_3_3
Parameters: 0.999997 0.00139386 -0.00170093 -0.00139513 0.999999 -0.000666629 0.00170007 0.000669371 0.999999 0.100713 -0.00175457 -0.163714
FixedParameters: 0 0 0

#Transform 113
Transform: AffineTransform_float_3_3
Parameters: 0.999999 0.00086605 -0.00163657 -0.000868951 0.999998 -0.00180358 0.00163444 0.00180442 0.999997 0.0900574 0.142415 -0.204246
FixedParameters: 0 0 0

#Transform 114
Transform: AffineTransform_float_3_3
Parameters: 0.999997 0.00127862 -0.00178299 -0.00128037 0.999999 -0.000769719 0.00178201 0.00077228 0.999998 0.115499 0.0161728 -0.1703
FixedParameters: 0 0 0

#Transform 115
Transform: AffineTransform_float_3_3
Parameters: 0.999998 0.000850912 -0.00179499 -0.000853089 0.999999 -0.00116347 0.00179401 0.00116453 0.999997 0.11802 0.0616508 -0.238423
FixedParameters: 0 0 0

#Transform 116
Transform: AffineTransform_float_3_3
Parameters: 0.999998 0.00119039 -0.00148929 -0.00119261 0.999998 -0.00108323 0.00148771 0.00108477 0.999999 0.108864 0.045517 -0.212887
FixedParameters: 0 0 0

#Transform 117
Transform: AffineTransform_float_3_3
Parameters: 0.999997 0.00135038 -0.00177324 -0.00135162 0.999998 -0.000913605 0.00177176 0.000916395 0.999998 0.120236 0.0111534 -0.242551
FixedParameters: 0 0 0

#Transform 118
Transform: AffineTransform_float_3_3
Parameters: 0.999997 0.00105368 -0.00247699 -0.00105632 0.999999 -0.000936386 0.00247601 0.000939612 0.999996 0.188641 0.0445758 -0.0470114
FixedParameters: 0 0 0

#Transform 119
Transform: AffineTransform_float_3_3
Parameters: 0.999998 -0.000267229 -0.00222609 0.000267772 1 0.000346405 0.00222591 -0.000346596 0.999998 0.222677 -0.0949845 0.217817
FixedParameters: 0 0 0

#Transform 120
Transform: AffineTransform_float_3_3
Parameters: 0.999999 0.000619222 -0.00138545 -0.000617778 1 0.000881857 0.00138654 -0.000881142 0.999998 -0.0335016 -0.0488662 0.391779
FixedParameters: 0 0 0

#Transform 121
Transform: AffineTransform_float_3_3
Parameters: 0.999998 0.00116338 -0.0012595 -0.00116562 0.999998 -0.00128553 0.0012585 0.00128747 0.999999 -0.0572287 0.0559738 0.334601
FixedParameters: 0 0 0

#Transform 122
Transform: AffineTransform_float_3_3
Parameters: 0.999999 0.00129477 -0.0012603 -0.00129724 0.999997 -0.00177337 0.0012587 0.00177463 0.999997 -0.0807999 0.126535 0.429508
FixedParameters: 0 0 0

#Transform 123
Transform: AffineTransform_float_3_3
Parameters: 0.999998 0.00112926 -0.00131064 -0.00112974 0.999999 -0.00056252 0.00131036 0.000563481 0.999999 -0.0798608 0.070423 0.569321
FixedParameters: 0 0 0

#Transform 124
Transform: AffineTransform_float_3_3
Parameters: 0.999998 0.00111091 -0.00166606 -0.00111109 1 -5.3149e-05 0.00166594 5.58508e-05 0.999998 -0.0375491 -0.0409223 0.527679
FixedParameters: 0 0 0

#Transform 125
Transform: AffineTransform_float_3_3
Parameters: 0.999997 0.00147891 -0.00166608 -0.00147909 0.999999 -5.25358e-05 0.00166592 5.54639e-05 0.999998 -0.0789539 -0.00551616 0.52767
FixedParameters: 0 0 0

#Transform 126
Transform: AffineTransform_float_3_3
Parameters: 0.999997 0.00131977 -0.00166539 -0.00131923 0.999999 0.000462198 0.00166561 -0.000459803 0.999999 -0.0593734 -0.0536738 0.546886
FixedParameters: 0 0 0

#Transform 127
Transform: AffineTransform_float_3_3
Parameters: 0.999997 0.0014787 -0.00166627 -0.0014783 0.999999 -0.000180537 0.00166573 0.000182463 0.999998 -0.0628607 -0.0105575 0.506894
FixedParameters: 0 0 0

#Transform 128
Transform: AffineTransform_float_3_3
Parameters: 0.999998 0.00125482 -0.00166613 -0.00125518 0.999999 -0.000106909 0.00166586 0.000109091 0.999998 -0.0377739 0.00309172 0.598293
FixedParameters: 0 0 0

#Transform 129
Transform: AffineTransform_float_3_3
Parameters: 0.999998 0.00118868 -0.00192458 -0.00118732 0.999999 0.000352286 0.00192542 -0.000349712 0.999998 -0.0149156 -0.0585082 0.552271
FixedParameters: 0 0 0

#Transform 130
Transform: AffineTransform_float_3_3
Parameters: 0.999997 0.00118857 -0.00186927 -0.00118943 1 -0.000227777 0.00186873 0.000230222 0.999998 -0.0313312 0.0287579 0.558712
FixedParameters: 0 0 0

#Transform 131
Transform: AffineTransform_float_3_3
Parameters: 0.999998 0.00111784 -0.00166477 -0.00111616 0.999999 0.00110286 0.00166623 -0.00110114 0.999998 -0.0263821 -0.107854 0.595722
FixedParameters: 0 0 0

#Transform 132
Transform: AffineTransform_float_3_3
Parameters: 0.999997 0.00147926 -0.00166577 -0.00147874 0.999999 0.000156464 0.00166623 -0.000154536 0.999998 -0.0560401 -0.0126907 0.534683
FixedParameters: 0 0 0

#Transform 133
Transform: AffineTransform_float_3_3
Parameters: 0.999998 0.00147947 -0.00142451 -0.00147853 0.999999 0.000330107 0.00142449 -0.000328893 0.999999 -0.0546567 -0.0446652 0.536694
FixedParameters: 0 0 0

#Transform 134
Transform: AffineTransform_float_3_3
Parameters: 0.999998 0.00133328 -0.00138473 -0.00133272 0.999999 0.000201846 0.00138427 -0.000200155 0.999999 -0.0622995 -0.0660264 0.521678
FixedParameters: 0 0 0

#Transform 135
Transform: AffineTransform_float_3_3
Parameters: 0.999998 0.00116146 -0.00121652 -0.00116255 0.999999 -0.000447587 0.00121648 0.000448414 0.999999 -0.0813498 0.0409641 0.571797
FixedParameters: 0 0 0

#Transform 136
Transform: AffineTransform_float_3_3
Parameters: 0.999998 0.00107413 -0.00194438 -0.00107387 1 0.00058209 0.00194463 -0.000580913 0.999998 -0.00479666 -0.0755223 0.638012
FixedParameters: 0 0 0

#Transform 137
Transform: AffineTransform_float_3_3
Parameters: 0.999998 0.00108495 -0.00163637 -0.00108405 0.999999 0.000583775 0.00163763 -0.000581224 0.999998 -0.0257844 -0.0752782 0.613219
FixedParameters: 0 0 0

#Transform 138
Transform: AffineTransform_float_3_3
Parameters: 0.999998 0.00109785 -0.0016351 -0.00109716 1 -9.42062e-05 0.0016349 9.57951e-05 0.999998 -0.0261471 0.024859 0.620497
FixedParameters: 0 0 0

#Transform 139
Transform: AffineTransform_float_3_3
Parameters: 0.999998 0.00110128 -0.00170518 -0.00110072 0.999999 0.000749879 0.00170683 -0.000748122 0.999999 -0.0214605 -0.0958462 0.59339
FixedParameters: 0 0 0

#Transform 140
Transform: AffineTransform_float_3_3
Parameters: 0.999998 0.00125795 -0.00154804 -0.00125805 0.999999 -3.10526e-05 0.00154796 3.39473e-05 0.999999 -0.0691458 0.00241362 0.525963
FixedParameters: 0 0 0

#Transform 141
Transform: AffineTransform_float_3_3
Parameters: 0.999997 0.00127016 -0.00199726 -0.00126884 0.999999 0.000580536 0.00199774 -0.000578464 0.999998 -0.00695353 -0.0719913 0.530586
FixedParameters: 0 0 0

#Transform 142
Transform: AffineTransform_float_3_3
Parameters: 0.999997 0.00143323 -0.00156779 -0.00143277 0.999999 0.000145247 0.00156821 -0.000142753 0.999999 -0.0583768 -0.0429395 0.438482
FixedParameters: 0 0 0

#Transform 143
Transform: AffineTransform_float_3_3
Parameters: 0.999997 0.00113626 -0.00180484 -0.00113574 1 0.00014505 0.00180516 -0.000142949 0.999999 -0.0375843 -0.00533156 0.507481
FixedParameters: 0 0 0

#Transform 144
Transform: AffineTransform_float_3_3
Parameters: 0.999998 0.00137064 -0.00178951 -0.00136937 0.999999 0.000356452 0.00178949 -0.000354548 0.999999 -0.0285696 -0.0780391 0.424537
FixedParameters: 0 0 0

#Transform 145
Transform: AffineTransform_float_3_3
Parameters: 0.999999 0.000712791 -0.00162853 -0.000714209 0.999999 -0.000741838 0.00162847 0.000743162 0.999999 -0.0209409 0.0687382 0.364889
FixedParameters: 0 0 0

#Transform 146
Transform: AffineTransform_float_3_3
Parameters: 0.999998 0.000921826 -0.00139711 -0.000922172 0.999999 -0.000122712 0.00139689 0.000124288 0.999999 -0.0192962 -0.0245501 0.313966
FixedParameters: 0 0 0

#Transform 147
Transform: AffineTransform_float_3_3
Parameters: 0.999999 0.000921121 -0.00121867 -0.000921881 1 -0.000721878 0.00121833 0.000722123 0.999999 -0.0779694 0.0405558 0.294353
FixedParameters: 0 0 0

#Transform 148
Transform: AffineTransform_float_3_3
Parameters: 0.999997 0.00141289 -0.00168309 -0.00141211 0.999999 -6.46234e-05 0.00168391 6.73793e-05 0.999998 -0.0687568 -0.0404421 0.360537
FixedParameters: 0 0 0

#Transform 149
Transform: AffineTransform_float_3_3
Parameters: 0.999998 0.00160082 -0.00168317 -0.00160118 0.999998 -0.000106305 0.00168383 0.000108696 0.999998 -0.0693214 -0.00711626 0.355559
FixedParameters: 0 0 0

#Transform 150
Transform: AffineTransform_float_3_3
Parameters: 0.999997 0.00140675 -0.0016832 -0.00140724 0.999999 -0.000144632 0.00168379 0.000147369 0.999998 -0.0482464 -0.0117431 0.351807
FixedParameters: 0 0 0

#Transform 151
Transform: AffineTransform_float_3_3
Parameters: 0.999999 0.0013929 -0.00110213 -0.0013921 0.999999 -9.04659e-05 0.00110187 9.1535e-05 1 -0.0673604 -0.0314008 0.28313
FixedParameters: 0 0 0

#Transform 152
Transform: AffineTransform_float_3_3
Parameters: 0.999997 0.0015838 -0.00218114 -0.0015832 0.999998 -8.85471e-05 0.00218086 9.14543e-05 0.999997 -0.0103938 -0.00808248 0.298526
FixedParameters: 0 0 0

#Transform 153
Transform: AffineTransform_float_3_3
Parameters: 0.999997 0.00144178 -0.00200344 -0.00144022 0.999999 0.000389887 0.00200456 -0.000387111 0.999998 -0.0109488 -0.077946 0.291585
FixedParameters: 0 0 0

#Transform 154
Transform: AffineTransform_float_3_3
Parameters: 0.999996 0.00168998 -0.00220601 -0.00169002 0.999998 -5.27182e-06 0.00220599 8.72811e-06 0.999997 -0.0110594 0.018142 0.328377
FixedParameters: 0 0 0

#Transform 155
Transform: AffineTransform_float_3_3
Parameters: 0.999996 0.00147036 -0.0024872 -0.00146864 0.999999 0.000546655 0.0024878 -0.000543344 0.999997 0.0167559 -0.0836645 0.313435
FixedParameters: 0 0 0

#Transform 156
Transform: AffineTransform_float_3_3
Parameters: 0.999998 0.00127717 -0.00182958 -0.00127783 0.999999 -0.000454663 0.00182942 0.000457338 0.999998 -0.048611 0.0237569 0.22997
FixedParameters: 0 0 0

#Transform 157
Transform: AffineTransform_float_3_3
Parameters: 0.999997 0.00141989 -0.00196908 -0.00142011 0.999999 -5.32039e-05 0.00196892 5.57958e-05 0.999998 -0.0210608 -0.0274737 0.276364
FixedParameters: 0 0 0

#Transform 158
Transform: AffineTransform_float_3_3
Parameters: 0.999997 0.00147417 -0.00193087 -0.00147383 0.999999 9.0846e-05 0.00193013 -8.81549e-05 0.999998 -0.0367453 -0.0335193 0.205665
FixedParameters: 0 0 0

#Transform 159
Transform: AffineTransform_float_3_3
Parameters: 0.999997 0.00138021 -0.00236488 -0.00137979 0.999999 9.12634e-05 0.00236412 -8.77374e-05 0.999997 0.00638235 -0.0334589 0.312611
FixedParameters: 0 0 0

#Transform 160
Transform: AffineTransform_float_3_3
Parameters: 0.999997 0.0014622 -0.00225887 -0.0014628 0.999999 9.13046e-05 0.00225813 -8.76985e-05 0.999998 -0.00240168 -0.0305362 0.259964
FixedParameters: 0 0 0

#Transform 161
Transform: AffineTransform_float_3_3
Parameters: 0.999997 0.0014147 -0.00206489 -0.0014153 0.999999 -0.000628079 0.00206411 0.000630922 0.999997 -0.0144417 0.0487376 0.235952
FixedParameters: 0 0 0

#Transform 162
Transform: AffineTransform_float_3_3
Parameters: 0.999996 0.00138145 -0.00224272 -0.00138155 0.999999 0.000204099 0.00224328 -0.000200902 0.999997 0.00885103 -0.069253 0.228106
FixedParameters: 0 0 0

#Transform 163
Transform: AffineTransform_float_3_3
Parameters: 0.999998 0.001474 -0.00168887 -0.001475 0.999998 -0.00059051 0.00168813 0.00059249 0.999999 -0.0783056 0.0550428 0.213158
FixedParameters: 0 0 0

#Transform 164
Transform: AffineTransform_float_3_3
Parameters: 0.999996 0.00152097 -0.00248179 -0.00151902 0.999998 0.000797773 0.00248321 -0.000793226 0.999996 -0.00577721 -0.0881269 0.295839
FixedParameters: 0 0 0

#Transform 165
Transform: AffineTransform_float_3_3
Parameters: 0.999997 0.00144272 -0.00230318 -0.00144328 0.999999 -0.000118676 0.00230283 0.000122323 0.999998 -0.0195904 -0.0132776 0.230005
FixedParameters: 0 0 0

#Transform 166
Transform: AffineTransform_float_3_3
Parameters: 0.999996 0.00163764 -0.00230254 -0.00163736 0.999998 0.000281771 0.00230246 -0.00027823 0.999998 -0.0240501 -0.033779 0.268166
FixedParameters: 0 0 0

#Transform 167
Transform: AffineTransform_float_3_3
Parameters: 0.999995 0.00178437 -0.00231094 -0.00178263 0.999998 0.000594122 0.00231206 -0.000590877 0.999997 -0.0066208 -0.0872299 0.298754
FixedParameters: 0 0 0

#Transform 168
Transform: AffineTransform_float_3_3
Parameters: 0.999997 0.00136641 -0.00235134 -0.00136759 0.999999 -0.000247785 0.00235066 0.000251213 0.999997 0.00533421 -0.0123396 0.341289
FixedParameters: 0 0 0

#Transform 169
Transform: AffineTransform_float_3_3
Parameters: 0.999997 0.00125936 -0.00237834 -0.00126064 0.999999 -0.000267003 0.00237866 0.000269997 0.999997 0.0142197 -0.0354642 0.271123
FixedParameters: 0 0 0

#Transform 170
Transform: AffineTransform_float_3_3
Parameters: 0.999996 0.00125803 -0.00227709 -0.00125997 0.999999 -0.000862134 0.00227591 0.000864866 0.999997 -0.0220103 0.0656606 0.266752
FixedParameters: 0 0 0

#Transform 171
Transform: AffineTransform_float_3_3
Parameters: 0.999995 0.00155406 -0.00252335 -0.00155294 0.999998 0.00042192 0.00252365 -0.00041808 0.999996 0.00827352 -0.0483893 0.295878
FixedParameters: 0 0 0

#Transform 172
Transform: AffineTransform_float_3_3
Parameters: 0.999996 0.00171039 -0.00227621 -0.00171161 0.999999 -0.000707107 0.00227479 0.000710894 0.999997 -0.0429628 0.0483001 0.250522
FixedParameters: 0 0 0

#Transform 173
Transform: AffineTransform_float_3_3
Parameters: 0.999997 0.00172216 -0.00206987 -0.00172184 0.999998 7.95642e-05 0.00207014 -7.64351e-05 0.999998 -0.0271237 -0.0365537 0.293227
FixedParameters: 0 0 0

#Transform 174
Transform: AffineTransform_float_3_3
Parameters: 0.999997 0.00168628 -0.00215735 -0.00168872 0.999999 -0.00079636 0.00215565 0.000799639 0.999998 -0.053338 0.0495568 0.21525
FixedParameters: 0 0 0

#Transform 175
Transform: AffineTransform_float_3_3
Parameters: 0.999994 0.0015862 -0.00283189 -0.0015858 0.999998 7.34912e-05 0.00283211 -6.8508e-05 0.999996 0.027654 -0.033347 0.316989
FixedParameters: 0 0 0

#Transform 176
Transform: AffineTransform_float_3_3
Parameters: 0.999997 0.00149494 -0.00225671 -0.00149606 0.999999 -0.000469626 0.0022563 0.000473375 0.999998 -0.0087118 0.0206757 0.226912
FixedParameters: 0 0 0

#Transform 177
Transform: AffineTransform_float_3_3
Parameters: 0.999997 0.00125888 -0.00237359 -0.00126012 0.999999 -0.000470011 0.00237241 0.000472988 0.999997 -0.0159138 0.0420664 0.270005
FixedParameters: 0 0 0

#Transform 178
Transform: AffineTransform_float_3_3
Parameters: 0.999996 0.00156442 -0.00206444 -0.00156458 0.999998 -0.000279771 0.00206356 0.000282229 0.999998 -0.0262146 -0.0114436 0.209574
FixedParameters: 0 0 0

#Transform 179
Transform: AffineTransform_float_3_3
Parameters: 0.999996 0.00151035 -0.00237005 -0.00151165 0.999998 -0.00069542 0.00236895 0.00069858 0.999997 -0.0436007 0.0629659 0.240303
FixedParameters: 0 0 0

#Transform 180
Transform: AffineTransform_float_3_3
Parameters: 0.999995 0.00165016 -0.00240689 -0.00164984 0.999998 6.79713e-05 0.00240711 -6.40281e-05 0.999997 -0.000111723 -0.0250857 0.218808
FixedParameters: 0 0 0

#Transform 181
Transform: AffineTransform_float_3_3
Parameters: 0.999997 0.00169549 -0.00181242 -0.00169751 0.999998 -0.000833926 0.00181058 0.000837073 0.999998 -0.0870501 0.0779315 0.20505
FixedParameters: 0 0 0

#Transform 182
Transform: AffineTransform_float_3_3
Parameters: 0.999996 0.00205712 -0.00181087 -0.00205688 0.999998 6.6725e-05 0.00181014 -6.32766e-05 0.999999 -0.109235 -0.0253174 0.318975
FixedParameters: 0 0 0

#Transform 183
Transform: AffineTransform_float_3_3
Parameters: 0.999996 0.00205583 -0.00185829 -0.00205617 0.999997 -0.000626181 0.00185771 0.000629821 0.999998 -0.135577 0.0439224 0.240167
FixedParameters: 0 0 0

#Transform 184
Transform: AffineTransform_float_3_3
Parameters: 0.999995 0.00205727 -0.00216074 -0.00205673 0.999998 0.000128445 0.00216126 -0.000124554 0.999997 -0.0878137 -0.0146315 0.292369
FixedParameters: 0 0 0

#Transform 185
Transform: AffineTransform_float_3_3
Parameters: 0.999995 0.00223762 -0.00192544 -0.00223838 0.999998 -0.000195691 0.00192556 0.00020031 0.999998 -0.135002 0.0103679 0.22145
FixedParameters: 0 0 0

#Transform 186
Transform: AffineTransform_float_3_3
Parameters: 0.999996 0.0020558 -0.0015366 -0.00205619 0.999997 -0.000775842 0.0015354 0.000779158 0.999998 -0.186422 0.0756651 0.181999
FixedParameters: 0 0 0

#Transform 187
Transform: AffineTransform_float_3_3
Parameters: 0.999996 0.00205711 -0.0022279 -0.00205689 0.999998 5.05828e-05 0.0022281 -4.54168e-05 0.999998 -0.108252 -0.0246728 0.147593
FixedParameters: 0 0 0

#Transform 188
Transform: AffineTransform_float_3_3
Parameters: 0.999996 0.00205485 -0.00186637 -0.00205615 0.999997 -0.00115217 0.00186463 0.00115584 0.999997 -0.138235 0.11374 0.117126
FixedParameters: 0 0 0

#Transform 189
Transform: AffineTransform_float_3_3
Parameters: 0.999995 0.00205645 -0.00239548 -0.00205655 0.999998 -0.000229075 0.00239552 0.000233927 0.999997 -0.0578976 -0.00638252 0.195524
FixedParameters: 0 0 0

#Transform 190
Transform: AffineTransform_float_3_3
Parameters: 0.999995 0.00205392 -0.00207605 -0.00205608 0.999997 -0.00148174 0.00207295 0.00148626 0.999996 -0.115352 0.129647 0.0922757
