#Insight Transform File V1.0
#Transform 0
Transform: AffineTransform_float_3_3
Parameters: 1 0.000394067 0.000417882 -0.000394934 0.999998 0.00223584 -0.000417118 -0.00223617 0.999998 0.000474707 -0.110629 0.0807977
FixedParameters: 0 0 0

#Transform 1
Transform: AffineTransform_float_3_3
Parameters: 1 0.000547907 0.000418434 -0.000549092 0.999997 0.00261577 -0.000416565 -0.00261623 0.999996 -0.00559413 -0.108532 0.240559
FixedParameters: 0 0 0

#Transform 2
Transform: AffineTransform_float_3_3
Parameters: 0.999999 0.000546342 0.00058555 -0.000548655 0.999996 0.00283368 -0.000583447 -0.00283432 0.999996 -0.00664265 -0.13251 0.17921
FixedParameters: 0 0 0

#Transform 3
Transform: AffineTransform_float_3_3
Parameters: 1 0.000397501 -0.000278286 -0.0003975 0.999999 0.00179811 0.000278715 -0.00179789 0.999999 0.0511186 0.00521276 0.00684424
FixedParameters: 0 0 0

#Transform 4
Transform: AffineTransform_float_3_3
Parameters: 1 6.21888e-07 -0.000315999 -3.7811e-07 0.999998 0.001968 0.000316001 -0.001968 0.999998 0.0433183 -0.0962851 0.400074
FixedParameters: 0 0 0

#Transform 5
Transform: AffineTransform_float_3_3
Parameters: 1 -7.80797e-07 0.000357999 2.192e-07 0.999997 0.002181 -0.000358001 -0.002181 0.999997 0.0314186 -0.142365 0.255136
FixedParameters: 0 0 0

#Transform 6
Transform: AffineTransform_float_3_3
Parameters: 0.999998 0.00130444 0.00143915 -0.00130856 0.999994 0.00317212 -0.00143486 -0.00317388 0.999994 -0.0696894 -0.135805 0.17636
FixedParameters: 0 0 0

#Transform 7
Transform: AffineTransform_float_3_3
Parameters: 0.999999 0.000894513 0.000540469 -0.000895485 0.999996 0.00275752 -0.000537533 -0.00275748 0.999996 -0.0402606 -0.116054 0.0895574
FixedParameters: 0 0 0

#Transform 8
Transform: AffineTransform_float_3_3
Parameters: 0.999999 0.000678873 0.000487572 -0.000680127 0.999997 0.00231367 -0.000486427 -0.00231433 0.999997 -0.0315485 -0.0981372 0.0810037
FixedParameters: 0 0 0

#Transform 9
Transform: AffineTransform_float_3_3
Parameters: 0.999999 0.000542735 0.000487413 -0.000544264 0.999997 0.00259974 -0.000485587 -0.00260027 0.999997 -0.0208889 -0.0877939 0.0775878
FixedParameters: 0 0 0

#Transform 10
Transform: AffineTransform_float_3_3
Parameters: 0.999999 0.000666321 0.000488299 -0.000667677 0.999994 0.00344567 -0.000485702 -0.00344532 0.999994 -0.0307583 -0.110435 0.0858237
FixedParameters: 0 0 0

#Transform 11
Transform: AffineTransform_float_3_3
Parameters: 1 0.000539877 0.000411478 -0.000541125 0.999996 0.00273478 -0.000410521 -0.00273522 0.999996 -0.0181798 -0.092762 0.0496678
FixedParameters: 0 0 0

#Transform 12
Transform: AffineTransform_float_3_3
Parameters: 1 0.000474858 0.000487115 -0.000476141 0.999997 0.00234577 -0.000485884 -0.00234623 0.999997 -0.0196593 -0.10039 0.0158401
FixedParameters: 0 0 0

#Transform 13
Transform: AffineTransform_float_3_3
Parameters: 1 0.000369034 0.000486733 -0.000369966 0.999998 0.00198482 -0.000486266 -0.00198518 0.999998 -0.0204573 -0.087443 -0.00983061
FixedParameters: 0 0 0

#Transform 14
Transform: AffineTransform_float_3_3
Parameters: 0.999999 0.000475027 0.000586788 -0.00047597 0.999998 0.00165772 -0.000585212 -0.00165828 0.999999 -0.0184289 -0.075839 -0.02926
FixedParameters: 0 0 0

#Transform 15
Transform: AffineTransform_float_3_3
Parameters: 1 0.000383462 0.000280736 -0.000384537 0.999998 0.00191889 -0.000279263 -0.00191911 0.999998 -0.0035705 -0.0938464 0.0641003
FixedParameters: 0 0 0

#Transform 16
Transform: AffineTransform_float_3_3
Parameters: 1 0.000496903 0.000124388 -0.000497097 0.999999 0.000779938 -0.000124613 -0.000779061 0.999999 -0.000542297 -0.0253066 0.11619
FixedParameters: 0 0 0

#Transform 17
Transform: AffineTransform_float_3_3
Parameters: 1 0.000248052 0.000632979 -0.000247948 1 -8.21569e-05 -0.00063302 8.1843e-05 1 -0.0205997 -0.0240108 0.0325748
FixedParameters: 0 0 0

#Transform 18
Transform: AffineTransform_float_3_3
Parameters: 1 9.00531e-06 0.000231 -8.99469e-06 1 -2.30021e-05 -0.000231 2.29979e-05 1 -0.00150712 0.0241108 -0.0710589
FixedParameters: 0 0 0

#Transform 19
Transform: AffineTransform_float_3_3
Parameters: 1 9.19252e-06 0.000381995 -8.80747e-06 1 -0.000504003 -0.000382004 0.000503996 1 -0.00697861 -0.0118175 -0.0454441
FixedParameters: 0 0 0

#Transform 20
Transform: AffineTransform_float_3_3
Parameters: 1 9.0067e-06 -0.000149 -8.99329e-06 1 4.50013e-05 0.000149 -4.49987e-05 1 0.0121894 -0.0114716 0.0161311
FixedParameters: 0 0 0

#Transform 21
Transform: AffineTransform_float_3_3
Parameters: 1 8.95336e-06 -0.000149003 -9.04664e-06 1 -0.000312999 0.000148997 0.000313001 1 0.0121911 0.032552 0.00751433
FixedParameters: 0 0 0

#Transform 22
Transform: AffineTransform_float_3_3
Parameters: 1 9.13543e-06 -0.000148992 -8.86455e-06 0.999999 0.000909001 0.000149008 -0.000908998 0.999999 0.0121875 -0.0286186 0.0276607
FixedParameters: 0 0 0

#Transform 23
Transform: AffineTransform_float_3_3
Parameters: 1 8.91686e-06 -0.000149005 -9.08314e-06 1 -0.000557998 0.000148995 0.000558001 1 0.00793971 0.0670579 -0.0149651
FixedParameters: 0 0 0

#Transform 24
Transform: AffineTransform_float_3_3
Parameters: 1 8.88363e-06 -0.000149007 -9.11636e-06 0.999999 -0.000780998 0.000148993 0.000781001 0.999999 0.0122009 0.043287 -0.0582442
FixedParameters: 0 0 0

#Transform 25
Transform: AffineTransform_float_3_3
Parameters: 1 8.9699e-06 -0.000149002 -9.0301e-06 1 -0.000201999 0.000148998 0.000202001 1 0.00999577 0.034094 0.0296233
FixedParameters: 0 0 0

#Transform 26
Transform: AffineTransform_float_3_3
Parameters: 1 9.31149e-06 0.000355992 -8.68849e-06 0.999999 -0.000875002 -0.000356008 0.000874996 0.999999 -0.00601882 0.0505385 -0.0297207
FixedParameters: 0 0 0

#Transform 27
Transform: AffineTransform_float_3_3
Parameters: 1 9.1216e-06 8.19866e-05 -8.87838e-06 0.999999 -0.001483 -8.20132e-05 0.001483 0.999999 0.00387197 0.0647053 -0.0333356
FixedParameters: 0 0 0

#Transform 28
Transform: AffineTransform_float_3_3
Parameters: 1 9.25432e-06 0.000291992 -8.74566e-06 0.999999 -0.000871002 -0.000292008 0.000870997 0.999999 -0.00373764 0.0658275 -0.049876
FixedParameters: 0 0 0

#Transform 29
Transform: AffineTransform_float_3_3
Parameters: 1 9.09139e-06 0.000407998 -8.90861e-06 1 -0.000224004 -0.000408002 0.000223996 1 -0.00791267 0.0113765 -0.0641562
FixedParameters: 0 0 0

#Transform 30
Transform: AffineTransform_float_3_3
Parameters: 1 9.24884e-06 0.000441995 -8.75171e-06 1 -0.000563004 -0.000441005 0.000562996 0.999999 -0.0090778 0.0236447 -0.0276259
FixedParameters: 0 0 0

#Transform 31
Transform: AffineTransform_float_3_3
Parameters: 1 9.33812e-06 0.000441993 -8.66263e-06 0.999999 -0.000765003 -0.000441007 0.000764995 0.999999 -0.0090976 0.062676 -0.0324934
FixedParameters: 0 0 0

#Transform 32
Transform: AffineTransform_float_3_3
Parameters: 1 9.27094e-06 0.000441994 -8.72966e-06 1 -0.000613004 -0.000441005 0.000612996 0.999999 -0.00440219 0.0377375 -0.0174865
FixedParameters: 0 0 0

#Transform 33
Transform: AffineTransform_float_3_3
Parameters: 1 8.97032e-06 -3.00089e-05 -9.02966e-06 0.999999 -0.000988999 2.99911e-05 0.000988999 0.999999 0.0243348 0.0791561 -0.0799723
FixedParameters: 0 0 0

#Transform 34
Transform: AffineTransform_float_3_3
Parameters: 1 9.52862e-06 0.000426989 -8.47137e-06 0.999999 -0.001238 -0.000427011 0.001238 0.999999 0.0078055 0.0546575 -0.0716789
FixedParameters: 0 0 0

#Transform 35
Transform: AffineTransform_float_3_3
Parameters: 1 9.32753e-06 0.000617995 -8.67245e-06 1 -0.000530005 -0.000618004 0.000529994 0.999999 -0.00162761 0.0558654 -0.0481047
FixedParameters: 0 0 0

#Transform 36
Transform: AffineTransform_float_3_3
Parameters: 1 -0.000431826 0.000101742 0.000431175 0.999999 -0.00171696 -0.00010126 0.00171704 0.999998 0.0281231 0.0832647 -0.0585332
FixedParameters: 0 0 0

#Transform 37
Transform: AffineTransform_float_3_3
Parameters: 1 -0.000271599 0.000304358 0.000272402 0.999999 -0.00131892 -0.000304641 0.00131808 0.999999 0.0176595 0.0689258 -0.0186502
FixedParameters: 0 0 0

#Transform 38
Transform: AffineTransform_float_3_3
Parameters: 1 -0.000363762 8.7989e-05 0.000364238 0.999996 -0.00271797 -8.70103e-05 0.00271803 0.999997 0.0272796 0.151604 -0.0453303
FixedParameters: 0 0 0

#Transform 39
Transform: AffineTransform_float_3_3
Parameters: 0.999999 0.00033161 0.000683221 -0.000329391 0.999997 -0.00235523 -0.000683777 0.00235477 0.999997 -0.0485666 0.117955 0.0321504
FixedParameters: 0 0 0

#Transform 40
Transform: AffineTransform_float_3_3
Parameters: 0.999999 0.000200803 0.000802551 -0.000199196 0.999998 -0.00224616 -0.000803449 0.00224584 0.999997 -0.0502768 0.127606 0.0807753
FixedParameters: 0 0 0

#Transform 41
Transform: AffineTransform_float_3_3
Parameters: 1 -0.000299098 0.000285947 0.000299903 0.999995 -0.00316091 -0.000285053 0.00316109 0.999995 0.00997549 0.147127 0.00202986
FixedParameters: 0 0 0

#Transform 42
Transform: AffineTransform_float_3_3
Parameters: 1 -0.000432125 -4.17237e-05 0.000431877 0.999995 -0.00295402 4.22759e-05 0.00295398 0.999995 0.0220381 0.0639151 0.160934
FixedParameters: 0 0 0

#Transform 43
Transform: AffineTransform_float_3_3
Parameters: 1 -0.000274873 0.000426728 0.000276128 0.999997 -0.00264388 -0.000426272 0.00264412 0.999997 -0.00775017 0.0779324 0.219078
FixedParameters: 0 0 0

#Transform 44
Transform: AffineTransform_float_3_3
Parameters: 1 -0.00029539 0.000474008 0.000297611 0.999994 -0.00340186 -0.000472991 0.00340114 0.999994 -0.00909365 0.0781461 0.166898
FixedParameters: 0 0 0

#Transform 45
Transform: AffineTransform_float_3_3
Parameters: 0.999999 -0.000605045 0.000469529 0.000606952 0.999991 -0.00417372 -0.000466471 0.00417428 0.999991 0.00105925 0.121261 0.196393
FixedParameters: 0 0 0

#Transform 46
Transform: AffineTransform_float_3_3
Parameters: 0.999999 -0.000830885 0.000242848 0.000832115 0.999989 -0.0046278 -0.000239151 0.0046282 0.99999 0.0246228 0.134839 0.106614
FixedParameters: 0 0 0

#Transform 47
Transform: AffineTransform_float_3_3
Parameters: 0.999999 -0.000561887 0.000557139 0.000564112 0.999992 -0.00379968 -0.00055486 0.00379931 0.999992 -0.00688266 0.075796 0.166146
FixedParameters: 0 0 0

#Transform 48
Transform: AffineTransform_float_3_3
Parameters: 0.999999 -0.000829689 0.00053957 0.000832313 0.999991 -0.00429655 -0.000536428 0.00429745 0.99999 0.00744529 0.136485 0.103146
FixedParameters: 0 0 0

#Transform 49
Transform: AffineTransform_float_3_3
Parameters: 0.999999 -0.000829648 0.000539632 0.000832353 0.99999 -0.00437155 -0.000536366 0.00437245 0.999991 0.00582476 0.112952 0.121586
FixedParameters: 0 0 0

#Transform 50
Transform: AffineTransform_float_3_3
Parameters: 0.999999 -0.000713497 0.000539327 0.000715501 0.999989 -0.00465462 -0.000535675 0.00465538 0.999989 0.00232695 0.159254 0.146532
FixedParameters: 0 0 0

#Transform 51
Transform: AffineTransform_float_3_3
Parameters: 1 -0.000164209 0.000536552 0.000165793 0.999995 -0.00333991 -0.000536449 0.00334009 0.999995 -0.0419877 0.145489 0.260302
FixedParameters: 0 0 0

#Transform 52
Transform: AffineTransform_float_3_3
Parameters: 1 -0.000592714 8.59973e-05 0.000593286 0.999994 -0.00336895 -8.40017e-05 0.00336905 0.999995 0.00748679 0.129958 0.19424
FixedParameters: 0 0 0

#Transform 53
Transform: AffineTransform_float_3_3
Parameters: 1 -0.000313471 0.000171968 0.000313529 0.999995 -0.00308495 -0.000171034 0.00308506 0.999995 -0.000978853 0.133418 0.155351
FixedParameters: 0 0 0

#Transform 54
Transform: AffineTransform_float_3_3
Parameters: 1 -0.000590482 0.000172779 0.000591518 0.999996 -0.0030109 -0.00017122 0.0030111 0.999995 0.00433524 0.084236 0.219249
FixedParameters: 0 0 0

#Transform 55
Transform: AffineTransform_float_3_3
Parameters: 0.999999 -0.000831363 0.000174069 0.000832636 0.999993 -0.00368986 -0.000170929 0.00368914 0.999993 0.00886762 0.161239 0.156855
FixedParameters: 0 0 0

#Transform 56
Transform: AffineTransform_float_3_3
Parameters: 0.999999 -0.000832139 -4.23373e-05 0.000832857 0.999994 -0.00320003 4.56653e-05 0.00319996 0.999995 0.0196465 0.104388 0.199802
FixedParameters: 0 0 0

#Transform 57
Transform: AffineTransform_float_3_3
Parameters: 0.999999 -0.0007057 6.72278e-05 0.000706299 0.99999 -0.00457295 -6.37707e-05 0.00457305 0.999989 0.0163639 0.190588 0.165803
FixedParameters: 0 0 0

#Transform 58
Transform: AffineTransform_float_3_3
Parameters: 0.999999 -0.000832248 -4.45855e-05 0.000832749 0.999985 -0.00530504 4.94184e-05 0.00530496 0.999986 0.0280605 0.17362 0.117752
FixedParameters: 0 0 0

#Transform 59
Transform: AffineTransform_float_3_3
Parameters: 0.999999 -0.00083136 0.000115691 0.000832635 0.999983 -0.0056399 -0.000110306 0.00564009 0.999984 0.0083484 0.176151 0.111299
FixedParameters: 0 0 0

#Transform 60
Transform: AffineTransform_float_3_3
Parameters: 0.999999 -0.000831709 4.74171e-05 0.000832289 0.999979 -0.00651196 -4.1581e-05 0.00651204 0.999979 0.0135253 0.203833 0.114821
FixedParameters: 0 0 0

#Transform 61
Transform: AffineTransform_float_3_3
Parameters: 0.999999 -0.00076827 0.00012748 0.000769727 0.999982 -0.0058289 -0.000122515 0.00582909 0.999983 0.00942165 0.179421 0.107683
FixedParameters: 0 0 0

#Transform 62
Transform: AffineTransform_float_3_3
Parameters: 0.999999 -0.000952894 0.000226701 0.000954108 0.999988 -0.00493079 -0.000222298 0.00493122 0.999988 0.0284303 0.107984 0.0700646
FixedParameters: 0 0 0

#Transform 63
Transform: AffineTransform_float_3_3
Parameters: 1 -0.000501759 0.000246541 0.000503238 0.999987 -0.00505788 -0.000243458 0.00505812 0.999987 0.0254596 0.161635 0.0777359
FixedParameters: 0 0 0

#Transform 64
Transform: AffineTransform_float_3_3
Parameters: 1 -0.00110449 9.41844e-05 0.00110451 0.999983 -0.0055979 -8.78183e-05 0.0055981 0.999985 0.0426285 0.173795 0.117081
FixedParameters: 0 0 0

#Transform 65
Transform: AffineTransform_float_3_3
Parameters: 0.999999 -0.00132239 0.000256451 0.00132361 0.999978 -0.00638666 -0.000248551 0.00638733 0.999979 0.0319106 0.171224 0.0390146
FixedParameters: 0 0 0

#Transform 66
Transform: AffineTransform_float_3_3
Parameters: 0.999999 -0.000934486 -7.94738e-05 0.000933516 0.999982 -0.00591507 8.45231e-05 0.00591492 0.999982 0.0263834 0.133193 0.373124
FixedParameters: 0 0 0

#Transform 67
Transform: AffineTransform_float_3_3
Parameters: 0.999999 -0.00115785 -0.000434479 0.00115515 0.999978 -0.00650351 0.000442521 0.00650249 0.999979 0.0495342 0.2352 0.139405
FixedParameters: 0 0 0

#Transform 68
Transform: AffineTransform_float_3_3
Parameters: 0.999999 -0.00137892 -0.000137087 0.00137809 0.999978 -0.0064662 0.000145915 0.00646681 0.999979 0.0431511 0.203613 0.151007
FixedParameters: 0 0 0

#Transform 69
Transform: AffineTransform_float_3_3
Parameters: 0.999999 -0.00126149 -0.000431946 0.00125851 0.999968 -0.00798155 0.000442059 0.00798145 0.999968 0.00872033 0.270395 0.355924
FixedParameters: 0 0 0

#Transform 70
Transform: AffineTransform_float_3_3
Parameters: 1 -0.00089793 -0.00043602 0.000895072 0.999978 -0.00667139 0.000441982 0.00667161 0.999977 0.0196801 0.244943 0.123243
FixedParameters: 0 0 0

#Transform 71
Transform: AffineTransform_float_3_3
Parameters: 0.999999 -0.000579111 -0.000437916 0.000575896 0.999975 -0.00707025 0.000441083 0.00707074 0.999975 0.0304424 0.336076 -0.193054
FixedParameters: 0 0 0

#Transform 72
Transform: AffineTransform_float_3_3
Parameters: 0.999999 -0.000721825 -0.000635561 0.000717171 0.999971 -0.00756046 0.00064144 0.00755954 0.999971 0.0404273 0.302762 -0.263945
FixedParameters: 0 0 0

#Transform 73
Transform: AffineTransform_float_3_3
Parameters: 0.999999 -0.000762684 -0.000535388 0.000758319 0.999962 -0.00869541 0.000541614 0.00869459 0.999962 0.0419832 0.353736 -0.325256
FixedParameters: 0 0 0

#Transform 74
Transform: AffineTransform_float_3_3
Parameters: 1 -0.000815785 -0.000849537 0.00080922 0.999968 -0.00795569 0.000855465 0.00795531 0.999968 0.059096 0.326907 -0.311323
FixedParameters: 0 0 0

#Transform 75
Transform: AffineTransform_float_3_3
Parameters: 0.999999 -0.000738364 -0.000528961 0.000734635 0.999966 -0.00820339 0.000535044 0.00820261 0.999966 0.0519281 0.335958 -0.315971
FixedParameters: 0 0 0

#Transform 76
Transform: AffineTransform_float_3_3
Parameters: 0.999999 -0.000803177 -0.000415921 0.000799822 0.999971 -0.00758334 0.000422078 0.00758366 0.999971 0.0461204 0.32469 -0.304137
FixedParameters: 0 0 0

#Transform 77
Transform: AffineTransform_float_3_3
Parameters: 0.999999 -0.000718208 -0.000416517 0.000715789 0.999971 -0.0076513 0.000422488 0.0076507 0.99997 0.049441 0.315622 -0.272139
FixedParameters: 0 0 0

#Transform 78
Transform: AffineTransform_float_3_3
Parameters: 0.999999 -0.000914392 -0.000289552 0.000911604 0.999967 -0.00815627 0.000297445 0.00815573 0.999966 0.0560554 0.338816 -0.326133
FixedParameters: 0 0 0

#Transform 79
Transform: AffineTransform_float_3_3
Parameters: 0.999999 -0.00118704 -0.000413374 0.00118396 0.999973 -0.0072765 0.000422627 0.00727651 0.999974 0.0608872 0.302461 -0.320818
FixedParameters: 0 0 0

#Transform 80
Transform: AffineTransform_float_3_3
Parameters: 0.999999 -0.00123251 -0.000411639 0.00122849 0.999964 -0.00841851 0.000422357 0.00841848 0.999964 0.0679016 0.35535 -0.352074
FixedParameters: 0 0 0

#Transform 81
Transform: AffineTransform_float_3_3
Parameters: 1 -0.00109582 -0.000210751 0.00109419 0.999963 -0.00844724 0.000219252 0.00844777 0.999965 0.0496846 0.242012 0.0497677
FixedParameters: 0 0 0

#Transform 82
Transform: AffineTransform_float_3_3
Parameters: 0.999999 -0.000915103 -0.000413027 0.000910897 0.999952 -0.00982738 0.000421972 0.00982762 0.999951 0.0391345 0.235023 0.430907
FixedParameters: 0 0 0

#Transform 83
Transform: AffineTransform_float_3_3
Parameters: 0.999999 -0.000871823 -0.000497643 0.000867183 0.999954 -0.00961144 0.000505357 0.00961057 0.999953 0.0341418 0.29698 0.0676163
FixedParameters: 0 0 0

#Transform 84
Transform: AffineTransform_float_3_3
Parameters: 0.999999 -0.00121106 -0.000914116 0.00120193 0.999951 -0.00985011 0.000926883 0.00984889 0.999951 0.0629646 0.389645 -0.269191
FixedParameters: 0 0 0

#Transform 85
Transform: AffineTransform_float_3_3
Parameters: 0.999999 -0.00127901 -0.000913517 0.00126999 0.999951 -0.00979417 0.000926481 0.00979283 0.999951 0.0655585 0.334785 -0.345967
FixedParameters: 0 0 0

#Transform 86
Transform: AffineTransform_float_3_3
Parameters: 0.999999 -0.00135582 -0.000782606 0.00134819 0.99995 -0.00990706 0.000795394 0.00990593 0.99995 0.0624877 0.358066 -0.33866
FixedParameters: 0 0 0

#Transform 87
Transform: AffineTransform_float_3_3
Parameters: 0.999998 -0.00147803 -0.000909898 0.00146796 0.999939 -0.0109314 0.0009261 0.0109296 0.99994 0.0723093 0.434325 -0.429952
FixedParameters: 0 0 0

#Transform 88
Transform: AffineTransform_float_3_3
Parameters: 0.999998 -0.00153171 -0.000454409 0.00152729 0.999947 -0.0101947 0.000469594 0.0101943 0.999948 0.0650125 0.351193 -0.373433
FixedParameters: 0 0 0

#Transform 89
Transform: AffineTransform_float_3_3
Parameters: 0.999999 -0.00120766 -0.000747768 0.00119935 0.999947 -0.0101609 0.000759225 0.0101601 0.999948 0.0627726 0.349982 -0.372788
FixedParameters: 0 0 0

#Transform 90
Transform: AffineTransform_float_3_3
Parameters: 0.999999 -0.000682203 -0.00113073 0.000669793 0.999942 -0.0107588 0.00113827 0.0107572 0.999942 0.100526 0.289147 -0.206825
FixedParameters: 0 0 0

#Transform 91
Transform: AffineTransform_float_3_3
Parameters: 0.999998 -0.00132621 -0.00154843 0.0013088 0.999938 -0.01106 0.00156257 0.0110589 0.999937 0.108663 0.33215 -0.221743
FixedParameters: 0 0 0

#Transform 92
Transform: AffineTransform_float_3_3
Parameters: 0.999998 -0.00137021 -0.00143874 0.0013538 0.999937 -0.011207 0.00145326 0.011205 0.999936 0.112323 0.371024 -0.257691
FixedParameters: 0 0 0

#Transform 93
Transform: AffineTransform_float_3_3
Parameters: 0.999997 -0.00155777 -0.00154529 0.00153923 0.999934 -0.0114344 0.0015627 0.0114326 0.999934 0.119686 0.371809 -0.202524
FixedParameters: 0 0 0

#Transform 94
Transform: AffineTransform_float_3_3
Parameters: 0.999997 -0.00158972 -0.00154294 0.00156928 0.999918 -0.0126985 0.00156305 0.0126966 0.999918 0.129873 0.46052 -0.0930923
FixedParameters: 0 0 0

#Transform 95
Transform: AffineTransform_float_3_3
Parameters: 0.999998 -0.00166871 -0.00127701 0.00165329 0.999934 -0.0114321 0.00129598 0.0114299 0.999934 0.128538 0.35326 -0.192415
FixedParameters: 0 0 0

#Transform 96
Transform: AffineTransform_float_3_3
Parameters: 0.999998 -0.00173404 -0.0011664 0.00172097 0.999928 -0.011931 0.00118662 0.011929 0.999928 0.12576 0.39816 -0.271947
FixedParameters: 0 0 0

#Transform 97
Transform: AffineTransform_float_3_3
Parameters: 0.999998 -0.00160153 -0.00118797 0.00158747 0.999935 -0.0113069 0.00120603 0.0113051 0.999936 0.1246 0.372429 -0.259227
FixedParameters: 0 0 0

#Transform 98
Transform: AffineTransform_float_3_3
Parameters: 0.999998 -0.00162363 -0.00133909 0.00160737 0.999922 -0.0123272 0.00135892 0.0123248 0.999923 0.132614 0.448664 -0.271522
FixedParameters: 0 0 0

#Transform 99
Transform: AffineTransform_float_3_3
Parameters: 0.999998 -0.00156763 -0.0011114 0.00155437 0.999936 -0.0112717 0.00112959 0.0112703 0.999936 0.12013 0.373005 -0.270848
FixedParameters: 0 0 0

#Transform 100
Transform: AffineTransform_float_3_3
Parameters: 0.999998 -0.00205057 -0.001106 0.00203843 0.999934 -0.0112503 0.001129 0.0112477 0.999936 0.113442 0.399962 -0.262945
FixedParameters: 0 0 0

#Transform 101
Transform: AffineTransform_float_3_3
Parameters: 0.999998 -0.00205085 -0.00110548 0.00203814 0.999931 -0.0115053 0.00112952 0.0115027 0.999933 0.134947 0.409602 -0.299518
FixedParameters: 0 0 0

#Transform 102
Transform: AffineTransform_float_3_3
Parameters: 0.999998 -0.00178562 -0.00110893 0.00177338 0.999935 -0.011278 0.00112907 0.011275 0.999936 0.132803 0.38857 -0.283841
FixedParameters: 0 0 0

#Transform 103
Transform: AffineTransform_float_3_3
Parameters: 0.999997 -0.00192902 -0.0011066 0.00191597 0.999931 -0.0116511 0.0011294 0.0116488 0.999931 0.145544 0.415373 -0.353502
FixedParameters: 0 0 0

#Transform 104
Transform: AffineTransform_float_3_3
Parameters: 0.999998 -0.00205118 -0.00110487 0.00203782 0.999929 -0.0118013 0.00112912 0.0117987 0.99993 0.144347 0.392411 -0.340001
FixedParameters: 0 0 0

#Transform 105
Transform: AffineTransform_float_3_3
Parameters: 0.999998 -0.00205078 -0.00110562 0.00203822 0.999932 -0.0114353 0.00112938 0.0114337 0.999934 0.156311 0.403727 -0.246718
FixedParameters: 0 0 0

#Transform 106
Transform: AffineTransform_float_3_3
Parameters: 0.999998 -0.00205055 -0.00110604 0.00203845 0.999935 -0.0112313 0.00112896 0.0112287 0.999937 0.159055 0.399408 -0.322157
FixedParameters: 0 0 0

#Transform 107
Transform: AffineTransform_float_3_3
Parameters: 0.999999 -0.00139689 -0.00111425 0.0013851 0.999943 -0.0106036 0.00112975 0.0106024 0.999943 0.130195 0.433505 -0.537479
FixedParameters: 0 0 0

#Transform 108
Transform: AffineTransform_float_3_3
Parameters: 0.999998 -0.00172482 -0.00110932 0.00171117 0.999933 -0.0114539 0.00112967 0.0114521 0.999934 0.138047 0.447671 -0.520383
FixedParameters: 0 0 0

#Transform 109
Transform: AffineTransform_float_3_3
Parameters: 0.999998 -0.00192072 -0.00110895 0.00190928 0.999944 -0.0104742 0.00112906 0.0104719 0.999945 0.133398 0.417284 -0.290347
FixedParameters: 0 0 0

#Transform 110
Transform: AffineTransform_float_3_3
Parameters: 0.999998 -0.00166181 -0.00111006 0.00164919 0.999933 -0.0114399 0.00112894 0.0114381 0.999934 0.136716 0.462254 -0.381134
FixedParameters: 0 0 0

#Transform 111
Transform: AffineTransform_float_3_3
Parameters: 0.999998 -0.00204976 -0.00104525 0.00203824 0.999936 -0.0111322 0.00106775 0.0111298 0.999938 0.148988 0.418217 -0.398732
FixedParameters: 0 0 0

#Transform 112
Transform: AffineTransform_float_3_3
Parameters: 0.999997 -0.00215789 -0.00110416 0.00214511 0.999931 -0.0115444 0.00112884 0.0115426 0.999932 0.155184 0.454283 -0.383986
FixedParameters: 0 0 0

#Transform 113
Transform: AffineTransform_float_3_3
Parameters: 0.999999 -0.00158416 -0.000729436 0.00157484 0.999922 -0.0123862 0.000749563 0.0123848 0.999923 0.104278 0.462598 -0.333775
FixedParameters: 0 0 0

#Transform 114
Transform: AffineTransform_float_3_3
Parameters: 0.999998 -0.00153787 -0.000509598 0.00153212 0.999934 -0.0113368 0.000527403 0.0113362 0.999935 0.115404 0.380495 -0.333744
FixedParameters: 0 0 0

#Transform 115
Transform: AffineTransform_float_3_3
Parameters: 0.999995 -0.00262345 -0.00170444 0.00260255 0.999919 -0.0124645 0.00173757 0.0124605 0.999921 0.209925 0.427439 -0.394586
FixedParameters: 0 0 0

#Transform 116
Transform: AffineTransform_float_3_3
Parameters: 0.999996 -0.00267016 -0.00114478 0.00265684 0.999932 -0.0113481 0.00117522 0.0113449 0.999935 0.199659 0.393195 -0.338889
FixedParameters: 0 0 0

#Transform 117
Transform: AffineTransform_float_3_3
Parameters: 0.999996 -0.00225072 -0.00129546 0.00223629 0.999943 -0.0104929 0.00131853 0.0104901 0.999944 0.171084 0.369863 -0.339275
FixedParameters: 0 0 0

#Transform 118
Transform: AffineTransform_float_3_3
Parameters: 0.999997 -0.00210981 -0.00129842 0.0020962 0.99995 -0.00978775 0.00131858 0.00978525 0.999952 0.175707 0.347494 -0.314014
FixedParameters: 0 0 0

#Transform 119
Transform: AffineTransform_float_3_3
Parameters: 0.999997 -0.00209324 -0.00174369 0.00207677 0.999955 -0.00926265 0.00176231 0.00925834 0.999955 0.201666 0.35234 -0.380028
FixedParameters: 0 0 0

#Transform 120
Transform: AffineTransform_float_3_3
Parameters: 0.999999 -0.00103097 -0.00152936 0.00101503 0.999946 -0.0104056 0.00154064 0.0104044 0.999944 0.19313 0.38321 -0.311681
FixedParameters: 0 0 0

#Transform 121
Transform: AffineTransform_float_3_3
Parameters: 0.999999 -0.00100418 -0.00145697 0.000984822 0.999913 -0.0131045 0.00147003 0.0131025 0.999913 0.166419 0.531079 -0.1937
FixedParameters: 0 0 0

#Transform 122
Transform: AffineTransform_float_3_3
Parameters: 0.999999 -0.00072625 -0.00100788 0.000711748 0.999901 -0.0140677 0.00101811 0.0140673 0.9999 0.0760415 0.469955 -0.151061
FixedParameters: 0 0 0

#Transform 123
Transform: AffineTransform_float_3_3
Parameters: 0.999999 -0.000958938 -0.00111836 0.000944067 0.999912 -0.0132821 0.00113064 0.0132809 0.999911 0.102455 0.400796 -0.140662
FixedParameters: 0 0 0

#Transform 124
Transform: AffineTransform_float_3_3
Parameters: 0.999999 -0.000591756 -0.000786754 0.000582239 0.999923 -0.0123445 0.000794247 0.0123435 0.999923 0.073517 0.352214 -0.242674
FixedParameters: 0 0 0

#Transform 125
Transform: AffineTransform_float_3_3
Parameters: 0.999999 -0.000754104 -0.00105001 0.000739897 0.999911 -0.0133678 0.00105999 0.0133672 0.99991 0.0943287 0.424224 -0.261269
FixedParameters: 0 0 0

#Transform 126
Transform: AffineTransform_float_3_3
Parameters: 0.999999 -0.0011582 -0.00121071 0.00114181 0.999911 -0.0132954 0.00122529 0.0132936 0.999911 0.13029 0.410187 -0.314925
FixedParameters: 0 0 0

#Transform 127
Transform: AffineTransform_float_3_3
Parameters: 0.999999 -0.00123134 -0.00140037 0.00121065 0.999895 -0.0144337 0.00141862 0.0144323 0.999895 0.150124 0.471678 -0.277543
FixedParameters: 0 0 0

#Transform 128
Transform: AffineTransform_float_3_3
Parameters: 0.999998 -0.00132738 -0.00141921 0.00130762 0.999898 -0.0142679 0.0014378 0.0142661 0.999897 0.142341 0.444131 -0.315672
FixedParameters: 0 0 0

#Transform 129
Transform: AffineTransform_float_3_3
Parameters: 0.999998 -0.00149237 -0.00129388 0.00147263 0.999877 -0.0156009 0.00131713 0.0155991 0.999878 0.155602 0.515619 -0.212862
FixedParameters: 0 0 0

#Transform 130
Transform: AffineTransform_float_3_3
Parameters: 0.999997 -0.00148837 -0.00152041 0.00146662 0.999892 -0.0146133 0.00154259 0.0146107 0.999892 0.176354 0.497635 -0.305992
FixedParameters: 0 0 0

#Transform 131
Transform: AffineTransform_float_3_3
Parameters: 0.999997 -0.00149434 -0.00201137 0.00146265 0.999871 -0.015987 0.00203564 0.015984 0.99987 0.195462 0.55607 -0.708652
FixedParameters: 0 0 0

#Transform 132
Transform: AffineTransform_float_3_3
Parameters: 0.999998 -0.00151041 -0.00129076 0.00149158 0.999899 -0.01415 0.00131224 0.014148 0.999899 0.15 0.464868 -0.589355
FixedParameters: 0 0 0

#Transform 133
Transform: AffineTransform_float_3_3
Parameters: 0.999996 -0.00152881 -0.00228812 0.00149419 0.999885 -0.0151385 0.00231088 0.0151345 0.999883 0.149686 0.428368 -0.706241
FixedParameters: 0 0 0

#Transform 134
Transform: AffineTransform_float_3_3
Parameters: 0.999995 -0.00202382 -0.00210195 0.00199018 0.99987 -0.0159692 0.00213405 0.0159647 0.999871 0.150735 0.507746 -0.721118
FixedParameters: 0 0 0

#Transform 135
Transform: AffineTransform_float_3_3
Parameters: 0.999997 -0.00193676 -0.00165532 0.00191123 0.999879 -0.0154252 0.00168568 0.0154228 0.999879 0.143092 0.503665 -0.694203
FixedParameters: 0 0 0

#Transform 136
Transform: AffineTransform_float_3_3
Parameters: 0.999995 -0.00208003 -0.00213932 0.00204798 0.999888 -0.0148655 0.00216968 0.0148616 0.999887 0.168199 0.452623 -0.785836
FixedParameters: 0 0 0

#Transform 137
Transform: AffineTransform_float_3_3
Parameters: 0.999997 -0.000745201 -0.0023002 0.000711802 0.999889 -0.0148337 0.00231081 0.0148323 0.999888 0.16495 0.447218 -0.414115
FixedParameters: 0 0 0

#Transform 138
Transform: AffineTransform_float_3_3
Parameters: 0.999996 -0.0010427 -0.00267802 0.000998301 0.999861 -0.0166387 0.00269498 0.0166353 0.999858 0.198115 0.511855 -0.70524
FixedParameters: 0 0 0

#Transform 139
Transform: AffineTransform_float_3_3
Parameters: 0.999997 -0.000971133 -0.00218402 0.000931868 0.999841 -0.0178481 0.00220098 0.0178459 0.999839 0.15758 0.481203 -0.673104
FixedParameters: 0 0 0

#Transform 140
Transform: AffineTransform_float_3_3
Parameters: 0.999997 -0.00124415 -0.00217911 0.00120585 0.99984 -0.0178767 0.00220091 0.0178743 0.999838 0.144938 0.483818 -0.764394
FixedParameters: 0 0 0

#Transform 141
Transform: AffineTransform_float_3_3
Parameters: 0.999995 -0.00143934 -0.00260642 0.00139165 0.999835 -0.0180727 0.00263258 0.0180693 0.999834 0.169728 0.504715 -0.815466
FixedParameters: 0 0 0

#Transform 142
Transform: AffineTransform_float_3_3
Parameters: 0.999997 -0.00171677 -0.00185328 0.00168323 0.999835 -0.0180732 0.00188373 0.0180708 0.999835 0.163391 0.541181 -0.799593
FixedParameters: 0 0 0

#Transform 143
Transform: AffineTransform_float_3_3
Parameters: 0.999996 -0.0017229 -0.00227432 0.0016831 0.999846 -0.0174309 0.00230368 0.0174261 0.999846 0.179264 0.503431 -0.810133
FixedParameters: 0 0 0

#Transform 144
Transform: AffineTransform_float_3_3
Parameters: 0.999996 -0.0018852 -0.00181514 0.0018538 0.999853 -0.0170404 0.00184686 0.0170376 0.999853 0.157201 0.512902 -0.834764
FixedParameters: 0 0 0

#Transform 145
Transform: AffineTransform_float_3_3
Parameters: 0.999997 -0.0017143 -0.00181798 0.0016837 0.999852 -0.0170821 0.00184703 0.0170789 0.999853 0.153123 0.537153 -0.877776
FixedParameters: 0 0 0

#Transform 146
Transform: AffineTransform_float_3_3
Parameters: 0.999996 -0.0017158 -0.00192019 0.0016832 0.999855 -0.0169543 0.00194881 0.0169507 0.999855 0.154006 0.523871 -0.826323
FixedParameters: 0 0 0

#Transform 147
Transform: AffineTransform_float_3_3
Parameters: 0.999997 -0.00171557 -0.00181679 0.00168344 0.99984 -0.0177801 0.00184622 0.0177769 0.999841 0.153052 0.580601 -0.856324
FixedParameters: 0 0 0

#Transform 148
Transform: AffineTransform_float_3_3
Parameters: 0.999996 -0.00171664 -0.00191233 0.00168336 0.999846 -0.0174563 0.00194168 0.0174527 0.999846 0.15277 0.521713 -0.762391
FixedParameters: 0 0 0

#Transform 149
Transform: AffineTransform_float_3_3
Parameters: 0.999997 -0.00170834 -0.00136896 0.00168365 0.999831 -0.0183064 0.00140005 0.0183037 0.999832 0.156515 0.548735 -0.88148
FixedParameters: 0 0 0

#Transform 150
Transform: AffineTransform_float_3_3
Parameters: 0.999999 -0.00137877 -0.00109091 0.00136123 0.999869 -0.0161245 0.00111309 0.0161225 0.99987 0.13763 0.515564 -0.775695
FixedParameters: 0 0 0

#Transform 151
Transform: AffineTransform_float_3_3
Parameters: 0.999998 -0.00163881 -0.000983527 0.0016222 0.999856 -0.0168506 0.00101048 0.0168494 0.999858 0.13222 0.572111 -0.850286
FixedParameters: 0 0 0

#Transform 152
Transform: AffineTransform_float_3_3
Parameters: 0.999998 -0.00171003 -0.00159857 0.00168297 0.999858 -0.0167577 0.00162743 0.0167543 0.999859 0.150585 0.542644 -0.837631
FixedParameters: 0 0 0

#Transform 153
Transform: AffineTransform_float_3_3
Parameters: 0.999994 -0.00260794 -0.00232258 0.00256407 0.999822 -0.0187241 0.00237042 0.0187179 0.999822 0.199481 0.610924 -0.940253
FixedParameters: 0 0 0

#Transform 154
Transform: AffineTransform_float_3_3
Parameters: 0.999996 -0.00197505 -0.00175356 0.00194296 0.999835 -0.0180925 0.00178844 0.0180895 0.999835 0.166706 0.604955 -1.00564
FixedParameters: 0 0 0

#Transform 155
Transform: AffineTransform_float_3_3
Parameters: 0.999995 -0.00165831 -0.00244624 0.00161269 0.999821 -0.018813 0.00247677 0.018809 0.99982 0.18771 0.637922 -1.09716
FixedParameters: 0 0 0

#Transform 156
Transform: AffineTransform_float_3_3
Parameters: 0.999997 -0.00178021 -0.00172232 0.0017498 0.999848 -0.0173841 0.00175268 0.0173809 0.999848 0.170451 0.548474 -1.05446
FixedParameters: 0 0 0

#Transform 157
Transform: AffineTransform_float_3_3
Parameters: 0.999996 -0.00203472 -0.00189846 0.00200029 0.999834 -0.0181129 0.00193455 0.0181091 0.999834 0.16963 0.598483 -1.04196
FixedParameters: 0 0 0

#Transform 158
Transform: AffineTransform_float_3_3
Parameters: 0.999996 -0.0019637 -0.00207284 0.00192731 0.999844 -0.0175621 0.00210617 0.0175579 0.999843 0.181396 0.582643 -1.02976
FixedParameters: 0 0 0

#Transform 159
Transform: AffineTransform_float_3_3
Parameters: 0.999997 -0.00158593 -0.00149603 0.00156207 0.999873 -0.0158624 0.00152097 0.0158596 0.999873 0.153133 0.523717 -0.963563
FixedParameters: 0 0 0

#Transform 160
Transform: AffineTransform_float_3_3
Parameters: 0.999997 -0.00155819 -0.00155618 0.00153281 0.99987 -0.0160574 0.00158081 0.0160546 0.99987 0.155979 0.574992 -0.963165
FixedParameters: 0 0 0

#Transform 161
Transform: AffineTransform_float_3_3
Parameters: 0.999997 -0.00186105 -0.00149394 0.00183895 0.999892 -0.0146258 0.00152106 0.0146232 0.999892 0.168127 0.532846 -0.918315
FixedParameters: 0 0 0

#Transform 162
Transform: AffineTransform_float_3_3
Parameters: 0.999997 -0.00196671 -0.00152184 0.00194228 0.999879 -0.01543 0.00155215 0.015427 0.99988 0.173437 0.559114 -0.981664
FixedParameters: 0 0 0

#Transform 163
Transform: AffineTransform_float_3_3
Parameters: 0.999996 -0.00201262 -0.00189407 0.00198438 0.999894 -0.0144738 0.00192292 0.0144702 0.999894 0.187601 0.49655 -0.964117
FixedParameters: 0 0 0

#Transform 164
Transform: AffineTransform_float_3_3
Parameters: 0.999997 -0.00109286 -0.00191066 0.00107115 0.999935 -0.0114041 0.00192234 0.0114019 0.999933 0.137873 0.457734 -0.675379
FixedParameters: 0 0 0

#Transform 165
Transform: AffineTransform_float_3_3
Parameters: 0.999995 -0.0018685 -0.00231103 0.00184049 0.999928 -0.0118473 0.00233296 0.0118427 0.999927 0.185701 0.459133 -0.735217
FixedParameters: 0 0 0

#Transform 166
Transform: AffineTransform_float_3_3
Parameters: 0.999997 -0.00197057 -0.00189883 0.00194744 0.999922 -0.0123387 0.00192217 0.0123343 0.999922 0.174308 0.402947 -0.743148
FixedParameters: 0 0 0

#Transform 167
Transform: AffineTransform_float_3_3
Parameters: 0.999994 -0.00201894 -0.00253534 0.00198505 0.99991 -0.0133181 0.00256266 0.0133129 0.999908 0.198885 0.465109 -0.787117
FixedParameters: 0 0 0

#Transform 168
Transform: AffineTransform_float_3_3
Parameters: 0.999995 -0.00215107 -0.00223039 0.00212094 0.999908 -0.0133958 0.00225861 0.0133912 0.999908 0.190868 0.474287 -0.848191
FixedParameters: 0 0 0

#Transform 169
Transform: AffineTransform_float_3_3
Parameters: 0.999996 -0.00200966 -0.00190836 0.00198434 0.999915 -0.0128388 0.00193363 0.0128352 0.999916 0.175059 0.446042 -0.805865
FixedParameters: 0 0 0

#Transform 170
Transform: AffineTransform_float_3_3
Parameters: 0.999995 -0.0023958 -0.00209868 0.00236819 0.99991 -0.013153 0.00213033 0.013148 0.999912 0.195692 0.47651 -0.858696
FixedParameters: 0 0 0

#Transform 171
Transform: AffineTransform_float_3_3
Parameters: 0.999996 -0.00201146 -0.00197339 0.00198454 0.99991 -0.013318 0.0020006 0.013314 0.99991 0.193609 0.504102 -0.861435
FixedParameters: 0 0 0

#Transform 172
Transform: AffineTransform_float_3_3
Parameters: 0.999996 -0.00201092 -0.0019638 0.00198408 0.999912 -0.013113 0.00199018 0.0131091 0.999912 0.191213 0.468051 -0.918117
FixedParameters: 0 0 0

#Transform 173
Transform: AffineTransform_float_3_3
Parameters: 0.999995 -0.00232414 -0.0019025 0.00229785 0.999904 -0.0136294 0.00193449 0.0136246 0.999906 0.19267 0.503093 -0.884958
FixedParameters: 0 0 0

#Transform 174
Transform: AffineTransform_float_3_3
Parameters: 0.999995 -0.00241194 -0.00196539 0.00238505 0.999904 -0.0135987 0.00199861 0.0135932 0.999905 0.188825 0.446628 -0.924746
FixedParameters: 0 0 0

#Transform 175
Transform: AffineTransform_float_3_3
Parameters: 0.999995 -0.00271945 -0.00189379 0.00269055 0.999886 -0.0148642 0.0019342 0.0148588 0.999887 0.198889 0.540351 -0.900998
FixedParameters: 0 0 0

#Transform 176
Transform: AffineTransform_float_3_3
Parameters: 0.999993 -0.00272398 -0.00232998 0.00269101 0.999897 -0.0140454 0.00236802 0.0140386 0.999898 0.211287 0.483046 -0.881655
FixedParameters: 0 0 0

#Transform 177
Transform: AffineTransform_float_3_3
Parameters: 0.999995 -0.00271922 -0.00197981 0.00269078 0.999896 -0.0141194 0.00201819 0.0141146 0.999899 0.195885 0.515068 -0.865275
FixedParameters: 0 0 0

#Transform 178
Transform: AffineTransform_float_3_3
Parameters: 0.999994 -0.00272521 -0.00240174 0.0026908 0.999897 -0.0141306 0.00244026 0.0141245 0.999898 0.207684 0.499283 -0.900007
FixedParameters: 0 0 0

#Transform 179
Transform: AffineTransform_float_3_3
Parameters: 0.999994 -0.00245703 -0.00240573 0.00242297 0.999899 -0.0140449 0.00244026 0.0140391 0.999898 0.201696 0.493655 -0.861989
FixedParameters: 0 0 0

#Transform 180
Transform: AffineTransform_float_3_3
Parameters: 0.999994 -0.00256774 -0.0024013 0.00253124 0.999881 -0.0151822 0.0024407 0.0151758 0.999882 0.20668 0.540199 -0.951875
FixedParameters: 0 0 0

#Transform 181
Transform: AffineTransform_float_3_3
Parameters: 0.999994 -0.00245863 -0.00218805 0.00242735 0.9999 -0.0138954 0.00222294 0.0138896 0.999901 0.194449 0.469663 -0.914416
FixedParameters: 0 0 0

#Transform 182
Transform: AffineTransform_float_3_3
Parameters: 0.999994 -0.00245888 -0.00213291 0.00242812 0.999894 -0.0143612 0.00216809 0.0143567 0.999894 0.186598 0.496179 -0.836904
FixedParameters: 0 0 0

#Transform 183
Transform: AffineTransform_float_3_3
Parameters: 0.999994 -0.00246552 -0.00240209 0.00242749 0.999877 -0.0154979 0.00243991 0.0154921 0.999877 0.202785 0.527522 -0.952929
FixedParameters: 0 0 0

#Transform 184
Transform: AffineTransform_float_3_3
Parameters: 0.999996 -0.0020392 -0.00223665 0.0020018 0.999861 -0.0165076 0.00227035 0.0165034 0.999861 0.177019 0.572947 -1.00921
FixedParameters: 0 0 0

#Transform 185
Transform: AffineTransform_float_3_3
Parameters: 0.999995 -0.00216025 -0.0022163 0.00212276 0.999858 -0.0166728 0.0022517 0.0166682 0.999858 0.17986 0.57094 -1.05089
FixedParameters: 0 0 0

#Transform 186
Transform: AffineTransform_float_3_3
Parameters: 0.999996 -0.00221987 -0.00176676 0.00219313 0.999884 -0.0150669 0.00180024 0.0150621 0.999885 0.167635 0.510494 -0.916423
FixedParameters: 0 0 0

#Transform 187
Transform: AffineTransform_float_3_3
Parameters: 0.999994 -0.00268102 -0.0021872 0.00264298 0.999848 -0.0172069 0.0022328 0.0172011 0.999849 0.199368 0.625045 -1.03779
FixedParameters: 0 0 0

#Transform 188
Transform: AffineTransform_float_3_3
Parameters: 0.999995 -0.00253797 -0.00220516 0.00250103 0.999859 -0.0166096 0.00224685 0.0166044 0.999859 0.194966 0.556206 -1.0675
FixedParameters: 0 0 0

#Transform 189
Transform: AffineTransform_float_3_3
Parameters: 0.999994 -0.00253496 -0.00213007 0.00250003 0.999864 -0.0162614 0.00217093 0.0162556 0.999866 0.194807 0.575585 -1.02475
FixedParameters: 0 0 0

#Transform 190
Transform: AffineTransform_float_3_3
