#Insight Transform File V1.0
#Transform 0
Transform: AffineTransform_float_3_3
Parameters: 1 -0.000221988 0.000531589 0.000221012 0.999999 0.00185712 -0.000532411 -0.00185688 0.999998 -0.05128 1.32917e-07 0.006688
FixedParameters: 0 0 0

#Transform 1
Transform: AffineTransform_float_3_3
Parameters: 1 -0.000184181 0.000525588 0.000182818 0.999998 0.0022471 -0.000526412 -0.00224691 0.999998 -0.0381298 -0.00498683 -0.0533857
FixedParameters: 0 0 0

#Transform 2
Transform: AffineTransform_float_3_3
Parameters: 0.999999 -0.000410493 0.00082626 0.000409508 0.999999 0.00180534 -0.000826741 -0.00180566 0.999998 -0.0285293 0.045158 -0.104522
FixedParameters: 0 0 0

#Transform 3
Transform: AffineTransform_float_3_3
Parameters: 0.999999 -0.000410545 0.000690083 0.000409455 0.999998 0.00223828 -0.000690918 -0.00223772 0.999998 -0.035583 -0.0488819 -0.0155988
FixedParameters: 0 0 0

#Transform 4
Transform: AffineTransform_float_3_3
Parameters: 1 -9.87825e-05 0.000321761 9.72169e-05 0.999997 0.00243103 -0.000322237 -0.00243097 0.999997 -0.0499992 -0.0557344 -0.0213408
FixedParameters: 0 0 0

#Transform 5
Transform: AffineTransform_float_3_3
Parameters: 1 -0.000292587 0.000563696 0.000292414 1 0.00104117 -0.000563305 -0.00104084 1 -0.0119066 0.0471536 0.00142743
FixedParameters: 0 0 0

#Transform 6
Transform: AffineTransform_float_3_3
Parameters: 1 -0.000224988 0.000584621 0.000224013 0.999998 0.00169013 -0.00058438 -0.00168987 0.999999 -0.0304485 -0.0111746 0.0146781
FixedParameters: 0 0 0

#Transform 7
Transform: AffineTransform_float_3_3
Parameters: 0.999999 8.68033e-05 0.000708148 -8.71963e-05 0.999998 0.00168994 -0.000707854 -0.00169006 0.999999 -0.0669545 -0.0275422 -0.0647688
FixedParameters: 0 0 0

#Transform 8
Transform: AffineTransform_float_3_3
Parameters: 1 0.000158618 0.00043314 -0.000159382 0.999999 0.000882931 -0.00043286 -0.000883069 1 -0.0130115 0.0600833 0.00436997
FixedParameters: 0 0 0

#Transform 9
Transform: AffineTransform_float_3_3
Parameters: 1 0.000238132 -0.000168813 -0.000237867 0.999999 0.00078404 0.000169186 -0.000783959 0.999999 0.0269533 0.0757844 0.00499463
FixedParameters: 0 0 0

#Transform 10
Transform: AffineTransform_float_3_3
Parameters: 1 -0.000114167 8.97877e-05 0.000113832 0.999999 0.00186101 -9.0212e-05 -0.00186099 0.999999 -0.0324271 -0.0370298 0.000856616
FixedParameters: 0 0 0

#Transform 11
Transform: AffineTransform_float_3_3
Parameters: 1 0.000171086 0.000504311 -0.000171913 0.999999 0.00181291 -0.000503689 -0.00181309 0.999998 -0.0585283 -0.0303591 -0.0545877
FixedParameters: 0 0 0

#Transform 12
Transform: AffineTransform_float_3_3
Parameters: 1 0.000217672 0.000607478 -0.000218327 0.999997 0.00218787 -0.000606524 -0.00218713 0.999998 -0.0504112 -0.0151492 0.0198799
FixedParameters: 0 0 0

#Transform 13
Transform: AffineTransform_float_3_3
Parameters: 1 -0.000433055 8.9735e-05 0.000432945 0.999999 0.000612039 -9.02649e-05 -0.000611961 1 0.0493447 0.167345 -0.174045
FixedParameters: 0 0 0

#Transform 14
Transform: AffineTransform_float_3_3
Parameters: 1 -0.000455246 8.87457e-05 0.000454753 0.999996 0.00275604 -9.02536e-05 -0.00275596 0.999996 0.0834164 0.139606 -0.019868
FixedParameters: 0 0 0

#Transform 15
Transform: AffineTransform_float_3_3
Parameters: 0.999999 -0.000192064 0.000912776 0.000190935 1 0.00116618 -0.000913223 -0.00116583 0.999999 -0.0260719 -0.00445211 -0.0510532
FixedParameters: 0 0 0

#Transform 16
Transform: AffineTransform_float_3_3
Parameters: 0.999999 -0.000470518 0.000805534 0.000467484 0.999995 0.00312238 -0.000806463 -0.00312262 0.999995 0.0180596 -0.0816329 0.330756
FixedParameters: 0 0 0

#Transform 17
Transform: AffineTransform_float_3_3
Parameters: 1 -0.000468603 0.000489423 0.000467396 0.999999 0.00123223 -0.000490576 -0.00123177 0.999999 -0.0252426 -0.00795504 0.263038
FixedParameters: 0 0 0

#Transform 18
Transform: AffineTransform_float_3_3
Parameters: 1 -0.000638009 0.000230975 0.000637991 1 3.91474e-05 -0.000231025 -3.88526e-05 1 0.00861644 0.0468635 0.125639
FixedParameters: 0 0 0

#Transform 19
Transform: AffineTransform_float_3_3
Parameters: 1 -0.000174111 -0.000443956 0.000174889 1 -0.000250078 0.000444044 0.000249923 1 -0.00900481 -0.0475294 -0.075353
FixedParameters: 0 0 0

#Transform 20
Transform: AffineTransform_float_3_3
Parameters: 1 -0.00021696 0.000231038 0.00021704 1 -0.00017395 -0.000230962 0.00017405 1 -0.00127212 0.010682 0.0494114
FixedParameters: 0 0 0

#Transform 21
Transform: AffineTransform_float_3_3
Parameters: 1 0.000389207 0.000230651 -0.000388793 0.999999 -0.000896089 -0.000231348 0.000895909 0.999999 -0.0242028 0.0487008 -0.0339603
FixedParameters: 0 0 0

#Transform 22
Transform: AffineTransform_float_3_3
Parameters: 1 0.000532051 -0.000142809 -0.000531948 1 0.000359076 0.000143191 -0.000358924 1 -0.045243 -0.0197423 -0.132814
FixedParameters: 0 0 0

#Transform 23
Transform: AffineTransform_float_3_3
Parameters: 1 0.000700092 -8.02019e-05 -0.000699908 0.999999 0.00114006 8.07979e-05 -0.00113994 1 -0.0472689 -0.0708062 -0.114265
FixedParameters: 0 0 0

#Transform 24
Transform: AffineTransform_float_3_3
Parameters: 1 0.000587821 0.000238441 -0.000588179 0.999999 0.000749859 -0.000238559 -0.00075014 0.999999 -0.0412753 -0.0380444 -0.108819
FixedParameters: 0 0 0

#Transform 25
Transform: AffineTransform_float_3_3
Parameters: 1 0.000587882 0.000185373 -0.000588117 0.999999 0.000633891 -0.000185627 -0.000634109 1 -0.0525451 -0.0214793 -0.128877
FixedParameters: 0 0 0

#Transform 26
Transform: AffineTransform_float_3_3
Parameters: 0.999999 0.000587545 0.00051452 -0.000587454 1 0.000883699 -0.000513481 -0.000884303 1 -0.0205136 -0.0246482 -0.107111
FixedParameters: 0 0 0

#Transform 27
Transform: AffineTransform_float_3_3
Parameters: 1 0.000459235 0.000315658 -0.000458765 0.999999 -0.000744144 -0.000315341 0.000743855 0.999999 -0.0104214 0.0799993 -0.168768
FixedParameters: 0 0 0

#Transform 28
Transform: AffineTransform_float_3_3
Parameters: 1 0.000588093 9.24095e-05 -0.000587907 1 -0.00100405 -9.25902e-05 0.00100395 0.999999 -0.0397362 -0.0154748 -0.244558
FixedParameters: 0 0 0

#Transform 29
Transform: AffineTransform_float_3_3
Parameters: 1 0.00058801 0.000111949 -0.00058799 1 -8.70658e-05 -0.000112051 8.69341e-05 1 -0.0434387 -0.027795 -0.183797
FixedParameters: 0 0 0

#Transform 30
Transform: AffineTransform_float_3_3
Parameters: 1 0.000588062 9.15995e-05 -0.000587937 0.999999 -0.000681054 -9.24004e-05 0.000680945 1 -0.0397031 -0.0113581 -0.187614
FixedParameters: 0 0 0

#Transform 31
Transform: AffineTransform_float_3_3
Parameters: 1 0.00058806 9.66324e-05 -0.00058794 0.999999 -0.000625057 -9.63674e-05 0.000624943 1 -0.0458058 -0.0208974 -0.190091
FixedParameters: 0 0 0

#Transform 32
Transform: AffineTransform_float_3_3
Parameters: 1 0.000588202 0.000296599 -0.000587798 1 -0.000681175 -0.0002964 0.000680826 0.999999 -0.0422865 -0.0406723 -0.15844
FixedParameters: 0 0 0

#Transform 33
Transform: AffineTransform_float_3_3
Parameters: 0.999999 0.000589004 0.0004216 -0.000587997 0.999997 -0.00237825 -0.000422399 0.00237775 0.999997 0.0434898 -0.035004 -0.155298
FixedParameters: 0 0 0

#Transform 34
Transform: AffineTransform_float_3_3
Parameters: 1 0.000318103 9.36508e-05 -0.000317897 1 -0.00109803 -9.43491e-05 0.00109797 1 0.0274537 -0.09416 -0.0135509
FixedParameters: 0 0 0

#Transform 35
Transform: AffineTransform_float_3_3
Parameters: 1 0.000588131 9.31749e-05 -0.000587869 0.999999 -0.00140305 -9.38248e-05 0.00140294 0.999999 -0.00618303 -0.0473318 -0.0495672
FixedParameters: 0 0 0

#Transform 36
Transform: AffineTransform_float_3_3
Parameters: 0.999999 0.000587569 -0.000599423 -0.000587431 0.999999 -0.000719648 0.000598577 0.000719351 0.999999 0.00247275 -0.0751342 -0.0576791
FixedParameters: 0 0 0

#Transform 37
Transform: AffineTransform_float_3_3
Parameters: 0.999999 0.000587376 -0.000613598 -0.000587625 1 -0.00101764 0.000613402 0.00101836 1 0.00510937 -0.0338796 -0.10185
FixedParameters: 0 0 0

#Transform 38
Transform: AffineTransform_float_3_3
Parameters: 1 0.000147533 -0.00038418 -0.000148466 1 -0.00121494 0.00038382 0.00121506 0.999999 0.00504316 -0.0455466 -0.173252
FixedParameters: 0 0 0

#Transform 39
Transform: AffineTransform_float_3_3
Parameters: 0.999999 0.000386875 -0.00061371 -0.000388125 0.999998 -0.00183376 0.000613289 0.00183424 0.999998 0.00506598 -0.0215806 -0.156277
FixedParameters: 0 0 0

#Transform 40
Transform: AffineTransform_float_3_3
Parameters: 0.999999 0.000368865 -0.000613683 -0.000370135 0.999998 -0.00184977 0.000613316 0.00185023 0.999998 0.00522406 -0.0255507 -0.117664
FixedParameters: 0 0 0

#Transform 41
Transform: AffineTransform_float_3_3
Parameters: 0.999999 0.000418682 -0.000613901 -0.000420318 0.999997 -0.00214774 0.000613099 0.00214826 0.999998 -0.00438697 -0.0315508 -0.148973
FixedParameters: 0 0 0

#Transform 42
Transform: AffineTransform_float_3_3
Parameters: 0.999999 0.000365385 -0.000738801 -0.000366615 0.999997 -0.00218673 0.0007382 0.00218727 0.999998 0.00684494 -0.0211452 -0.166444
FixedParameters: 0 0 0

#Transform 43
Transform: AffineTransform_float_3_3
Parameters: 1 0.000146113 -0.00101427 -0.000147887 0.999999 -0.00186085 0.00101373 0.00186115 0.999998 0.0243672 -0.0490801 -0.0811553
FixedParameters: 0 0 0

#Transform 44
Transform: AffineTransform_float_3_3
Parameters: 1 0.000290764 -0.000978668 -0.000293238 0.999998 -0.00228671 0.000978333 0.00228629 0.999997 0.0383495 -0.041211 -0.0922612
FixedParameters: 0 0 0

#Transform 45
Transform: AffineTransform_float_3_3
Parameters: 0.999999 0.00028442 -0.000945779 -0.00028658 0.999996 -0.00272873 0.000945221 0.00272927 0.999996 0.0379115 -0.0301047 -0.0942536
FixedParameters: 0 0 0

#Transform 46
Transform: AffineTransform_float_3_3
Parameters: 1 0.000146479 -0.000595376 -0.00014852 0.999996 -0.00255591 0.000594622 0.00255609 0.999996 0.0351958 -0.0343478 -0.102694
FixedParameters: 0 0 0

#Transform 47
Transform: AffineTransform_float_3_3
Parameters: 0.999999 0.00014596 -0.000750399 -0.000148041 0.999997 -0.00271889 0.0007506 0.00271911 0.999996 0.0293369 -0.0146098 -0.13034
FixedParameters: 0 0 0

#Transform 48
Transform: AffineTransform_float_3_3
Parameters: 0.999999 0.000267416 -0.000671633 -0.000269586 0.999997 -0.00236082 0.000671365 0.00236018 0.999997 0.0243086 -0.0272538 -0.133564
FixedParameters: 0 0 0

#Transform 49
Transform: AffineTransform_float_3_3
Parameters: 1 5.1458e-05 -0.000526153 -5.35415e-05 0.999995 -0.00293097 0.000525845 0.00293103 0.999995 0.0906506 0.0799132 -0.0129163
FixedParameters: 0 0 0

#Transform 50
Transform: AffineTransform_float_3_3
Parameters: 0.999999 0.000145899 -0.000858359 -0.000148102 0.999997 -0.00244787 0.000858639 0.00244813 0.999996 0.0982114 0.119551 0.102209
FixedParameters: 0 0 0

#Transform 51
Transform: AffineTransform_float_3_3
Parameters: 1 0.000413839 -0.000996901 -0.000416163 0.999998 -0.00216959 0.0009961 0.00216942 0.999997 0.0295626 0.00757025 -0.163083
FixedParameters: 0 0 0

#Transform 52
Transform: AffineTransform_float_3_3
Parameters: 1 0.000307082 -0.000945953 -0.000309919 0.999995 -0.00308671 0.000945048 0.00308629 0.999995 0.0182022 -0.0407187 -0.262845
FixedParameters: 0 0 0

#Transform 53
Transform: AffineTransform_float_3_3
Parameters: 0.999999 0.000288747 -0.000848769 -0.000291253 0.999997 -0.00265476 0.000848229 0.00265525 0.999996 0.0170221 -0.0129882 -0.213529
FixedParameters: 0 0 0

#Transform 54
Transform: AffineTransform_float_3_3
Parameters: 0.999999 0.000237568 -0.000776747 -0.000239432 0.999995 -0.00313181 0.000776253 0.00313219 0.999995 0.0166909 -0.00691983 -0.214399
FixedParameters: 0 0 0

#Transform 55
Transform: AffineTransform_float_3_3
Parameters: 1 0.000146183 -0.000640417 -0.000147816 0.999996 -0.00283791 0.000639583 0.00283809 0.999996 0.0160854 -0.0106586 -0.181628
FixedParameters: 0 0 0

#Transform 56
Transform: AffineTransform_float_3_3
Parameters: 0.999999 0.000323844 -0.000810864 -0.000325157 0.999997 -0.00266074 0.000810138 0.00266026 0.999996 0.0160419 -0.0130189 -0.157989
FixedParameters: 0 0 0

#Transform 57
Transform: AffineTransform_float_3_3
Parameters: 1 0.000442922 -0.000546875 -0.000444078 0.999998 -0.00197276 0.000546125 0.00197324 0.999998 0.0040844 -0.0216039 -0.150832
FixedParameters: 0 0 0

#Transform 58
Transform: AffineTransform_float_3_3
Parameters: 0.999999 0.000424605 -0.000584016 -0.000426394 0.999997 -0.00238975 0.000582982 0.00239025 0.999997 0.0121879 -0.0163415 -0.186685
FixedParameters: 0 0 0

#Transform 59
Transform: AffineTransform_float_3_3
Parameters: 1 0.000237988 -0.000367657 -0.000239013 0.999996 -0.00275391 0.000367343 0.00275409 0.999996 0.0547364 -2.34222e-05 -0.14968
FixedParameters: 0 0 0

#Transform 60
Transform: AffineTransform_float_3_3
Parameters: 0.999999 -0.000197061 -0.00128199 0.000196938 1 -4.82525e-05 0.00128201 4.77474e-05 0.999999 0.0871124 -0.00355457 0.109322
FixedParameters: 0 0 0

#Transform 61
Transform: AffineTransform_float_3_3
Parameters: 1 0.000373523 -0.000313568 -0.000374477 0.999999 -0.00152088 0.000313431 0.00152112 0.999999 0.0118558 -0.096604 -0.101601
FixedParameters: 0 0 0

#Transform 62
Transform: AffineTransform_float_3_3
Parameters: 1 0.000373284 -0.000434615 -0.000374716 0.999998 -0.00164684 0.000434383 0.00164716 0.999998 0.000706951 -0.0450746 -0.0973349
FixedParameters: 0 0 0

#Transform 63
Transform: AffineTransform_float_3_3
Parameters: 1 0.000373225 -0.000522554 -0.000374775 0.999999 -0.0014828 0.000522445 0.00148319 0.999999 -0.000896185 -0.0447979 -0.115701
FixedParameters: 0 0 0

#Transform 64
Transform: AffineTransform_float_3_3
Parameters: 1 0.000372879 -0.000522801 -0.000374121 0.999997 -0.0021458 0.000522198 0.00214619 0.999997 -0.000885482 -0.0452643 -0.125044
FixedParameters: 0 0 0

#Transform 65
Transform: AffineTransform_float_3_3
Parameters: 1 0.000372855 -0.000522819 -0.000374145 0.999997 -0.0021918 0.000522181 0.0021922 0.999998 -0.000891915 -0.0447139 -0.10658
FixedParameters: 0 0 0

#Transform 66
Transform: AffineTransform_float_3_3
Parameters: 1 0.00023479 -9.85022e-05 -0.000234211 0.999997 -0.00213798 9.84994e-05 0.00213802 0.999997 -0.00902423 -0.0315948 -0.085808
FixedParameters: 0 0 0

#Transform 67
Transform: AffineTransform_float_3_3
Parameters: 1 0.000320003 1.35264e-06 -0.000319995 0.999998 -0.002023 -2.64736e-06 0.002023 0.999998 -0.00929463 -0.0318008 -0.0914745
FixedParameters: 0 0 0

#Transform 68
Transform: AffineTransform_float_3_3
Parameters: 0.999999 0.000752051 -0.000523366 -0.000752948 0.999998 -0.00181461 0.000521634 0.00181539 0.999998 -0.00536878 -0.0231618 -0.10678
FixedParameters: 0 0 0

#Transform 69
Transform: AffineTransform_float_3_3
Parameters: 1 0.000554184 -0.000820231 -0.000555818 0.999998 -0.00221555 0.000819771 0.00221646 0.999997 0.00667591 -0.0174548 -0.131405
FixedParameters: 0 0 0

#Transform 70
Transform: AffineTransform_float_3_3
Parameters: 1 0.000518959 -0.00108997 -0.000521042 0.999998 -0.00187343 0.00108903 0.00187357 0.999997 0.0206194 -0.0301484 -0.145396
FixedParameters: 0 0 0

#Transform 71
Transform: AffineTransform_float_3_3
Parameters: 0.999999 0.000389336 -0.000638018 -0.000391663 0.999996 -0.00260975 0.00063698 0.00261025 0.999997 0.00774557 -0.0273808 -0.155052
FixedParameters: 0 0 0

#Transform 72
Transform: AffineTransform_float_3_3
Parameters: 1 0.000591768 -0.0010203 -0.000594233 0.999998 -0.0021894 0.0010187 0.00218961 0.999997 0.00287077 -0.0261957 -0.150214
FixedParameters: 0 0 0

#Transform 73
Transform: AffineTransform_float_3_3
Parameters: 1 0.000258347 -0.00108963 -0.000260651 0.999997 -0.00243472 0.00108837 0.00243528 0.999997 0.0182479 -0.00168235 -0.153094
FixedParameters: 0 0 0

#Transform 74
Transform: AffineTransform_float_3_3
Parameters: 0.999999 0.000247095 -0.000671704 -0.000248906 0.999996 -0.00283783 0.000671296 0.00283817 0.999995 0.0164056 -0.0384152 -0.181024
FixedParameters: 0 0 0

#Transform 75
Transform: AffineTransform_float_3_3
Parameters: 0.999998 -0.000116167 -0.00174966 0.000110831 0.999995 -0.0029532 0.00175033 0.0029528 0.999994 0.0714295 0.0421255 -0.130502
FixedParameters: 0 0 0

#Transform 76
Transform: AffineTransform_float_3_3
Parameters: 0.999999 0.000363197 -0.00145045 -0.000364803 0.999999 -0.00124347 0.00144955 0.00124353 0.999998 0.0244414 -0.0470275 -0.0060816
FixedParameters: 0 0 0

#Transform 77
Transform: AffineTransform_float_3_3
Parameters: 0.999999 0.000550898 -0.000655927 -0.000552103 0.999999 -0.00168164 0.000655073 0.00168136 0.999999 -0.00882361 -0.0978523 -0.116686
FixedParameters: 0 0 0

#Transform 78
Transform: AffineTransform_float_3_3
Parameters: 0.999999 0.000452887 -0.000568888 -0.000453113 0.999998 -0.00195774 0.000568114 0.00195826 0.999998 -0.00475063 -0.0522376 -0.141256
FixedParameters: 0 0 0

#Transform 79
Transform: AffineTransform_float_3_3
Parameters: 0.999999 0.000535485 -0.000522556 -0.000536513 0.999995 -0.00290272 0.000520444 0.00290328 0.999995 -0.00119389 -0.0426951 -0.131103
FixedParameters: 0 0 0

#Transform 80
Transform: AffineTransform_float_3_3
Parameters: 0.999999 0.000718142 0.000185451 -0.000717859 1 -0.000764133 -0.000185548 0.000763867 0.999999 -0.0180087 -0.0698376 -0.0258531
FixedParameters: 0 0 0

#Transform 81
Transform: AffineTransform_float_3_3
Parameters: 1 9.8914e-05 -0.000582845 -9.70857e-05 0.999999 0.00156806 0.000583153 -0.00156794 0.999998 0.038944 -0.0468469 0.047091
FixedParameters: 0 0 0

#Transform 82
Transform: AffineTransform_float_3_3
Parameters: 1 0.00047693 -0.000891038 -0.00047707 1 -7.85749e-05 0.000890963 7.84249e-05 0.999999 0.0411429 -0.0411329 -0.0213185
FixedParameters: 0 0 0

#Transform 83
Transform: AffineTransform_float_3_3
Parameters: 0.999999 0.000718551 -0.000693464 -0.000719449 1 -0.000646501 0.000693534 0.000647499 0.999999 0.0229186 -0.0260404 -0.0403491
FixedParameters: 0 0 0

#Transform 84
Transform: AffineTransform_float_3_3
Parameters: 0.999999 0.000852173 -0.000982718 -0.000853827 1 -0.000841162 0.000982281 0.000842838 0.999999 0.00138777 -0.0449625 -0.123684
FixedParameters: 0 0 0

#Transform 85
Transform: AffineTransform_float_3_3
Parameters: 0.999999 0.000663478 -0.000583593 -0.000664522 1 -0.000893613 0.000583406 0.000894388 1 -0.00274337 -0.0464885 -0.124132
FixedParameters: 0 0 0

#Transform 86
Transform: AffineTransform_float_3_3
Parameters: 1 0.000663293 -0.000686685 -0.000663707 0.999999 -0.00103055 0.000685316 0.00103146 0.999999 0.00314706 -0.0446603 -0.12582
FixedParameters: 0 0 0

#Transform 87
Transform: AffineTransform_float_3_3
Parameters: 0.999999 0.000452014 -0.000583765 -0.000452986 0.999999 -0.00168974 0.000583235 0.00169027 0.999999 0.00694153 -0.0365145 -0.133432
FixedParameters: 0 0 0

#Transform 88
Transform: AffineTransform_float_3_3
Parameters: 0.999999 0.000434107 -0.000583664 -0.000434893 0.999998 -0.00152975 0.000583335 0.00153025 0.999998 0.00301141 -0.0384395 -0.0995201
FixedParameters: 0 0 0

#Transform 89
Transform: AffineTransform_float_3_3
Parameters: 1 0.000202021 -0.00058334 -0.00020298 0.999998 -0.00167888 0.00058366 0.00167912 0.999999 0.00984981 -0.0641974 -0.124258
FixedParameters: 0 0 0

#Transform 90
Transform: AffineTransform_float_3_3
Parameters: 0.999999 0.000514062 -0.000583827 -0.000514938 0.999998 -0.0016077 0.000583173 0.0016073 0.999999 -0.00222754 -0.0443638 -0.122926
FixedParameters: 0 0 0

#Transform 91
Transform: AffineTransform_float_3_3
Parameters: 0.999999 0.000522347 -0.000583585 -0.000523654 0.999999 -0.0011197 0.000583414 0.00111931 0.999999 0.00615618 -0.0407583 -0.12865
FixedParameters: 0 0 0

#Transform 92
Transform: AffineTransform_float_3_3
Parameters: 1 0.000202029 -0.000638308 -0.000202971 0.999999 -0.00152187 0.000637691 0.00152213 0.999998 0.0105226 -0.0149078 -0.110497
FixedParameters: 0 0 0

#Transform 93
Transform: AffineTransform_float_3_3
Parameters: 0.999999 0.00032205 -0.000647473 -0.000322951 0.999999 -0.00146779 0.000647526 0.00146821 0.999998 0.0042547 -0.0503659 -0.115043
FixedParameters: 0 0 0

#Transform 94
Transform: AffineTransform_float_3_3
Parameters: 1 0.000202457 -0.000331332 -0.000202542 0.999998 -0.00163793 0.000330669 0.00163807 0.999998 0.00667147 -0.00671649 -0.0910288
FixedParameters: 0 0 0

#Transform 95
Transform: AffineTransform_float_3_3
Parameters: 0.999999 0.000432805 -0.000640808 -0.000434195 0.999998 -0.00186472 0.000640191 0.00186528 0.999998 -0.00573096 -0.0722587 -0.13657
FixedParameters: 0 0 0

#Transform 96
Transform: AffineTransform_float_3_3
Parameters: 1 0.000202494 -0.000284361 -0.000202505 0.999999 -0.00177994 0.00028364 0.00178006 0.999999 0.00604956 -0.0054985 -0.127845
FixedParameters: 0 0 0

#Transform 97
Transform: AffineTransform_float_3_3
Parameters: 1 0.000201581 -0.0009603 -0.000202419 0.999999 -0.00147781 0.000959703 0.00147819 0.999999 0.0260343 0.0113691 -0.0506995
FixedParameters: 0 0 0

#Transform 98
Transform: AffineTransform_float_3_3
Parameters: 0.999999 0.000255413 -0.000760535 -0.000256587 0.999998 -0.00208681 0.000760466 0.0020872 0.999998 0.0159617 -0.0525487 -0.113002
FixedParameters: 0 0 0

#Transform 99
Transform: AffineTransform_float_3_3
Parameters: 0.999999 0.000551582 -0.000653201 -0.000552418 0.999998 -0.00217364 0.000651801 0.00217336 0.999998 -8.15016e-05 -0.0390929 -0.0896377
FixedParameters: 0 0 0

#Transform 100
Transform: AffineTransform_float_3_3
Parameters: 1 0.000203011 0.000295992 -0.000202989 1 -3.80601e-05 -0.000296008 3.79399e-05 1 -0.0259338 -0.0501491 0.0807606
FixedParameters: 0 0 0

#Transform 101
Transform: AffineTransform_float_3_3
Parameters: 1 -0.000674475 0.00101035 0.000675525 0.999999 -0.000519318 -0.00100965 0.000519681 1 -0.126322 -0.037284 0.174936
FixedParameters: 0 0 0

#Transform 102
Transform: AffineTransform_float_3_3
Parameters: 0.999998 -0.00105243 0.00135367 0.00105158 1 0.000314424 -0.00135433 -0.000313575 0.999999 -0.144769 -0.044976 0.276763
FixedParameters: 0 0 0

#Transform 103
Transform: AffineTransform_float_3_3
Parameters: 1 -0.000136959 3.61577e-05 0.000137041 1 -0.001151 -3.58423e-05 0.00115101 1 -0.0802049 -0.0217188 0.0053912
FixedParameters: 0 0 0

#Transform 104
Transform: AffineTransform_float_3_3
Parameters: 1 7.81783e-05 8.68398e-05 -7.78214e-05 0.999998 -0.00205101 -8.71598e-05 0.00205099 0.999998 -0.0458063 0.0623325 -0.00955969
FixedParameters: 0 0 0

#Transform 105
Transform: AffineTransform_float_3_3
Parameters: 1 0.000213153 -0.000359503 -0.000214846 0.999997 -0.00235692 0.000358495 0.00235708 0.999997 -0.0576111 0.00631807 -0.00932565
FixedParameters: 0 0 0

#Transform 106
Transform: AffineTransform_float_3_3
Parameters: 1 0.000716503 -0.000677588 -0.000718499 0.999998 -0.00221252 0.000676413 0.00221249 0.999998 -0.0553199 -0.0258045 -0.0599472
FixedParameters: 0 0 0

#Transform 107
Transform: AffineTransform_float_3_3
Parameters: 1 0.000762688 -0.000677481 -0.000763314 0.999998 -0.00193948 0.000676521 0.00193952 0.999998 -0.0600455 -0.0128428 -0.0571592
FixedParameters: 0 0 0

#Transform 108
Transform: AffineTransform_float_3_3
Parameters: 0.999999 0.000735438 -0.000368124 -0.000735562 0.999998 -0.00152773 0.000367877 0.00152727 0.999999 -0.0421469 -0.00587531 -0.0598642
FixedParameters: 0 0 0

#Transform 109
Transform: AffineTransform_float_3_3
Parameters: 1 -0.000316763 -0.000318236 0.000316236 0.999999 0.000743899 0.000317765 -0.0007441 0.999999 0.0269919 0.0131316 0.0752676
FixedParameters: 0 0 0

#Transform 110
Transform: AffineTransform_float_3_3
Parameters: 0.999999 0.000221694 -0.000675446 -0.000220304 0.999997 0.00250715 0.000676554 -0.00250685 0.999996 0.0424965 0.102585 0.0323587
FixedParameters: 0 0 0

#Transform 111
Transform: AffineTransform_float_3_3
Parameters: 1 0.000375351 -0.000546074 -0.00037465 0.999997 0.0024712 0.000546928 -0.00247179 0.999997 -0.034543 -0.0808942 0.0536564
FixedParameters: 0 0 0

#Transform 112
Transform: AffineTransform_float_3_3
Parameters: 0.999999 0.000956988 3.73091e-05 -0.000957012 1 0.000322965 -3.66909e-05 -0.000323035 1 -0.0560883 -0.0682467 -0.0255547
FixedParameters: 0 0 0

#Transform 113
Transform: AffineTransform_float_3_3
Parameters: 1 0.00095722 -0.000675691 -0.000956782 1 0.000323647 0.00067631 -0.000323353 0.999999 -0.0469457 -0.0231386 -0.0755403
FixedParameters: 0 0 0

#Transform 114
Transform: AffineTransform_float_3_3
Parameters: 0.999999 0.000547857 -0.000676115 -0.000548142 1 -0.000210629 0.000675884 0.00021137 0.999999 -0.0421835 -0.0193962 -0.0819018
FixedParameters: 0 0 0

#Transform 115
Transform: AffineTransform_float_3_3
Parameters: 1 0.000547802 -0.000220493 -0.000547198 1 -0.00090088 0.000219507 0.00090112 0.999999 -0.0479614 -0.0698876 -0.0502089
FixedParameters: 0 0 0

#Transform 116
Transform: AffineTransform_float_3_3
Parameters: 1 0.000547335 0.00037198 -0.000547665 0.999998 0.0017888 -0.000371021 -0.0017892 0.999999 -0.0554329 -0.0414376 0.115125
FixedParameters: 0 0 0

#Transform 117
Transform: AffineTransform_float_3_3
Parameters: 0.999999 0.000928859 0.000161807 -0.00092914 0.999999 0.00086885 -0.000161192 -0.00086915 0.999999 -0.0641601 0.0235882 0.0155107
FixedParameters: 0 0 0

#Transform 118
Transform: AffineTransform_float_3_3
Parameters: 0.999999 0.00122693 7.51373e-05 -0.00122707 0.999999 0.000926908 -7.38625e-05 -0.000927091 0.999999 -0.0597162 -0.0227543 -0.00250805
FixedParameters: 0 0 0

#Transform 119
Transform: AffineTransform_float_3_3
Parameters: 0.999999 0.00102788 -0.000801874 -0.00102712 0.999999 0.00109682 0.000803126 -0.00109518 0.999999 -0.0464706 -0.00408304 -0.0142787
FixedParameters: 0 0 0

#Transform 120
Transform: AffineTransform_float_3_3
Parameters: 0.999999 0.00104407 -8.11333e-05 -0.00104493 0.999999 0.000830085 8.18672e-05 -0.000829915 0.999999 -0.0580112 -0.023403 -0.0850444
FixedParameters: 0 0 0

#Transform 121
Transform: AffineTransform_float_3_3
Parameters: 1 0.00103905 -8.14212e-05 -0.00103896 1 0.000557085 8.15787e-05 -0.000556916 1 -0.0556476 -0.0273908 -0.0826182
FixedParameters: 0 0 0

#Transform 122
Transform: AffineTransform_float_3_3
Parameters: 0.999999 0.000983997 -8.20294e-05 -0.000984001 0.999999 -2.99193e-05 8.19704e-05 3.00807e-05 1 -0.0551156 -0.0320984 -0.0686215
FixedParameters: 0 0 0

#Transform 123
Transform: AffineTransform_float_3_3
Parameters: 1 0.001047 -8.20314e-05 -0.001047 1 -2.99141e-05 8.19686e-05 3.00859e-05 1 -0.0558398 -0.0497778 -0.0416961
FixedParameters: 0 0 0

#Transform 124
Transform: AffineTransform_float_3_3
Parameters: 1 0.000946202 0.000232183 -0.0009458 0.999999 -0.00086322 -0.000232817 0.00086378 0.999999 -0.0542205 -0.0298515 -0.0126262
FixedParameters: 0 0 0

#Transform 125
Transform: AffineTransform_float_3_3
Parameters: 0.999999 0.000945952 -8.25457e-05 -0.000946048 1 -0.000576922 8.24541e-05 0.000577078 1 -0.0363226 -0.0428782 -0.0292502
FixedParameters: 0 0 0

#Transform 126
Transform: AffineTransform_float_3_3
Parameters: 1 0.000369952 -7.52342e-05 -0.000370047 0.999999 -0.000632972 7.47657e-05 0.000633027 1 -0.0102388 -0.00636637 -0.00722724
FixedParameters: 0 0 0

#Transform 127
Transform: AffineTransform_float_3_3
Parameters: 0.999999 0.000768992 -1.2476e-05 -0.000769007 0.999999 -0.00061899 1.1524e-05 0.000619009 1 -0.0496982 -0.0633597 -0.0263725
FixedParameters: 0 0 0

#Transform 128
Transform: AffineTransform_float_3_3
Parameters: 1 0.000616769 -0.000267532 -0.000617231 1 -0.000862835 0.000267467 0.000863165 0.999999 -0.0192259 -0.00633056 -0.0293048
FixedParameters: 0 0 0

#Transform 129
Transform: AffineTransform_float_3_3
Parameters: 1 0.00060732 0.000292335 -0.000607679 0.999999 -0.00109518 -0.000293666 0.00109482 1 -0.0483031 -0.0426568 -0.0332573
FixedParameters: 0 0 0

#Transform 130
Transform: AffineTransform_float_3_3
Parameters: 0.999999 0.000371179 0.00068136 -0.000369823 0.999999 -0.00172825 -0.00068164 0.00172875 0.999999 -0.0476063 -0.0137932 0.0646776
FixedParameters: 0 0 0

#Transform 131
Transform: AffineTransform_float_3_3
Parameters: 0.999999 0.000505635 0.000819994 -0.000503365 0.999998 -0.00199241 -0.000821004 0.00199258 0.999997 -0.0798522 -0.0583857 0.0269732
FixedParameters: 0 0 0

#Transform 132
Transform: AffineTransform_float_3_3
Parameters: 0.999999 0.000371225 0.000820446 -0.000369773 0.999999 -0.0014933 -0.000821552 0.00149269 0.999998 -0.0630094 -0.0267421 0.0907144
FixedParameters: 0 0 0

#Transform 133
Transform: AffineTransform_float_3_3
Parameters: 0.999999 0.000371105 0.000782476 -0.000369894 0.999999 -0.00141229 -0.000783522 0.00141171 0.999998 -0.071073 -0.0277707 0.0925573
FixedParameters: 0 0 0

#Transform 134
Transform: AffineTransform_float_3_3
Parameters: 1 0.000715016 0.000774063 -0.000713983 0.999999 -0.00131155 -0.000775937 0.00131145 0.999999 -0.081611 -0.0288731 0.00239995
FixedParameters: 0 0 0

#Transform 135
Transform: AffineTransform_float_3_3
Parameters: 0.999999 0.000583651 0.000450157 -0.000583348 0.999999 -0.00144426 -0.000451843 0.00144474 0.999999 -0.0760577 -0.0272088 0.000348357
FixedParameters: 0 0 0

#Transform 136
Transform: AffineTransform_float_3_3
Parameters: 0.999999 0.000625112 0.000545728 -0.000623887 0.999997 -0.00203634 -0.000547271 0.00203566 0.999998 -0.0777972 0.00224535 -0.012841
FixedParameters: 0 0 0

#Transform 137
Transform: AffineTransform_float_3_3
Parameters: 1 0.00101661 0.000367326 -0.00101639 0.999998 -0.00164737 -0.000369674 0.00164662 0.999998 -0.0985933 -0.0569272 -0.0546984
FixedParameters: 0 0 0

#Transform 138
Transform: AffineTransform_float_3_3
Parameters: 0.999999 0.00082205 2.54217e-05 -0.00082195 0.999998 -0.00192002 -2.65782e-05 0.00191998 0.999998 -0.0793813 -0.00602118 -0.0320705
FixedParameters: 0 0 0

#Transform 139
Transform: AffineTransform_float_3_3
Parameters: 1 0.00108643 0.000197655 -0.00108557 0.999997 -0.00215922 -0.000200344 0.00215878 0.999997 -0.0787587 -0.0189061 -0.0702929
FixedParameters: 0 0 0

#Transform 140
Transform: AffineTransform_float_3_3
Parameters: 0.999999 0.000629663 0.000359843 -0.000628337 0.999998 -0.00183823 -0.000361156 0.00183877 0.999998 -0.050149 -0.00838413 -0.034213
FixedParameters: 0 0 0

#Transform 141
Transform: AffineTransform_float_3_3
Parameters: 1 0.000611479 0.000309052 -0.00061152 0.999998 -0.00155019 -0.000309948 0.00154981 0.999999 -0.0196864 0.00317425 0.0909358
FixedParameters: 0 0 0

#Transform 142
Transform: AffineTransform_float_3_3
Parameters: 0.999998 0.000943416 0.00127743 -0.000943584 1 0.000456795 -0.00127657 -0.000458205 0.999999 -0.100297 -0.0745225 0.218289
FixedParameters: 0 0 0

#Transform 143
Transform: AffineTransform_float_3_3
Parameters: 0.999999 0.000665028 0.00079781 -0.00066597 0.999999 0.00121747 -0.000796189 -0.00121853 0.999999 -0.0708057 -0.061377 0.191111
FixedParameters: 0 0 0

#Transform 144
Transform: AffineTransform_float_3_3
Parameters: 0.999999 0.000368622 0.000618823 -0.000370379 0.999998 0.00222877 -0.000618176 -0.00222923 0.999998 -0.0853628 -0.0897946 0.23679
FixedParameters: 0 0 0

#Transform 145
Transform: AffineTransform_float_3_3
Parameters: 0.999999 0.0003647 0.00127253 -0.000370301 0.999992 0.00416654 -0.00127147 -0.00416747 0.999991 -0.0865909 -0.121571 0.349317
FixedParameters: 0 0 0

#Transform 146
Transform: AffineTransform_float_3_3
Parameters: 0.999999 0.000579637 0.000722901 -0.000582363 0.999995 0.00327258 -0.000721098 -0.00327342 0.999995 -0.0890871 -0.029135 0.299597
FixedParameters: 0 0 0

#Transform 147
Transform: AffineTransform_float_3_3
Parameters: 0.999999 0.000367164 0.000852227 -0.000369838 0.999995 0.00332969 -0.000851773 -0.00333032 0.999994 -0.0955102 -0.0489755 0.295191
FixedParameters: 0 0 0

#Transform 148
Transform: AffineTransform_float_3_3
Parameters: 0.999999 0.000760662 0.000459222 -0.000762336 0.999995 0.00291865 -0.000456777 -0.00291835 0.999995 -0.104221 -0.101709 0.231407
FixedParameters: 0 0 0

#Transform 149
Transform: AffineTransform_float_3_3
Parameters: 1 0.000369572 0.000228693 -0.000370429 0.999998 0.00187492 -0.000228306 -0.00187409 0.999998 -0.0804519 -0.00588286 0.237058
FixedParameters: 0 0 0

#Transform 150
Transform: AffineTransform_float_3_3
Parameters: 1 0.000368868 0.0005977 -0.000370131 0.999998 0.00189478 -0.0005963 -0.00189522 0.999998 -0.0850875 -0.0800296 0.141339
FixedParameters: 0 0 0

#Transform 151
Transform: AffineTransform_float_3_3
Parameters: 0.999999 0.000788069 0.000538365 -0.00078993 0.999998 0.00173058 -0.000536634 -0.00173042 0.999999 -0.0892555 -0.0760698 0.151087
FixedParameters: 0 0 0

#Transform 152
Transform: AffineTransform_float_3_3
Parameters: 0.999999 0.000705308 0.000683714 -0.000706692 0.999999 0.00101152 -0.000683285 -0.00101248 1 -0.0742097 -0.0643578 0.120672
FixedParameters: 0 0 0

#Transform 153
Transform: AffineTransform_float_3_3
Parameters: 0.999999 0.000863693 0.000433612 -0.000864307 1 0.000708626 -0.000433387 -0.000709375 0.999999 -0.0716996 -0.0316895 0.223011
FixedParameters: 0 0 0

#Transform 154
Transform: AffineTransform_float_3_3
Parameters: 1 0.000370644 -0.000274132 -0.000370357 0.999997 0.0023441 0.000274869 -0.0023439 0.999997 -0.0679177 -0.0974292 0.731218
FixedParameters: 0 0 0

#Transform 155
Transform: AffineTransform_float_3_3
Parameters: 1 0.000370066 -0.000209883 -0.000369934 1 0.000316078 0.000210117 -0.000315922 1 -0.0510164 0.0347048 0.262609
FixedParameters: 0 0 0

#Transform 156
Transform: AffineTransform_float_3_3
Parameters: 0.999999 0.000783005 -0.000179976 -0.000782994 0.999999 3.11409e-05 0.000180024 -3.0859e-05 1 -0.0594182 -0.0340257 0.265554
FixedParameters: 0 0 0

#Transform 157
Transform: AffineTransform_float_3_3
Parameters: 1 0.000369917 -0.000180171 -0.000370083 1 -0.000462933 0.000179829 0.000463066 1 -0.0214056 0.0451049 0.265883
FixedParameters: 0 0 0

#Transform 158
Transform: AffineTransform_float_3_3
Parameters: 1 0.000592001 -8.19917e-05 -0.000591999 1 1.40485e-05 8.20083e-05 -1.39515e-05 1 -0.0428329 -0.00671907 0.432723
FixedParameters: 0 0 0

#Transform 159
Transform: AffineTransform_float_3_3
Parameters: 0.999999 0.000744006 -2.78274e-05 -0.000743993 0.999999 0.000232021 2.81726e-05 -0.000231979 1 -0.0629407 0.0631256 0.279816
FixedParameters: 0 0 0

#Transform 160
Transform: AffineTransform_float_3_3
Parameters: 0.999999 0.000725033 4.44613e-05 -0.000724967 1 -0.000743033 -4.55386e-05 0.000742967 0.999999 -0.0821834 0.0433472 0.183671
FixedParameters: 0 0 0

#Transform 161
Transform: AffineTransform_float_3_3
Parameters: 0.999999 0.000876331 0.000254863 -0.000876668 0.999999 -0.00129722 -0.000256137 0.00129678 0.999999 -0.0593797 0.0124353 0.19128
FixedParameters: 0 0 0

#Transform 162
Transform: AffineTransform_float_3_3
Parameters: 1 0.000569892 0.000965475 -0.000569109 1 -0.000923551 -0.000965526 0.000922451 0.999999 -0.0818028 -0.00845766 0.220169
FixedParameters: 0 0 0

#Transform 163
Transform: AffineTransform_float_3_3
Parameters: 1 0.000723947 0.000816162 -0.000723055 0.999999 -0.00115859 -0.000816839 0.00115841 0.999999 -0.0899883 -0.00171528 0.212475
FixedParameters: 0 0 0

#Transform 164
Transform: AffineTransform_float_3_3
Parameters: 0.999999 0.000734499 0.00048825 -0.000734501 0.999999 -0.00102136 -0.00048875 0.00102064 1 -0.0718268 -0.00350636 0.193408
FixedParameters: 0 0 0

#Transform 165
Transform: AffineTransform_float_3_3
Parameters: 1 0.000581727 0.000834494 -0.000580274 1 -0.000871485 -0.000834506 0.000870516 1 -0.0645021 0.0715221 0.255074
FixedParameters: 0 0 0

#Transform 166
Transform: AffineTransform_float_3_3
Parameters: 1 0.000682368 0.000641608 -0.000682632 0.999999 -0.000574438 -0.000641392 0.000573562 0.999999 -0.0877136 -0.0287104 0.263341
FixedParameters: 0 0 0

#Transform 167
Transform: AffineTransform_float_3_3
Parameters: 0.999999 0.000708246 0.000402566 -0.000707752 0.999999 -0.000613285 -0.000403434 0.000612714 0.999999 -0.0844696 -0.0103007 0.214124
FixedParameters: 0 0 0

#Transform 168
Transform: AffineTransform_float_3_3
Parameters: 0.999999 0.000664216 0.000402644 -0.000663783 0.999999 -0.000536267 -0.000403356 0.000536732 1 -0.0734399 3.46573e-05 0.175698
FixedParameters: 0 0 0

#Transform 169
Transform: AffineTransform_float_3_3
Parameters: 0.999999 0.00072317 0.000179317 -0.000722831 1 -0.00094413 -0.000179682 0.00094387 0.999999 -0.0368899 0.0277016 0.192497
FixedParameters: 0 0 0

#Transform 170
Transform: AffineTransform_float_3_3
Parameters: 0.999999 0.000880375 0.00037913 -0.000879625 0.999999 -0.000988335 -0.000379869 0.000987667 1 -0.0811444 -0.0213381 0.210493
FixedParameters: 0 0 0

#Transform 171
Transform: AffineTransform_float_3_3
Parameters: 0.999999 0.000832342 0.000341166 -0.000832658 0.999999 -0.00100229 -0.000341834 0.00100172 1 -0.0766438 -0.0212438 0.213137
FixedParameters: 0 0 0

#Transform 172
Transform: AffineTransform_float_3_3
Parameters: 1 0.000772899 0.000695002 -0.000771101 0.999999 -0.00129254 -0.000695998 0.00129246 0.999999 -0.0674891 0.0275524 0.226103
FixedParameters: 0 0 0

#Transform 173
Transform: AffineTransform_float_3_3
Parameters: 1 0.000675527 0.000816564 -0.000674472 0.999999 -0.000646551 -0.000816436 0.000645449 1 -0.0883234 -0.0240482 0.194076
FixedParameters: 0 0 0

#Transform 174
Transform: AffineTransform_float_3_3
Parameters: 0.999999 0.0007744 0.000640515 -0.000774598 0.999999 -0.000625496 -0.000641483 0.000624503 0.999999 -0.0799101 -0.0142996 0.194214
FixedParameters: 0 0 0

#Transform 175
Transform: AffineTransform_float_3_3
Parameters: 1 0.000370182 0.000367816 -0.000369817 1 -0.000496136 -0.000368183 0.000495864 1 -0.0331426 0.0320526 0.207001
FixedParameters: 0 0 0

#Transform 176
Transform: AffineTransform_float_3_3
Parameters: 1 0.000594885 0.000328208 -0.000595114 1 0.000349805 -0.000327792 -0.000350195 1 -0.0682286 -0.0225011 0.281032
FixedParameters: 0 0 0

#Transform 177
Transform: AffineTransform_float_3_3
Parameters: 1 0.000793643 0.000731387 -0.000794356 0.999999 0.000487419 -0.000730612 -0.00048858 0.999999 -0.0884745 -0.0456947 0.259445
FixedParameters: 0 0 0

#Transform 178
Transform: AffineTransform_float_3_3
Parameters: 1 0.000757885 0.000747117 -0.000758116 0.999999 0.000154434 -0.000746883 -0.000154566 0.999999 -0.0882488 -0.0316148 0.20518
FixedParameters: 0 0 0

#Transform 179
Transform: AffineTransform_float_3_3
Parameters: 1 0.000776951 0.000747052 -0.00077705 0.999999 6.64195e-05 -0.000746949 -6.65803e-05 0.999999 -0.0884501 -0.0139452 0.222828
FixedParameters: 0 0 0

#Transform 180
Transform: AffineTransform_float_3_3
Parameters: 0.999999 0.000722064 0.000650929 -0.000721936 0.999999 -9.84699e-05 -0.000651071 9.85299e-05 1 -0.0866841 -0.0138859 0.243111
FixedParameters: 0 0 0

#Transform 181
Transform: AffineTransform_float_3_3
Parameters: 0.999999 0.000705044 0.00010771 -0.000704956 0.999999 -0.000411076 -0.00010729 0.000410924 1 -0.106657 0.00457148 0.218033
FixedParameters: 0 0 0

#Transform 182
Transform: AffineTransform_float_3_3
Parameters: 0.999999 0.000690569 0.000596342 -0.000690431 1 -0.000953413 -0.000597659 0.000953588 1 -0.0873003 0.036455 0.218861
FixedParameters: 0 0 0

#Transform 183
Transform: AffineTransform_float_3_3
Parameters: 1 0.000678142 0.000934897 -0.000677858 1 -0.000152634 -0.000935103 0.000151366 0.999999 -0.112351 -0.0387185 0.201311
FixedParameters: 0 0 0

#Transform 184
Transform: AffineTransform_float_3_3
Parameters: 0.999999 0.000917134 0.000277559 -0.000917867 1 -0.000481255 -0.000277441 0.000480746 1 -0.091023 0.00407249 0.198787
FixedParameters: 0 0 0

#Transform 185
Transform: AffineTransform_float_3_3
Parameters: 1 0.000843248 0.000582642 -0.000842752 0.999999 -0.000425491 -0.000582359 0.000425509 0.999999 -0.102079 -0.0284042 0.185053
FixedParameters: 0 0 0

#Transform 186
Transform: AffineTransform_float_3_3
Parameters: 0.999999 0.000600012 0.000390449 -0.00059899 0.999997 -0.00258623 -0.00039155 0.00258577 0.999996 -0.0695594 0.12207 0.118095
FixedParameters: 0 0 0

#Transform 187
Transform: AffineTransform_float_3_3
Parameters: 1 0.000999244 0.00039138 -0.000999758 1 -0.000620392 -0.00039162 0.000619609 0.999999 -0.095887 0.0730696 0.171803
FixedParameters: 0 0 0

#Transform 188
Transform: AffineTransform_float_3_3
