#Insight Transform File V1.0
#Transform 0
Transform: AffineTransform_float_3_3
Parameters: 1 -0.00102768 0.000183212 0.00102732 0.999992 0.00368719 -0.00018679 -0.00368781 0.999993 0.0358118 -0.148433 0.0959817
FixedParameters: 0 0 0

#Transform 1
Transform: AffineTransform_float_3_3
Parameters: 0.999998 0.00100481 0.00167095 -0.00101319 0.999988 0.00490632 -0.00166605 -0.00490769 0.999987 -0.0794719 -0.0539669 -0.00178166
FixedParameters: 0 0 0

#Transform 2
Transform: AffineTransform_float_3_3
Parameters: 0.999999 -0.000163347 0.00153965 0.000159651 0.999997 0.00217425 -0.00154035 -0.00217375 0.999997 -0.0274888 -0.126651 -0.0200522
FixedParameters: 0 0 0

#Transform 3
Transform: AffineTransform_float_3_3
Parameters: 0.999999 0.000151902 0.000761019 -0.000152097 1 0.000127884 -0.00076098 -0.000128116 0.999999 -0.0054454 0.0154801 -0.182579
FixedParameters: 0 0 0

#Transform 4
Transform: AffineTransform_float_3_3
Parameters: 1 0.000139844 0.00111015 -0.000141155 0.999999 0.00104084 -0.00110985 -0.00104116 0.999999 -0.0213711 -0.119287 -0.103058
FixedParameters: 0 0 0

#Transform 5
Transform: AffineTransform_float_3_3
Parameters: 1 0.000140978 0.000281011 -0.000141022 1 7.79604e-05 -0.000280989 -7.80396e-05 1 -0.0145163 0.0203399 -0.15122
FixedParameters: 0 0 0

#Transform 6
Transform: AffineTransform_float_3_3
Parameters: 0.999999 0.000139149 0.000891291 -0.00014085 0.999998 0.00207688 -0.000890709 -0.00207713 0.999998 -0.0362364 -0.13957 -0.0217454
FixedParameters: 0 0 0

#Transform 7
Transform: AffineTransform_float_3_3
Parameters: 1 0.000299882 0.000632056 -0.000300119 1 0.00018781 -0.000632944 -0.00018719 1 -0.0340326 -0.01042 -0.148315
FixedParameters: 0 0 0

#Transform 8
Transform: AffineTransform_float_3_3
Parameters: 1 0.000140561 0.00028122 -0.000140438 0.999999 0.00155996 -0.000280781 -0.00156004 0.999998 -0.03334 -0.12545 -0.044893
FixedParameters: 0 0 0

#Transform 9
Transform: AffineTransform_float_3_3
Parameters: 1 -6.48387e-05 0.000281037 6.41613e-05 1 -0.000573982 -0.000280963 0.000574018 1 -0.00959728 0.000351986 -0.109356
FixedParameters: 0 0 0

#Transform 10
Transform: AffineTransform_float_3_3
Parameters: 1 -0.000633793 0.000244537 0.000634207 1 -0.000847845 -0.000243462 0.000848155 0.999999 0.0337064 -0.0568954 -0.126541
FixedParameters: 0 0 0

#Transform 11
Transform: AffineTransform_float_3_3
Parameters: 1 -2.63793e-06 0.000243004 3.36207e-06 0.999999 -0.00149 -0.000242995 0.00149 0.999999 -0.000279249 0.0172983 -0.156458
FixedParameters: 0 0 0

#Transform 12
Transform: AffineTransform_float_3_3
Parameters: 1 -0.000525143 0.000988457 0.000525858 1 -0.000867481 -0.000987545 0.00086752 0.999999 -0.0100006 -0.0687569 -0.169877
FixedParameters: 0 0 0

#Transform 13
Transform: AffineTransform_float_3_3
Parameters: 0.999999 -0.000525116 0.00067369 0.000525884 0.999999 -0.00131265 -0.00067331 0.00131335 0.999999 -0.0098419 0.0118212 -0.153181
FixedParameters: 0 0 0

#Transform 14
Transform: AffineTransform_float_3_3
Parameters: 1 -0.000362762 0.000241861 0.000362237 0.999995 0.00314409 -0.00024314 -0.00314391 0.999995 0.00174389 -0.155235 -0.0377371
FixedParameters: 0 0 0

#Transform 15
Transform: AffineTransform_float_3_3
Parameters: 1 -0.000193476 0.000242621 0.000192525 0.999998 0.00196205 -0.000242378 -0.00196195 0.999998 0.0145332 -0.122399 0.0051441
FixedParameters: 0 0 0

#Transform 16
Transform: AffineTransform_float_3_3
Parameters: 1 -0.000358609 -0.000547912 0.000359388 0.999996 0.0025398 0.000546089 -0.00254019 0.999996 0.0446178 -0.121456 -0.0610778
FixedParameters: 0 0 0

#Transform 17
Transform: AffineTransform_float_3_3
Parameters: 1 5.08586e-05 -0.000366882 -4.91434e-05 0.999998 0.00234002 0.000366116 -0.00233998 0.999997 0.0303729 -0.112176 -0.022999
FixedParameters: 0 0 0

#Transform 18
Transform: AffineTransform_float_3_3
Parameters: 1 0.000231143 -0.000181819 -0.000230857 0.999999 0.000784041 0.000182181 -0.000783957 0.999999 0.00533393 -0.0728061 -0.0870084
FixedParameters: 0 0 0

#Transform 19
Transform: AffineTransform_float_3_3
Parameters: 1 0.000509961 4.74166e-05 -0.000509039 0.999999 0.000816975 -4.75841e-05 -0.000817024 0.999999 -0.00435693 -0.0844981 -0.054796
FixedParameters: 0 0 0

#Transform 20
Transform: AffineTransform_float_3_3
Parameters: 1 0.000231256 -0.000476876 -0.000230744 1 0.00053611 0.000477124 -0.00053589 0.999999 0.0167205 -0.0257674 0.00164922
FixedParameters: 0 0 0

#Transform 21
Transform: AffineTransform_float_3_3
Parameters: 1 -0.000208778 -0.000547468 0.000209222 0.999998 0.00223389 0.000546534 -0.00223412 0.999998 0.041631 -0.12832 0.0388833
FixedParameters: 0 0 0

#Transform 22
Transform: AffineTransform_float_3_3
Parameters: 1 -0.000194834 -0.000263123 0.000195166 1 0.000630948 0.000262877 -0.000631051 1 0.0244796 -0.0312258 -0.0914082
FixedParameters: 0 0 0

#Transform 23
Transform: AffineTransform_float_3_3
Parameters: 0.999999 -0.000137758 0.000923185 0.000139241 0.999999 -0.00134487 -0.000922813 0.00134513 0.999998 -0.00530801 -0.0428716 -0.0991875
FixedParameters: 0 0 0

#Transform 24
Transform: AffineTransform_float_3_3
Parameters: 1 0.00038853 0.000529611 -0.000387469 1 -0.00100121 -0.000530388 0.00100079 1 -0.0262692 0.00192988 -0.0837987
FixedParameters: 0 0 0

#Transform 25
Transform: AffineTransform_float_3_3
Parameters: 1 0.000311853 0.000161285 -0.000312148 0.999999 0.000913949 -0.000161715 -0.00091405 0.999999 -0.0283915 -0.0961964 0.0594942
FixedParameters: 0 0 0

#Transform 26
Transform: AffineTransform_float_3_3
Parameters: 0.999999 0.000179583 0.00122191 -0.000178417 1 -0.000477218 -0.00122209 0.000476781 0.999999 -0.0819995 -0.0375972 -0.000609998
FixedParameters: 0 0 0

#Transform 27
Transform: AffineTransform_float_3_3
Parameters: 1 0.000312367 0.00106689 -0.000311633 1 -0.000344333 -0.00106711 0.000343667 1 -0.0840104 -0.0201944 0.0424182
FixedParameters: 0 0 0

#Transform 28
Transform: AffineTransform_float_3_3
Parameters: 1 -0.000256604 0.00040725 0.000256396 1 -0.000973897 -0.000406751 0.000974105 1 -0.0112953 -0.0421892 -0.00518084
FixedParameters: 0 0 0

#Transform 29
Transform: AffineTransform_float_3_3
Parameters: 1 0.000265983 0.000509009 -0.000265017 1 3.38651e-05 -0.000508991 -3.41354e-05 1 -0.0489601 -0.065684 0.0947462
FixedParameters: 0 0 0

#Transform 30
Transform: AffineTransform_float_3_3
Parameters: 0.999997 -0.000772976 -0.00201055 0.00077702 0.999997 0.00200044 0.00200845 -0.00200256 0.999996 0.0361298 -0.140229 0.0847178
FixedParameters: 0 0 0

#Transform 31
Transform: AffineTransform_float_3_3
Parameters: 1 -0.000271363 -0.00119337 0.000272638 0.999999 0.00137168 0.00119363 -0.00137233 0.999999 -0.00811998 -0.0881682 0.117065
FixedParameters: 0 0 0

#Transform 32
Transform: AffineTransform_float_3_3
Parameters: 1 0.000455826 -0.000406195 -0.000456174 1 -0.000428815 0.000405805 0.000428185 1 -0.0536696 -0.0429153 0.0702938
FixedParameters: 0 0 0

#Transform 33
Transform: AffineTransform_float_3_3
Parameters: 0.999999 0.000455687 -0.000702202 -0.000456312 1 -0.000444679 0.000701796 0.00044532 0.999999 -0.0390116 -0.0736904 -0.0282708
FixedParameters: 0 0 0

#Transform 34
Transform: AffineTransform_float_3_3
Parameters: 0.999999 0.000901017 1.71395e-05 -0.000901983 0.999999 -0.000955016 -1.78614e-05 0.000954985 1 -0.104243 -0.0731749 0.0165878
FixedParameters: 0 0 0

#Transform 35
Transform: AffineTransform_float_3_3
Parameters: 1 0.000455454 -0.000387642 -0.000456546 0.999999 -0.00140782 0.000387357 0.00140818 0.999999 -0.0268091 -0.0536295 -0.0530535
FixedParameters: 0 0 0

#Transform 36
Transform: AffineTransform_float_3_3
Parameters: 1 0.000455709 -0.000113179 -0.00045629 0.999996 -0.00258595 0.00011182 0.00258605 0.999996 -0.0380568 -0.0157946 -0.0524149
FixedParameters: 0 0 0

#Transform 37
Transform: AffineTransform_float_3_3
Parameters: 1 -1.1788e-05 0.000165015 1.2212e-05 0.999999 -0.001285 -0.000164984 0.001285 0.999999 -0.020716 -0.0635542 0.00212242
FixedParameters: 0 0 0

#Transform 38
Transform: AffineTransform_float_3_3
Parameters: 1 -0.000104852 -0.000300704 0.000104147 0.999996 -0.00283203 0.000301296 0.00283197 0.999996 -4.35049e-05 0.0501517 -0.00218034
FixedParameters: 0 0 0

#Transform 39
Transform: AffineTransform_float_3_3
Parameters: 1 -0.000103842 5.62919e-05 0.000104157 0.999996 -0.00280899 -5.57076e-05 0.00280901 0.999996 -0.0128845 -0.0140926 -0.0385547
FixedParameters: 0 0 0

#Transform 40
Transform: AffineTransform_float_3_3
Parameters: 1 -0.000103618 0.000115344 0.00010338 0.999994 -0.00331398 -0.000114658 0.00331401 0.999994 -0.03351 0.04651 -0.0411621
FixedParameters: 0 0 0

#Transform 41
Transform: AffineTransform_float_3_3
Parameters: 1 0.000494994 -0.000302652 -0.000496008 0.999995 -0.00333385 0.000301348 0.00333415 0.999994 -0.0515621 -0.0349666 -0.0444304
FixedParameters: 0 0 0

#Transform 42
Transform: AffineTransform_float_3_3
Parameters: 0.999999 0.000927995 -3.13332e-06 -0.000928003 0.999989 -0.004454 -1.13334e-06 0.004454 0.99999 -0.0790404 0.0794039 -0.108663
FixedParameters: 0 0 0

#Transform 43
Transform: AffineTransform_float_3_3
Parameters: 0.999999 0.000928215 5.97543e-05 -0.000927788 0.999994 -0.00349706 -6.22448e-05 0.00349694 0.999994 -0.0885653 -0.0283256 -0.0382028
FixedParameters: 0 0 0

#Transform 44
Transform: AffineTransform_float_3_3
Parameters: 0.999999 0.00092791 -2.05201e-05 -0.000928086 0.999987 -0.00487098 1.54795e-05 0.00487102 0.999988 -0.0882224 0.0839554 -0.164367
FixedParameters: 0 0 0

#Transform 45
Transform: AffineTransform_float_3_3
Parameters: 0.999999 0.000927521 -0.000138253 -0.000927478 0.999994 -0.00350587 0.000134749 0.00350613 0.999994 -0.0747173 -0.0205458 -0.0968413
FixedParameters: 0 0 0

#Transform 46
Transform: AffineTransform_float_3_3
Parameters: 0.999998 0.00162221 4.24798e-05 -0.00162178 0.999988 -0.00463608 -5.05191e-05 0.00463593 0.99999 -0.106222 0.0901614 -0.189068
FixedParameters: 0 0 0

#Transform 47
Transform: AffineTransform_float_3_3
Parameters: 1 0.00114173 -5.67242e-05 -0.00114227 0.999987 -0.00501294 5.12744e-05 0.00501306 0.999988 -0.0657624 0.034589 -0.1492
FixedParameters: 0 0 0

#Transform 48
Transform: AffineTransform_float_3_3
Parameters: 1 0.00109184 -0.000232542 -0.00109316 0.999987 -0.00507275 0.000226457 0.00507325 0.999987 -0.0513764 0.0860304 -0.218099
FixedParameters: 0 0 0

#Transform 49
Transform: AffineTransform_float_3_3
Parameters: 1 0.000963514 -0.000305722 -0.000965487 0.999987 -0.0048967 0.000301276 0.00489729 0.999988 -0.030711 0.0569228 -0.144133
FixedParameters: 0 0 0

#Transform 50
Transform: AffineTransform_float_3_3
Parameters: 1 0.000355957 -0.000198878 -0.000357044 0.999986 -0.00526893 0.000197121 0.00526907 0.999986 -0.0109426 0.0871893 -0.206271
FixedParameters: 0 0 0

#Transform 51
Transform: AffineTransform_float_3_3
Parameters: 0.999999 0.000771782 0.000365259 -0.000770219 0.999988 -0.00485328 -0.000368743 0.00485372 0.999988 -0.0633401 0.0330502 -0.14227
FixedParameters: 0 0 0

#Transform 52
Transform: AffineTransform_float_3_3
Parameters: 1 0.000528362 -0.000303866 -0.000530639 0.999985 -0.00541584 0.00030113 0.00541616 0.999986 -0.0372272 0.0908009 -0.185635
FixedParameters: 0 0 0

#Transform 53
Transform: AffineTransform_float_3_3
Parameters: 1 0.000355512 -0.000302756 -0.000356489 0.999988 -0.00492789 0.000301247 0.00492811 0.999988 -0.0389466 0.0316736 -0.1604
FixedParameters: 0 0 0

#Transform 54
Transform: AffineTransform_float_3_3
Parameters: 1 0.000353801 -0.00055306 -0.000357199 0.999983 -0.0057958 0.000550939 0.0057952 0.999983 -0.0406566 0.0836314 -0.215856
FixedParameters: 0 0 0

#Transform 55
Transform: AffineTransform_float_3_3
Parameters: 1 0.00110094 -0.000190248 -0.00110206 0.999984 -0.0056718 0.000183752 0.00567221 0.999984 -0.0721717 0.0831246 -0.164013
FixedParameters: 0 0 0

#Transform 56
Transform: AffineTransform_float_3_3
Parameters: 1 0.000623218 0.000212458 -0.000621783 0.999983 -0.00568913 -0.000215541 0.00568886 0.999984 -0.0647559 0.0539109 -0.207127
FixedParameters: 0 0 0

#Transform 57
Transform: AffineTransform_float_3_3
Parameters: 0.999999 0.000626179 0.000757564 -0.000621823 0.999984 -0.00550547 -0.000760434 0.00550452 0.999984 -0.0809468 0.0761938 -0.156924
FixedParameters: 0 0 0

#Transform 58
Transform: AffineTransform_float_3_3
Parameters: 0.999999 -0.000477184 0.00135677 0.000485818 0.999984 -0.00576635 -0.00135422 0.00576666 0.999983 -0.0319517 0.0260257 -0.109702
FixedParameters: 0 0 0

#Transform 59
Transform: AffineTransform_float_3_3
Parameters: 1 0.000419809 -3.34783e-05 -0.000419187 0.999982 -0.00590198 3.05265e-05 0.00590201 0.999982 -0.0366926 0.156884 -0.144951
FixedParameters: 0 0 0

#Transform 60
Transform: AffineTransform_float_3_3
Parameters: 1 0.000256797 -3.26354e-05 -0.000256205 0.999979 -0.00636599 3.13696e-05 0.006366 0.999979 -0.0361216 0.131812 -0.0971737
FixedParameters: 0 0 0

#Transform 61
Transform: AffineTransform_float_3_3
Parameters: 0.999999 0.00078183 -3.50214e-05 -0.00078217 0.999987 -0.00514298 3.09777e-05 0.00514303 0.999987 -0.0307392 0.0507323 0.00973738
FixedParameters: 0 0 0

#Transform 62
Transform: AffineTransform_float_3_3
Parameters: 1 -0.000240122 -0.000287239 0.00023788 0.999973 -0.00736407 0.00028876 0.00736393 0.999973 -0.0359951 0.167172 -0.0298364
FixedParameters: 0 0 0

#Transform 63
Transform: AffineTransform_float_3_3
Parameters: 1 0.000566849 -3.36453e-05 -0.000566152 0.999989 -0.00466598 3.13587e-05 0.00466602 0.999989 -0.0549816 -0.0268008 -0.00941905
FixedParameters: 0 0 0

#Transform 64
Transform: AffineTransform_float_3_3
Parameters: 1 0.000359855 -3.26362e-05 -0.000360146 0.999989 -0.00454599 3.13631e-05 0.00454601 0.999989 -0.0541308 0.0703614 -0.0787278
FixedParameters: 0 0 0

#Transform 65
Transform: AffineTransform_float_3_3
Parameters: 1 -8.11838e-05 -3.05155e-05 8.08193e-05 0.999982 -0.005975 3.04834e-05 0.005975 0.999982 -0.0338362 0.0824422 0.00331696
FixedParameters: 0 0 0

#Transform 66
Transform: AffineTransform_float_3_3
Parameters: 1 8.38776e-05 -2.14838e-05 -8.41197e-05 0.999984 -0.005764 2.05155e-05 0.00576401 0.999984 -0.0325247 0.0605355 -0.130951
FixedParameters: 0 0 0

#Transform 67
Transform: AffineTransform_float_3_3
Parameters: 1 0.000392714 0.000120699 -0.000391284 0.999982 -0.00586404 -0.000123297 0.00586395 0.999983 -0.058189 0.0500825 -0.0857792
FixedParameters: 0 0 0

#Transform 68
Transform: AffineTransform_float_3_3
Parameters: 1 0.00105678 0.000121372 -0.00105622 0.99998 -0.00627413 -0.000127629 0.00627387 0.999981 -0.0916323 0.111137 -0.117851
FixedParameters: 0 0 0

#Transform 69
Transform: AffineTransform_float_3_3
Parameters: 1 0.000262573 0.000267465 -0.00026143 0.999983 -0.00586407 -0.000268538 0.00586393 0.999983 -0.0580375 0.0301118 -0.0841058
FixedParameters: 0 0 0

#Transform 70
Transform: AffineTransform_float_3_3
Parameters: 1 0.000119822 0.00045126 -0.00011718 0.999981 -0.00624806 -0.000451741 0.00624795 0.999981 -0.0494363 0.104307 -0.117627
FixedParameters: 0 0 0

#Transform 71
Transform: AffineTransform_float_3_3
Parameters: 1 0.000143954 0.000513181 -0.000141047 0.999984 -0.00575208 -0.00051382 0.00575193 0.999984 -0.0690623 0.0195544 -0.0809801
FixedParameters: 0 0 0

#Transform 72
Transform: AffineTransform_float_3_3
Parameters: 1 0.000496242 0.000445414 -0.00049376 0.999973 -0.00725022 -0.000448591 0.00724977 0.999973 -0.0930698 0.11849 0.0509472
FixedParameters: 0 0 0

#Transform 73
Transform: AffineTransform_float_3_3
Parameters: 1 0.000114868 0.00101246 -0.000110134 0.999989 -0.00480712 -0.00101254 0.00480689 0.999988 -0.0898807 -0.0157953 0.341002
FixedParameters: 0 0 0

#Transform 74
Transform: AffineTransform_float_3_3
Parameters: 1 0.000191695 0.000423791 -0.000189303 0.99998 -0.00635108 -0.000425211 0.00635092 0.999979 -0.0661662 0.146838 -0.134416
FixedParameters: 0 0 0

#Transform 75
Transform: AffineTransform_float_3_3
Parameters: 1 0.000558701 0.000421444 -0.000555302 0.99998 -0.00638124 -0.000424552 0.00638077 0.99998 -0.0948084 0.082191 -0.13261
FixedParameters: 0 0 0

#Transform 76
Transform: AffineTransform_float_3_3
Parameters: 0.999999 0.000131413 0.000836167 -0.000125588 0.999979 -0.00647011 -0.00083683 0.00646989 0.999978 -0.088475 0.120731 -0.0834756
FixedParameters: 0 0 0

#Transform 77
Transform: AffineTransform_float_3_3
Parameters: 1 7.65563e-05 0.000424547 -7.44409e-05 0.999982 -0.00601803 -0.000425456 0.00601797 0.999982 -0.0479089 0.091381 -0.146156
FixedParameters: 0 0 0

#Transform 78
Transform: AffineTransform_float_3_3
Parameters: 1 0.000130412 0.00065714 -0.000125589 0.999978 -0.00670909 -0.000657857 0.00670892 0.999978 -0.082714 0.242934 -0.385894
FixedParameters: 0 0 0

#Transform 79
Transform: AffineTransform_float_3_3
Parameters: 0.999999 0.000585956 0.000686803 -0.000581043 0.999974 -0.0071934 -0.000691197 0.0071936 0.999974 -0.0889107 0.0815178 -0.153832
FixedParameters: 0 0 0

#Transform 80
Transform: AffineTransform_float_3_3
Parameters: 1 0.000126932 0.000168301 -0.000126069 0.999984 -0.00552702 -0.000168699 0.00552698 0.999984 -0.071926 -0.0227508 -0.111214
FixedParameters: 0 0 0

#Transform 81
Transform: AffineTransform_float_3_3
Parameters: 1 0.000129868 0.000650239 -0.000125133 0.999983 -0.00594509 -0.000650755 0.00594492 0.999982 -0.0819784 0.0878156 -0.125676
FixedParameters: 0 0 0

#Transform 82
Transform: AffineTransform_float_3_3
Parameters: 0.999999 0.000129987 0.000704275 -0.000126015 0.999984 -0.00565809 -0.000704724 0.00565791 0.999983 -0.0742689 0.0778128 -0.0920489
FixedParameters: 0 0 0

#Transform 83
Transform: AffineTransform_float_3_3
Parameters: 0.999999 0.000419961 0.00136958 -0.000412037 0.999983 -0.00580757 -0.00137242 0.00580743 0.999982 -0.0871558 0.26726 -0.322723
FixedParameters: 0 0 0

#Transform 84
Transform: AffineTransform_float_3_3
Parameters: 1 0.00119069 0.000115078 -0.00118931 0.999983 -0.00581514 -0.000122919 0.00581586 0.999983 -0.0825661 0.211811 -0.129663
FixedParameters: 0 0 0

#Transform 85
Transform: AffineTransform_float_3_3
Parameters: 0.999999 0.000780593 -7.91234e-05 -0.000781406 0.999986 -0.00528094 7.48744e-05 0.00528106 0.999986 -0.0449109 0.106152 0.0176934
FixedParameters: 0 0 0

#Transform 86
Transform: AffineTransform_float_3_3
Parameters: 0.999999 0.000780542 -7.96214e-05 -0.000781454 0.999982 -0.00591894 7.43759e-05 0.00591906 0.999983 -0.0448176 0.206039 -0.000616787
FixedParameters: 0 0 0

#Transform 87
Transform: AffineTransform_float_3_3
Parameters: 1 0.000165418 -7.62762e-05 -0.00016558 0.999971 -0.00770099 7.47271e-05 0.00770102 0.999971 -0.0158796 0.194581 -0.0886569
FixedParameters: 0 0 0

#Transform 88
Transform: AffineTransform_float_3_3
Parameters: 1 -0.000141586 -7.38881e-05 0.000140413 0.999969 -0.00786901 7.51072e-05 0.00786899 0.999969 -0.00988843 0.224276 -0.135253
FixedParameters: 0 0 0

#Transform 89
Transform: AffineTransform_float_3_3
Parameters: 0.999999 0.000455252 -0.00135098 -0.000463748 0.999979 -0.00648238 0.00134802 0.00648262 0.999978 0.0218177 0.152779 -0.138065
FixedParameters: 0 0 0

#Transform 90
Transform: AffineTransform_float_3_3
Parameters: 0.999999 0.00033974 -0.00121548 -0.000345262 0.99999 -0.00432958 0.00121452 0.00433041 0.99999 0.00201625 0.0144949 0.0214941
FixedParameters: 0 0 0

#Transform 91
Transform: AffineTransform_float_3_3
Parameters: 0.999999 0.000340676 -0.00178983 -0.000345323 0.999997 -0.00241539 0.00178917 0.00241661 0.999996 0.0387129 -0.0291788 0.0981664
FixedParameters: 0 0 0

#Transform 92
Transform: AffineTransform_float_3_3
Parameters: 1 -0.000156956 -0.00104956 0.000154043 0.999996 -0.00281616 0.00105044 0.00281584 0.999996 0.0124318 -0.0679859 0.077836
FixedParameters: 0 0 0

#Transform 93
Transform: AffineTransform_float_3_3
Parameters: 1 -0.000156662 -0.000559261 0.000154335 0.999988 -0.00475609 0.000560741 0.00475591 0.999989 -0.0108071 0.113257 0.0982085
FixedParameters: 0 0 0

#Transform 94
Transform: AffineTransform_float_3_3
Parameters: 1 -0.000155636 -0.0003162 0.000154359 0.999986 -0.00516905 0.000317802 0.00516895 0.999986 -0.0304093 0.0591215 0.068635
FixedParameters: 0 0 0

#Transform 95
Transform: AffineTransform_float_3_3
Parameters: 1 0.000210388 -0.000561367 -0.000213616 0.999979 -0.00644188 0.000560635 0.00644212 0.999979 -0.0402304 0.178863 0.0326133
FixedParameters: 0 0 0

#Transform 96
Transform: AffineTransform_float_3_3
Parameters: 1 -2.96159e-05 -0.00055982 2.63829e-05 0.999979 -0.00645802 0.000560182 0.00645799 0.999979 -0.0480665 0.104959 0.0189536
FixedParameters: 0 0 0

#Transform 97
Transform: AffineTransform_float_3_3
Parameters: 1 0.000148111 -0.000561041 -0.000151889 0.999976 -0.00693791 0.000559959 0.00693808 0.999976 -0.0467814 0.179493 -0.0209155
FixedParameters: 0 0 0

#Transform 98
Transform: AffineTransform_float_3_3
Parameters: 1 4.77413e-05 -0.000694306 -5.22568e-05 0.999981 -0.00613497 0.000693692 0.00613504 0.999981 -0.0342324 0.0972881 0.0212947
FixedParameters: 0 0 0

#Transform 99
Transform: AffineTransform_float_3_3
Parameters: 1 -0.000157775 -0.000558948 0.000154225 0.999977 -0.00674709 0.000560053 0.00674691 0.999977 -0.0389482 0.173586 -0.0503212
FixedParameters: 0 0 0

#Transform 100
Transform: AffineTransform_float_3_3
Parameters: 1 -0.000157503 -0.000559025 0.000154497 0.999981 -0.00626109 0.000559978 0.00626092 0.99998 -0.0376112 0.0844539 -0.0079933
FixedParameters: 0 0 0

#Transform 101
Transform: AffineTransform_float_3_3
Parameters: 1 8.25174e-05 -6.56115e-05 -8.3478e-05 0.999972 -0.00738899 6.43849e-05 0.007389 0.999972 -0.0654268 0.180381 0.00416497
FixedParameters: 0 0 0

#Transform 102
Transform: AffineTransform_float_3_3
Parameters: 1 0.000515112 -0.00013445 -0.000515892 0.999978 -0.00669193 0.000131551 0.00669207 0.999977 -0.0856537 0.0848665 0.03335
FixedParameters: 0 0 0

#Transform 103
Transform: AffineTransform_float_3_3
Parameters: 1 0.000546586 -0.000687341 -0.00055242 0.999968 -0.00790162 0.000683656 0.00790237 0.999968 -0.0470002 0.200309 0.0162553
FixedParameters: 0 0 0

#Transform 104
Transform: AffineTransform_float_3_3
Parameters: 1 0.000213045 -0.000561516 -0.000216958 0.999975 -0.00705188 0.000560484 0.00705212 0.999975 -0.0449865 0.0823815 0.0775377
FixedParameters: 0 0 0

#Transform 105
Transform: AffineTransform_float_3_3
Parameters: 1 0.000336951 -0.000562445 -0.000341053 0.999974 -0.00721481 0.000560554 0.00721519 0.999974 -0.0473171 0.165263 0.0472123
FixedParameters: 0 0 0

#Transform 106
Transform: AffineTransform_float_3_3
Parameters: 1 -9.06353e-05 -0.00024039 8.93673e-05 0.999977 -0.00679402 0.000240613 0.00679398 0.999977 -0.0206456 0.0894269 0.0701206
FixedParameters: 0 0 0

#Transform 107
Transform: AffineTransform_float_3_3
Parameters: 1 0.000174478 0.000553609 -0.000170527 0.999968 -0.0080781 -0.000554396 0.00807791 0.999967 -0.0752357 0.209042 -0.00483173
FixedParameters: 0 0 0

#Transform 108
Transform: AffineTransform_float_3_3
Parameters: 0.999999 0.000873686 0.000224538 -0.00087231 0.999972 -0.0074032 -0.000231465 0.0074038 0.999972 -0.105813 0.109551 0.0522888
FixedParameters: 0 0 0

#Transform 109
Transform: AffineTransform_float_3_3
Parameters: 1 0.00117422 -0.000105102 -0.00117478 0.99997 -0.00774888 9.58995e-05 0.00774912 0.99997 -0.114545 0.187484 0.0485557
FixedParameters: 0 0 0

#Transform 110
Transform: AffineTransform_float_3_3
Parameters: 1 0.00034181 -0.000306461 -0.000344187 0.999974 -0.0071759 0.000303538 0.00717511 0.999974 -0.0692471 0.107805 0.0985545
FixedParameters: 0 0 0

#Transform 111
Transform: AffineTransform_float_3_3
Parameters: 1 0.000111981 -0.000560817 -0.00011602 0.999975 -0.00717094 0.000560182 0.00717107 0.999974 -0.0640866 0.134859 0.136836
FixedParameters: 0 0 0

#Transform 112
Transform: AffineTransform_float_3_3
Parameters: 0.999999 0.000717136 -0.000214336 -0.000719869 0.999961 -0.00882285 0.000208657 0.00882315 0.999961 -0.0798002 0.117103 0.147697
FixedParameters: 0 0 0

#Transform 113
Transform: AffineTransform_float_3_3
Parameters: 1 -0.00024893 5.97058e-06 0.00024907 0.9998 -0.019963 -1.02802e-06 0.019963 0.9998 -0.0511827 0.313519 -0.26069
FixedParameters: 0 0 0

#Transform 114
Transform: AffineTransform_float_3_3
Parameters: 0.999999 0.00126731 0.000343567 -0.00124073 0.997681 -0.0680415 -0.000428413 0.0680405 0.997683 -0.270365 0.951352 -1.55756
FixedParameters: 0 0 0

#Transform 115
Transform: AffineTransform_float_3_3
Parameters: 0.999999 0.00128216 0.00113531 -0.00124482 0.999454 -0.0329964 -0.00117771 0.0329945 0.999455 -0.173051 0.388101 -0.324698
FixedParameters: 0 0 0

#Transform 116
Transform: AffineTransform_float_3_3
Parameters: 0.999997 0.00214242 -5.01392e-05 -0.00214357 0.999642 -0.026662 -7.15457e-06 0.0266621 0.999645 -0.163026 0.301001 -0.163271
FixedParameters: 0 0 0

#Transform 117
Transform: AffineTransform_float_3_3
Parameters: 1 0.00097931 -0.000637147 -0.000988688 0.999881 -0.0153894 0.000621858 0.0153906 0.999882 -0.0869898 0.00580878 0.173253
FixedParameters: 0 0 0

#Transform 118
Transform: AffineTransform_float_3_3
Parameters: 0.999999 0.000628357 -0.00136767 -0.000648648 0.999885 -0.0151461 0.00135833 0.0151469 0.999885 -0.0159367 0.0404027 0.129855
FixedParameters: 0 0 0

#Transform 119
Transform: AffineTransform_float_3_3
Parameters: 0.999989 -0.000550904 -0.00464239 0.000492103 0.999919 -0.0126794 0.00464861 0.0126776 0.999909 0.0887398 -0.0103978 0.10234
FixedParameters: 0 0 0

#Transform 120
Transform: AffineTransform_float_3_3
Parameters: 0.999994 4.69047e-05 -0.00343086 -9.00963e-05 0.999921 -0.0125618 0.00343014 0.0125622 0.999915 0.0486561 -0.0508315 0.159298
FixedParameters: 0 0 0

#Transform 121
Transform: AffineTransform_float_3_3
Parameters: 0.999993 -2.34279e-05 -0.003738 -2.2428e-05 0.999923 -0.01242 0.00373801 0.01242 0.999916 0.0792017 -0.146778 0.187219
FixedParameters: 0 0 0

#Transform 122
Transform: AffineTransform_float_3_3
Parameters: 0.999992 0.00096125 -0.00386031 -0.00101676 0.999895 -0.0144652 0.00384669 0.0144698 0.999888 0.0461569 0.0721316 -0.0162991
FixedParameters: 0 0 0

#Transform 123
Transform: AffineTransform_float_3_3
Parameters: 0.999966 0.00223069 -0.00785685 -0.00238331 0.999809 -0.0194299 0.00781215 0.0194481 0.999781 0.227959 0.246204 -0.245418
FixedParameters: 0 0 0

#Transform 124
Transform: AffineTransform_float_3_3
Parameters: 0.999976 0.00230399 -0.00655884 -0.00240902 0.999869 -0.0160486 0.00652116 0.0160634 0.999849 0.111608 0.139771 0.0964681
FixedParameters: 0 0 0

#Transform 125
Transform: AffineTransform_float_3_3
Parameters: 0.999981 0.00204587 -0.00583292 -0.00213213 0.999888 -0.0147978 0.00580207 0.0148101 0.999873 0.0480388 -0.00861535 0.107748
FixedParameters: 0 0 0

#Transform 126
Transform: AffineTransform_float_3_3
Parameters: 0.999984 0.00193099 -0.0053343 -0.002018 0.999864 -0.0163535 0.0053017 0.0163645 0.999852 0.0499357 0.0949978 0.0675244
FixedParameters: 0 0 0

#Transform 127
Transform: AffineTransform_float_3_3
Parameters: 0.999985 0.00194252 -0.00510536 -0.00201749 0.999888 -0.0148219 0.00507665 0.0148321 0.999877 0.023058 -0.0228926 0.0946963
FixedParameters: 0 0 0

#Transform 128
Transform: AffineTransform_float_3_3
Parameters: 0.999975 0.00345076 -0.00607324 -0.00355224 0.999851 -0.0169058 0.00601377 0.0169262 0.999838 0.00535007 0.0710673 0.0409178
FixedParameters: 0 0 0

#Transform 129
Transform: AffineTransform_float_3_3
Parameters: 0.999977 0.00295569 -0.00600137 -0.00305032 0.999871 -0.015767 0.00595461 0.0157849 0.999857 -0.00534226 -0.00531673 0.108446
FixedParameters: 0 0 0

#Transform 130
Transform: AffineTransform_float_3_3
Parameters: 0.999978 0.0030517 -0.00588785 -0.00314629 0.999866 -0.0160738 0.00583716 0.0160922 0.999854 -0.0201821 0.0581775 0.0867823
FixedParameters: 0 0 0

#Transform 131
Transform: AffineTransform_float_3_3
Parameters: 0.999984 0.00209966 -0.00528604 -0.00218134 0.999878 -0.0154287 0.00525296 0.0154403 0.999867 0.0171906 0.0276526 0.0601826
FixedParameters: 0 0 0

#Transform 132
Transform: AffineTransform_float_3_3
Parameters: 0.999987 0.00166895 -0.00472742 -0.00174106 0.999878 -0.015491 0.00470158 0.015499 0.999869 0.0304295 0.0557387 0.0864273
FixedParameters: 0 0 0

#Transform 133
Transform: AffineTransform_float_3_3
Parameters: 0.999986 0.00219436 -0.00472439 -0.00226865 0.999872 -0.0158515 0.00468961 0.0158625 0.999863 0.020233 0.0585871 0.0141174
FixedParameters: 0 0 0

#Transform 134
Transform: AffineTransform_float_3_3
Parameters: 0.999986 0.00257449 -0.00476558 -0.0026505 0.99987 -0.0159076 0.00472342 0.0159204 0.999862 0.0228969 0.0393271 0.0580767
FixedParameters: 0 0 0

#Transform 135
Transform: AffineTransform_float_3_3
Parameters: 0.999985 0.00281059 -0.00454416 -0.00288641 0.999853 -0.0168971 0.00449585 0.0169099 0.999847 0.00208536 0.106963 -0.0264276
FixedParameters: 0 0 0

#Transform 136
Transform: AffineTransform_float_3_3
Parameters: 0.999988 0.00245137 -0.004411 -0.00252163 0.999867 -0.0160781 0.00437101 0.0160889 0.999861 0.00426297 0.0482211 0.0533447
FixedParameters: 0 0 0

#Transform 137
Transform: AffineTransform_float_3_3
Parameters: 0.99999 0.00166867 -0.00429819 -0.00174132 0.999852 -0.0171127 0.00426882 0.0171203 0.999845 0.015774 0.0738507 0.0681242
FixedParameters: 0 0 0

#Transform 138
Transform: AffineTransform_float_3_3
Parameters: 0.999986 0.0022589 -0.004681 -0.0023381 0.999854 -0.0169613 0.004642 0.0169717 0.999845 0.0171313 0.115203 0.0672518
FixedParameters: 0 0 0

#Transform 139
Transform: AffineTransform_float_3_3
Parameters: 0.999988 0.00207441 -0.00448474 -0.00215059 0.999854 -0.0169146 0.00444925 0.0169244 0.999847 0.0139178 0.0206092 0.0864574
FixedParameters: 0 0 0

#Transform 140
Transform: AffineTransform_float_3_3
Parameters: 0.999988 0.00212183 -0.00441543 -0.00220118 0.999832 -0.0182325 0.00437659 0.0182415 0.999824 0.0333426 0.13506 -0.00986419
FixedParameters: 0 0 0

#Transform 141
Transform: AffineTransform_float_3_3
Parameters: 0.999982 0.00272973 -0.00520435 -0.00282028 0.999845 -0.0174166 0.00515664 0.0174314 0.999835 0.0139688 0.0578151 0.0205623
FixedParameters: 0 0 0

#Transform 142
Transform: AffineTransform_float_3_3
Parameters: 0.99998 0.00408231 -0.00495879 -0.0041747 0.999814 -0.0188287 0.00488122 0.0188493 0.999811 -0.0536263 0.199954 -0.0331192
FixedParameters: 0 0 0

#Transform 143
Transform: AffineTransform_float_3_3
Parameters: 0.999978 0.00473444 -0.00450003 -0.00481256 0.999838 -0.0173837 0.00441696 0.0174043 0.999839 -0.0911437 0.0469699 0.0367818
FixedParameters: 0 0 0

#Transform 144
Transform: AffineTransform_float_3_3
Parameters: 0.999982 0.00364378 -0.00478968 -0.00372622 0.999844 -0.0172705 0.00472632 0.0172875 0.99984 -0.0125607 0.1023 -0.0176481
FixedParameters: 0 0 0

#Transform 145
Transform: AffineTransform_float_3_3
Parameters: 0.999982 0.00373781 -0.0047078 -0.00381819 0.999846 -0.0171413 0.0046432 0.0171587 0.999842 -0.0435905 0.0841019 0.0560596
FixedParameters: 0 0 0

#Transform 146
Transform: AffineTransform_float_3_3
Parameters: 0.999982 0.00440489 -0.00392951 -0.0044781 0.999814 -0.0187937 0.00384548 0.0188113 0.999815 -0.064787 0.192394 -0.0408604
FixedParameters: 0 0 0

#Transform 147
Transform: AffineTransform_float_3_3
Parameters: 0.999985 0.00390007 -0.0037036 -0.00396494 0.999835 -0.0176896 0.0036344 0.0177034 0.999836 -0.0474332 0.0525874 0.014221
FixedParameters: 0 0 0

#Transform 148
Transform: AffineTransform_float_3_3
Parameters: 0.999987 0.00292688 -0.00434951 -0.00301211 0.999802 -0.0196942 0.00429049 0.0197078 0.999796 0.0304298 0.191461 0.0120471
FixedParameters: 0 0 0

#Transform 149
Transform: AffineTransform_float_3_3
Parameters: 0.999985 0.0028168 -0.00469085 -0.0028952 0.999855 -0.0167477 0.00464314 0.0167613 0.999848 0.0311452 0.0545897 0.135717
FixedParameters: 0 0 0

#Transform 150
Transform: AffineTransform_float_3_3
Parameters: 0.999986 0.0022267 -0.00468155 -0.00230529 0.999853 -0.0170014 0.00464246 0.0170126 0.999845 0.0508554 0.0976947 0.0362296
FixedParameters: 0 0 0

#Transform 151
Transform: AffineTransform_float_3_3
Parameters: 0.999986 0.00218258 -0.00480095 -0.0022594 0.999866 -0.0161794 0.00476406 0.0161896 0.999857 0.0670717 0.0987191 0.0595715
FixedParameters: 0 0 0

#Transform 152
Transform: AffineTransform_float_3_3
Parameters: 0.999982 0.00317594 -0.00499574 -0.00326506 0.999834 -0.017921 0.00493825 0.017937 0.999827 0.0545078 0.130741 -0.0492694
FixedParameters: 0 0 0

#Transform 153
Transform: AffineTransform_float_3_3
Parameters: 0.999982 0.00345293 -0.00485662 -0.00353808 0.999838 -0.0176191 0.00479538 0.0176359 0.999833 0.0252384 0.0836495 8.52828e-05
FixedParameters: 0 0 0

#Transform 154
Transform: AffineTransform_float_3_3
Parameters: 0.999982 0.00360019 -0.00483697 -0.00368181 0.999849 -0.0170115 0.00477502 0.0170295 0.999843 0.0171261 0.0992618 0.0774759
FixedParameters: 0 0 0

#Transform 155
Transform: AffineTransform_float_3_3
Parameters: 0.999983 0.00376977 -0.00442191 -0.00384824 0.999834 -0.0178193 0.00435409 0.0178357 0.999832 0.00168581 0.133219 0.02093
FixedParameters: 0 0 0

#Transform 156
Transform: AffineTransform_float_3_3
Parameters: 0.999981 0.00374773 -0.00484301 -0.00383427 0.999832 -0.0179288 0.00477499 0.0179472 0.999827 0.0216885 0.109504 0.0873356
FixedParameters: 0 0 0

#Transform 157
Transform: AffineTransform_float_3_3
Parameters: 0.999983 0.00405351 -0.00418545 -0.0041275 0.999835 -0.017701 0.00411355 0.017718 0.999835 0.00952119 0.147177 -0.00878139
FixedParameters: 0 0 0

#Transform 158
Transform: AffineTransform_float_3_3
Parameters: 0.999984 0.00409827 -0.00405097 -0.00417173 0.999822 -0.0183624 0.00397504 0.0183786 0.999823 0.0146934 0.153029 0.0100636
FixedParameters: 0 0 0

#Transform 159
Transform: AffineTransform_float_3_3
Parameters: 0.999982 0.00416523 -0.00434588 -0.00424477 0.999824 -0.0182749 0.0042691 0.0182931 0.999823 0.0185846 0.149573 -0.0181149
FixedParameters: 0 0 0

#Transform 160
Transform: AffineTransform_float_3_3
Parameters: 0.99998 0.00421736 -0.00476117 -0.00430466 0.999822 -0.0183369 0.00468381 0.0183561 0.99982 -0.0115521 0.167231 0.0440813
FixedParameters: 0 0 0

#Transform 161
Transform: AffineTransform_float_3_3
Parameters: 0.99998 0.00422347 -0.00467208 -0.00430453 0.99984 -0.0173632 0.00459791 0.0173828 0.999839 0.035589 0.142507 -0.0221087
FixedParameters: 0 0 0

#Transform 162
Transform: AffineTransform_float_3_3
Parameters: 0.999984 0.00334799 -0.00466652 -0.00342 0.999874 -0.0155093 0.00461349 0.0155247 0.999869 0.0524312 0.0690117 0.0710575
FixedParameters: 0 0 0

#Transform 163
Transform: AffineTransform_float_3_3
Parameters: 0.999981 0.00404736 -0.00464196 -0.00412365 0.999854 -0.0166222 0.00457405 0.0166408 0.999851 0.038022 0.165988 0.023258
FixedParameters: 0 0 0

#Transform 164
Transform: AffineTransform_float_3_3
Parameters: 0.999971 0.00498315 -0.00586178 -0.00508786 0.999825 -0.0180107 0.00577123 0.0180393 0.99982 0.129623 0.522562 -0.471901
FixedParameters: 0 0 0

#Transform 165
Transform: AffineTransform_float_3_3
Parameters: 0.999899 0.00791098 -0.0117482 -0.00803901 0.999909 -0.0108896 0.0116608 0.0109834 0.999871 0.329366 2.16076 -1.06844
FixedParameters: 0 0 0

#Transform 166
Transform: AffineTransform_float_3_3
Parameters: 0.999996 0.00269238 -0.000599832 -0.00270262 0.999826 -0.0184694 0.000550177 0.0184706 0.999829 0.246371 1.01331 0.364572
FixedParameters: 0 0 0

#Transform 167
Transform: AffineTransform_float_3_3
Parameters: 0.999998 0.00145393 -0.000630352 -0.00146308 0.999892 -0.0146391 0.000609646 0.0146399 0.999892 0.0952398 0.475198 0.486895
FixedParameters: 0 0 0

#Transform 168
Transform: AffineTransform_float_3_3
Parameters: 0.999998 0.00158993 -0.000560427 -0.00159807 0.99989 -0.0146961 0.00053757 0.0146979 0.999892 0.0541374 0.52884 0.463217
FixedParameters: 0 0 0

#Transform 169
Transform: AffineTransform_float_3_3
Parameters: 0.999999 0.00133191 -0.000270035 -0.00133609 0.999875 -0.0157676 0.000248963 0.0157683 0.999875 0.0391807 0.463421 0.439071
FixedParameters: 0 0 0

#Transform 170
Transform: AffineTransform_float_3_3
Parameters: 0.999998 0.00210105 0.000876405 -0.00208096 0.999749 -0.0222819 -0.000922596 0.0222801 0.999752 -0.0682181 0.682923 0.267651
FixedParameters: 0 0 0

#Transform 171
Transform: AffineTransform_float_3_3
Parameters: 0.999999 0.00128023 0.00132467 -0.00124676 0.999692 -0.0247887 -0.00135632 0.0247873 0.999692 -0.073036 0.70034 0.208912
FixedParameters: 0 0 0

#Transform 172
Transform: AffineTransform_float_3_3
Parameters: 0.999998 0.00145086 0.000771074 -0.00143414 0.999769 -0.0214381 -0.000801928 0.0214369 0.99977 -0.0476367 0.471356 0.288022
FixedParameters: 0 0 0

#Transform 173
Transform: AffineTransform_float_3_3
Parameters: 0.999999 0.00105838 -0.000835191 -0.00107362 0.99982 -0.0189351 0.000814817 0.0189359 0.999821 0.0801873 0.555813 0.326584
FixedParameters: 0 0 0

#Transform 174
Transform: AffineTransform_float_3_3
Parameters: 0.999999 0.00132062 -0.000373341 -0.00132737 0.999843 -0.0176295 0.000349654 0.0176295 0.999845 0.00796284 0.387292 0.434079
FixedParameters: 0 0 0

#Transform 175
Transform: AffineTransform_float_3_3
Parameters: 0.999998 0.00194582 -0.000287549 -0.00195119 0.999813 -0.0192695 0.000250449 0.0192695 0.999815 -0.0242433 0.537383 0.323641
FixedParameters: 0 0 0

#Transform 176
Transform: AffineTransform_float_3_3
Parameters: 0.999998 0.00167528 -0.00091247 -0.00169073 0.999846 -0.0175065 0.000883535 0.0175085 0.999847 -0.0176198 0.421234 0.38628
FixedParameters: 0 0 0

#Transform 177
Transform: AffineTransform_float_3_3
Parameters: 0.999977 0.00399378 -0.00535175 -0.00433324 0.997879 -0.0649503 0.00508124 0.0649718 0.997874 -0.104124 1.45661 -1.05561
FixedParameters: 0 0 0

#Transform 178
Transform: AffineTransform_float_3_3
Parameters: 0.999992 0.00205663 -0.00361599 -0.00222837 0.998842 -0.0480443 0.00351299 0.0480516 0.998838 0.000831924 1.24442 -0.612659
FixedParameters: 0 0 0

#Transform 179
Transform: AffineTransform_float_3_3
Parameters: 0.999991 0.00218608 -0.00357871 -0.0023099 0.999384 -0.034998 0.00349929 0.0350059 0.999381 -0.00844812 0.742876 -0.160817
FixedParameters: 0 0 0

#Transform 180
Transform: AffineTransform_float_3_3
Parameters: 0.999992 0.00332661 -0.00232968 -0.00340636 0.999384 -0.0349453 0.0022113 0.0349536 0.999386 -0.143312 0.755249 -0.192625
FixedParameters: 0 0 0

#Transform 181
Transform: AffineTransform_float_3_3
Parameters: 0.999994 0.00300763 -0.00144132 -0.00305435 0.999414 -0.0340728 0.0013377 0.0340772 0.999419 -0.167017 0.722895 -0.178175
FixedParameters: 0 0 0

#Transform 182
Transform: AffineTransform_float_3_3
Parameters: 0.999995 0.00237343 -0.00199928 -0.0024376 0.999455 -0.0329413 0.00192074 0.0329457 0.999456 -0.102471 0.666846 -0.203243
FixedParameters: 0 0 0

#Transform 183
Transform: AffineTransform_float_3_3
Parameters: 0.999993 0.00291961 -0.0020155 -0.0029824 0.999493 -0.0316762 0.00192249 0.0316818 0.999496 -0.131799 0.657292 -0.126591
FixedParameters: 0 0 0

#Transform 184
Transform: AffineTransform_float_3_3
Parameters: 0.999994 0.00287145 -0.00181283 -0.00292755 0.999483 -0.0320019 0.00172019 0.0320061 0.999486 -0.168853 0.653988 -0.250824
FixedParameters: 0 0 0

#Transform 185
Transform: AffineTransform_float_3_3
Parameters: 0.999992 0.00364404 -0.00200864 -0.00370897 0.999437 -0.0333458 0.00188636 0.0333522 0.999442 -0.177093 0.73506 -0.229404
FixedParameters: 0 0 0

#Transform 186
Transform: AffineTransform_float_3_3
Parameters: 0.999986 0.00464155 -0.00252486 -0.00472342 0.999435 -0.0332725 0.00236813 0.0332835 0.999443 -0.196561 0.67959 -0.300079
FixedParameters: 0 0 0

#Transform 187
Transform: AffineTransform_float_3_3
Parameters: 0.999989 0.00425052 -0.00209561 -0.00431649 0.999453 -0.0328103 0.00195541 0.0328187 0.99946 -0.193205 0.740087 -0.268013
FixedParameters: 0 0 0

#Transform 188
Transform: AffineTransform_float_3_3
Parameters: 0.999994 0.002867 -0.00205916 -0.00293099 0.99949 -0.0317791 0.00196684 0.0317848 0.999493 -0.113416 0.625864 -0.232802
FixedParameters: 0 0 0

#Transform 189
Transform: AffineTransform_float_3_3
