#Insight Transform File V1.0
#Transform 0
Transform: AffineTransform_float_3_3
Parameters: 0.999996 -0.00237836 0.00106331 0.00236864 0.999959 0.00871655 -0.00108368 -0.00871346 0.999962 0.163943 -0.535136 -0.288995
FixedParameters: 0 0 0

#Transform 1
Transform: AffineTransform_float_3_3
Parameters: 0.999996 -0.00222359 0.00150263 0.00220841 0.999951 0.00964336 -0.00152336 -0.00963965 0.999953 0.122152 -0.579101 -0.360696
FixedParameters: 0 0 0

#Transform 2
Transform: AffineTransform_float_3_3
Parameters: 0.999996 -0.00245981 0.00149998 0.00244519 0.999949 0.00979671 -0.00152402 -0.00979329 0.999951 0.119713 -0.575382 -0.397274
FixedParameters: 0 0 0

#Transform 3
Transform: AffineTransform_float_3_3
Parameters: 0.999996 -0.00265235 0.00149713 0.00263666 0.999945 0.010161 -0.00152387 -0.010157 0.999948 0.108554 -0.576026 -0.315876
FixedParameters: 0 0 0

#Transform 4
Transform: AffineTransform_float_3_3
Parameters: 0.999996 -0.00265256 0.00149675 0.00263644 0.999944 0.010304 -0.00152424 -0.0103 0.999946 0.127121 -0.555634 -0.286737
FixedParameters: 0 0 0

#Transform 5
Transform: AffineTransform_float_3_3
Parameters: 0.999994 -0.0026578 0.00193778 0.00263719 0.999939 0.0106622 -0.00196622 -0.0106568 0.999942 0.0959635 -0.599737 -0.374364
FixedParameters: 0 0 0

#Transform 6
Transform: AffineTransform_float_3_3
Parameters: 0.999996 -0.00151818 0.00239297 0.00149182 0.999935 0.0113196 -0.00241004 -0.0113154 0.999933 0.0197046 -0.640929 -0.452847
FixedParameters: 0 0 0

#Transform 7
Transform: AffineTransform_float_3_3
Parameters: 0.999995 -0.00170949 0.00244606 0.0016845 0.999949 0.00998116 -0.00246293 -0.00997683 0.999947 0.0320217 -0.595305 -0.467771
FixedParameters: 0 0 0

#Transform 8
Transform: AffineTransform_float_3_3
Parameters: 0.999997 -0.00170663 0.0021369 0.00168437 0.999947 0.0100836 -0.00215409 -0.0100794 0.999947 0.0513707 -0.563761 -0.460458
FixedParameters: 0 0 0

#Transform 9
Transform: AffineTransform_float_3_3
Parameters: 0.999995 -0.00240096 0.00178104 0.00238304 0.999947 0.0100203 -0.00180497 -0.0100167 0.999948 0.102112 -0.613937 -0.400339
FixedParameters: 0 0 0

#Transform 10
Transform: AffineTransform_float_3_3
Parameters: 0.999994 -0.00241312 0.0025114 0.00238288 0.999926 0.0119291 -0.0025396 -0.0119229 0.999925 0.0316749 -0.807356 -0.192385
FixedParameters: 0 0 0

#Transform 11
Transform: AffineTransform_float_3_3
Parameters: 0.999996 -0.0024019 0.00187201 0.0023831 0.999947 0.0100315 -0.001896 -0.0100275 0.999948 0.0880992 -0.689745 -0.243469
FixedParameters: 0 0 0

#Transform 12
Transform: AffineTransform_float_3_3
Parameters: 0.999996 -0.00239567 0.00151009 0.00238334 0.999963 0.00833464 -0.00152991 -0.00833037 0.999964 0.112806 -0.485711 -0.470782
FixedParameters: 0 0 0

#Transform 13
Transform: AffineTransform_float_3_3
Parameters: 0.999996 -0.00239504 0.00151109 0.00238297 0.999966 0.00791663 -0.00152991 -0.00791336 0.999967 0.117075 -0.438005 -0.436748
FixedParameters: 0 0 0

#Transform 14
Transform: AffineTransform_float_3_3
Parameters: 0.999996 -0.00239582 0.00150984 0.00238318 0.999961 0.00843763 -0.00153016 -0.00843437 0.999964 0.112659 -0.518945 -0.427819
FixedParameters: 0 0 0

#Transform 15
Transform: AffineTransform_float_3_3
Parameters: 0.999996 -0.00258181 0.00114433 0.00257319 0.999967 0.00763397 -0.00116367 -0.00763102 0.99997 0.136108 -0.439401 -0.416837
FixedParameters: 0 0 0

#Transform 16
Transform: AffineTransform_float_3_3
Parameters: 0.999996 -0.00239611 0.00150939 0.00238289 0.99996 0.00862663 -0.00153061 -0.00862236 0.999961 0.110243 -0.536541 -0.423822
FixedParameters: 0 0 0

#Transform 17
Transform: AffineTransform_float_3_3
Parameters: 0.999995 -0.0028177 0.00151019 0.0028073 0.999971 0.00704428 -0.00152981 -0.00703973 0.999974 0.117332 -0.394739 -0.394863
FixedParameters: 0 0 0

#Transform 18
Transform: AffineTransform_float_3_3
Parameters: 0.999997 -0.00239113 0.00123033 0.00238287 0.999975 0.00656695 -0.00124667 -0.00656404 0.999977 0.0967876 -0.423676 -0.442073
FixedParameters: 0 0 0

#Transform 19
Transform: AffineTransform_float_3_3
Parameters: 0.999999 -0.000590698 -0.000434353 0.000588303 0.99998 -0.00618725 0.000437648 0.00618674 0.999981 0.0634124 0.30798 0.121665
FixedParameters: 0 0 0

#Transform 20
Transform: AffineTransform_float_3_3
Parameters: 1 -1.63497e-05 -0.00056399 1.56503e-05 1 -0.000620009 0.00056401 0.000619991 0.999999 0.0267388 0.0330026 0.0260931
FixedParameters: 0 0 0

#Transform 21
Transform: AffineTransform_float_3_3
Parameters: 1 -0.000383019 3.37893e-05 0.000382982 1 0.000550013 -3.32106e-05 -0.000549987 1 0.027446 -0.0069576 -0.094077
FixedParameters: 0 0 0

#Transform 22
Transform: AffineTransform_float_3_3
Parameters: 1 -0.000664999 -8.90033e-05 0.000665 1 4.94081e-06 8.89966e-05 -5.05918e-06 1 0.0880592 0.0422617 -0.163006
FixedParameters: 0 0 0

#Transform 23
Transform: AffineTransform_float_3_3
Parameters: 1 -0.000655393 0.000251978 0.000655606 0.999998 0.00156016 -0.000253023 -0.00155983 0.999999 0.0377134 -0.125546 -0.127803
FixedParameters: 0 0 0

#Transform 24
Transform: AffineTransform_float_3_3
Parameters: 1 -0.0007607 0.000670208 0.000760302 0.999999 0.00104251 -0.000670794 -0.00104249 0.999999 -0.000665201 -0.0768479 -0.183849
FixedParameters: 0 0 0

#Transform 25
Transform: AffineTransform_float_3_3
Parameters: 1 -0.000840601 0.000670249 0.000840401 0.999999 0.000894564 -0.000670753 -0.000894437 1 0.0117716 -0.0535459 -0.14227
FixedParameters: 0 0 0

#Transform 26
Transform: AffineTransform_float_3_3
Parameters: 1 -0.000840891 0.000669884 0.000840109 0.999999 0.00132856 -0.000671117 -0.00132844 0.999999 0.0178009 -0.110926 -0.171895
FixedParameters: 0 0 0

#Transform 27
Transform: AffineTransform_float_3_3
Parameters: 1 -0.00100329 0.000471386 0.00100271 1 0.000612473 -0.000471614 -0.000611527 0.999999 0.0461528 -0.0185289 -0.160372
FixedParameters: 0 0 0

#Transform 28
Transform: AffineTransform_float_3_3
Parameters: 1 -0.000840938 0.000669823 0.000840061 0.999998 0.00140056 -0.000671177 -0.00139944 0.999999 0.0186997 -0.11191 -0.131658
FixedParameters: 0 0 0

#Transform 29
Transform: AffineTransform_float_3_3
Parameters: 0.999999 -0.000840171 0.000442674 0.000840827 0.999999 0.000388372 -0.000443327 -0.000388627 1 0.0365951 -0.0035937 -0.165152
FixedParameters: 0 0 0

#Transform 30
Transform: AffineTransform_float_3_3
Parameters: 1 -0.000840639 0.000556036 0.000840362 0.999999 0.00114747 -0.000556964 -0.00114653 0.999999 0.0253926 -0.0988522 -0.119664
FixedParameters: 0 0 0

#Transform 31
Transform: AffineTransform_float_3_3
Parameters: 1 -0.000840253 0.000670683 0.000840747 0.999999 0.000377564 -0.000671318 -0.000377436 0.999999 0.030927 -0.0304717 -0.169453
FixedParameters: 0 0 0

#Transform 32
Transform: AffineTransform_float_3_3
Parameters: 1 -0.000840536 0.000670331 0.000840465 1 0.000797564 -0.000671671 -0.000797437 1 0.030969 -0.0566838 -0.13968
FixedParameters: 0 0 0

#Transform 33
Transform: AffineTransform_float_3_3
Parameters: 1 -0.000840637 0.000670203 0.000840364 0.999999 0.000949564 -0.000670798 -0.000948437 1 0.0309156 -0.0431913 -0.202237
FixedParameters: 0 0 0

#Transform 34
Transform: AffineTransform_float_3_3
Parameters: 0.999999 -0.00124243 0.000223631 0.00124157 0.999998 0.00190728 -0.000226369 -0.00190772 0.999998 0.0737603 -0.147008 -0.215573
FixedParameters: 0 0 0

#Transform 35
Transform: AffineTransform_float_3_3
Parameters: 0.999999 -0.00124644 0.000239739 0.00124556 0.999997 0.0018143 -0.000242261 -0.0018147 0.999999 0.0646033 -0.128735 -0.284756
FixedParameters: 0 0 0

#Transform 36
Transform: AffineTransform_float_3_3
Parameters: 0.999999 -0.00126433 0.000240253 0.00126467 0.999998 0.00138231 -0.000242748 -0.00138169 0.999999 0.0788272 -0.0931763 -0.207354
FixedParameters: 0 0 0

#Transform 37
Transform: AffineTransform_float_3_3
Parameters: 1 -0.00117569 0.000238607 0.00117531 0.999995 0.00288728 -0.000242394 -0.00288672 0.999996 0.0634927 -0.238976 -0.237857
FixedParameters: 0 0 0

#Transform 38
Transform: AffineTransform_float_3_3
Parameters: 1 -0.00116652 0.000239471 0.00116548 0.999997 0.00216828 -0.000242527 -0.00216772 0.999997 0.0633486 -0.166624 -0.215559
FixedParameters: 0 0 0

#Transform 39
Transform: AffineTransform_float_3_3
Parameters: 1 -0.00107752 0.000239664 0.00107648 0.999997 0.00216826 -0.000242334 -0.00216774 0.999997 0.0618147 -0.178011 -0.228567
FixedParameters: 0 0 0

#Transform 40
Transform: AffineTransform_float_3_3
Parameters: 1 -0.00112752 0.000239556 0.00112748 0.999997 0.00216827 -0.000242445 -0.00216773 0.999997 0.0625742 -0.159618 -0.25029
FixedParameters: 0 0 0

#Transform 41
Transform: AffineTransform_float_3_3
Parameters: 1 -0.00104961 0.000239347 0.00104839 0.999997 0.00252825 -0.000242651 -0.00252775 0.999997 0.0613111 -0.172186 -0.244171
FixedParameters: 0 0 0

#Transform 42
Transform: AffineTransform_float_3_3
Parameters: 0.999999 -0.000840879 0.000341846 0.000840121 0.999997 0.00256229 -0.000344154 -0.00256271 0.999996 0.0512957 -0.202737 -0.243621
FixedParameters: 0 0 0

#Transform 43
Transform: AffineTransform_float_3_3
Parameters: 1 -0.00111252 0.000239588 0.00111248 0.999997 0.00216827 -0.000242412 -0.00216773 0.999997 0.0623386 -0.14691 -0.300665
FixedParameters: 0 0 0

#Transform 44
Transform: AffineTransform_float_3_3
Parameters: 0.999999 -0.00138152 0.000239005 0.00138048 0.999996 0.00216833 -0.000242993 -0.00216766 0.999997 0.0669664 -0.141222 -0.273707
FixedParameters: 0 0 0

#Transform 45
Transform: AffineTransform_float_3_3
Parameters: 0.999999 -0.00127077 0.000237938 0.00127023 0.999994 0.0031973 -0.000242063 -0.00319769 0.999995 0.0703936 -0.274251 -0.323256
FixedParameters: 0 0 0

#Transform 46
Transform: AffineTransform_float_3_3
Parameters: 1 -0.0010759 0.000237951 0.0010751 0.999993 0.00376526 -0.00024205 -0.00376574 0.999993 0.0618674 -0.268978 -0.297735
FixedParameters: 0 0 0

#Transform 47
Transform: AffineTransform_float_3_3
Parameters: 0.999999 -0.000905736 0.000239228 0.00090526 0.999995 0.00306222 -0.000242773 -0.00306178 0.999996 0.0586698 -0.125558 -0.329107
FixedParameters: 0 0 0

#Transform 48
Transform: AffineTransform_float_3_3
Parameters: 1 -0.00109856 0.000168369 0.00109744 0.999994 0.00330619 -0.000171629 -0.00330581 0.999995 0.0666996 -0.27068 -0.230638
FixedParameters: 0 0 0

#Transform 49
Transform: AffineTransform_float_3_3
Parameters: 1 -0.00105912 0.000343574 0.00105788 0.999994 0.00323637 -0.000347426 -0.00323663 0.999994 0.0550227 -0.241203 -0.281217
FixedParameters: 0 0 0

#Transform 50
Transform: AffineTransform_float_3_3
Parameters: 1 -0.00116178 0.000238242 0.00116122 0.999994 0.00323628 -0.000242759 -0.00323572 0.999994 0.0632851 -0.229756 -0.203206
FixedParameters: 0 0 0

#Transform 51
Transform: AffineTransform_float_3_3
Parameters: 0.999999 -0.000911676 0.000239436 0.000911321 0.999995 0.00281322 -0.000242564 -0.00281278 0.999996 0.0588718 -0.187647 -0.264038
FixedParameters: 0 0 0

#Transform 52
Transform: AffineTransform_float_3_3
Parameters: 1 -0.000991089 0.000296384 0.000989913 0.999993 0.0036513 -0.000299617 -0.00365171 0.999994 0.0568578 -0.266815 -0.168079
FixedParameters: 0 0 0

#Transform 53
Transform: AffineTransform_float_3_3
Parameters: 0.999999 -0.000773701 0.000239752 0.000773299 0.999996 0.00290719 -0.00024225 -0.00290781 0.999995 0.0565048 -0.204358 -0.240418
FixedParameters: 0 0 0

#Transform 54
Transform: AffineTransform_float_3_3
Parameters: 1 -0.00102021 0.000375727 0.00101879 0.999995 0.00321039 -0.000378272 -0.00320962 0.999995 0.0523972 -0.214069 -0.14808
FixedParameters: 0 0 0

#Transform 55
Transform: AffineTransform_float_3_3
Parameters: 1 -0.000656559 0.000660455 0.000655441 0.999997 0.00235643 -0.000662547 -0.00235657 0.999997 0.0216029 -0.171248 -0.185376
FixedParameters: 0 0 0

#Transform 56
Transform: AffineTransform_float_3_3
Parameters: 0.999999 -0.000785584 0.000240096 0.000785413 0.999997 0.00242419 -0.000242904 -0.00242381 0.999997 0.056732 -0.152892 -0.189758
FixedParameters: 0 0 0

#Transform 57
Transform: AffineTransform_float_3_3
Parameters: 0.999999 -0.00132787 0.000237173 0.00132713 0.999993 0.00363632 -0.000242827 -0.00363568 0.999994 0.0662484 -0.246678 -0.222941
FixedParameters: 0 0 0

#Transform 58
Transform: AffineTransform_float_3_3
Parameters: 0.999999 -0.00138967 0.000238104 0.00138932 0.999995 0.00280433 -0.000242896 -0.00280367 0.999996 0.0858552 -0.194901 -0.256469
FixedParameters: 0 0 0

#Transform 59
Transform: AffineTransform_float_3_3
Parameters: 0.999997 -0.00212548 0.00023773 0.00212552 0.999995 0.00200951 -0.000242272 -0.00200949 0.999998 0.136187 -0.201396 -0.280284
FixedParameters: 0 0 0

#Transform 60
Transform: AffineTransform_float_3_3
Parameters: 0.999998 -0.00166358 0.000237958 0.00166342 0.999995 0.0024304 -0.000242042 -0.0024296 0.999997 0.0973063 -0.207543 -0.321857
FixedParameters: 0 0 0

#Transform 61
Transform: AffineTransform_float_3_3
Parameters: 0.999999 -0.00126644 0.000546671 0.00126456 0.999995 0.00263069 -0.000550327 -0.00262931 0.999997 0.0645905 -0.19439 -0.370433
FixedParameters: 0 0 0

#Transform 62
Transform: AffineTransform_float_3_3
Parameters: 0.999999 -0.00166484 0.000558549 0.00166316 0.999993 0.00327694 -0.000564453 -0.00327607 0.999995 0.0798193 -0.275483 -0.311705
FixedParameters: 0 0 0

#Transform 63
Transform: AffineTransform_float_3_3
Parameters: 0.999999 -0.00166471 0.000544802 0.00166329 0.999993 0.00312491 -0.0005502 -0.00312409 0.999995 0.0761281 -0.263311 -0.333819
FixedParameters: 0 0 0

#Transform 64
Transform: AffineTransform_float_3_3
Parameters: 0.999999 -0.00166534 0.0007468 0.00166266 0.999993 0.00312525 -0.000752199 -0.00312375 0.999995 0.0709025 -0.251045 -0.294285
FixedParameters: 0 0 0

#Transform 65
Transform: AffineTransform_float_3_3
Parameters: 0.999998 -0.00183004 0.00060485 0.00182795 0.999992 0.00336311 -0.000611152 -0.00336289 0.999994 0.0762151 -0.27376 -0.336183
FixedParameters: 0 0 0

#Transform 66
Transform: AffineTransform_float_3_3
Parameters: 0.999998 -0.00166371 0.000237091 0.00166329 0.999995 0.0029514 -0.000242909 -0.0029506 0.999995 0.100096 -0.212674 -0.291228
FixedParameters: 0 0 0

#Transform 67
Transform: AffineTransform_float_3_3
Parameters: 0.999998 -0.00166397 0.000235244 0.00166303 0.999991 0.0040614 -0.000242757 -0.0040616 0.999991 0.0960867 -0.326131 -0.292
FixedParameters: 0 0 0

#Transform 68
Transform: AffineTransform_float_3_3
Parameters: 0.999998 -0.00203807 0.000354883 0.00203693 0.999994 0.00300273 -0.000361116 -0.00300127 0.999996 0.109737 -0.221039 -0.342658
FixedParameters: 0 0 0

#Transform 69
Transform: AffineTransform_float_3_3
Parameters: 0.999998 -0.00193485 0.000498894 0.00193315 0.999992 0.00367497 -0.000506107 -0.00367403 0.999993 0.0856799 -0.289374 -0.318315
FixedParameters: 0 0 0

#Transform 70
Transform: AffineTransform_float_3_3
Parameters: 0.999998 -0.00196532 0.000404628 0.00196368 0.999993 0.0032438 -0.000410371 -0.0032432 0.999994 0.0891182 -0.23181 -0.378575
FixedParameters: 0 0 0

#Transform 71
Transform: AffineTransform_float_3_3
Parameters: 0.999998 -0.00201779 0.000235354 0.00201721 0.999992 0.00329448 -0.000242648 -0.00329452 0.999995 0.103568 -0.285132 -0.309142
FixedParameters: 0 0 0

#Transform 72
Transform: AffineTransform_float_3_3
Parameters: 0.999998 -0.00166382 0.000236317 0.00166318 0.999993 0.0034164 -0.000242682 -0.0034156 0.999994 0.0942865 -0.2369 -0.386389
FixedParameters: 0 0 0

#Transform 73
Transform: AffineTransform_float_3_3
Parameters: 0.999997 -0.00221941 -0.000190932 0.00222058 0.999992 0.00312258 0.000183065 -0.00312341 0.999995 0.142423 -0.250361 -0.321963
FixedParameters: 0 0 0

#Transform 74
Transform: AffineTransform_float_3_3
Parameters: 0.999997 -0.00221941 -0.000190932 0.00222058 0.999992 0.00312258 0.000183065 -0.00312341 0.999995 0.14246 -0.264205 -0.352295
FixedParameters: 0 0 0

#Transform 75
Transform: AffineTransform_float_3_3
Parameters: 0.999998 -0.00207233 9.28383e-05 0.00207267 0.999992 0.0034562 -0.000100164 -0.0034558 0.999994 0.122271 -0.259954 -0.315422
FixedParameters: 0 0 0

#Transform 76
Transform: AffineTransform_float_3_3
Parameters: 0.999997 -0.00222049 0.000129778 0.0022205 0.99999 0.0037033 -0.000138223 -0.0037027 0.999993 0.12252 -0.291022 -0.340437
FixedParameters: 0 0 0

#Transform 77
Transform: AffineTransform_float_3_3
Parameters: 0.999997 -0.00239008 -0.000635085 0.00239292 0.999987 0.0046345 0.000623914 -0.00463651 0.999989 0.250359 -0.309464 -0.394246
FixedParameters: 0 0 0

#Transform 78
Transform: AffineTransform_float_3_3
Parameters: 0.999997 -0.00221445 -0.000956944 0.00222055 0.99998 0.00583689 0.000944052 -0.0058391 0.999982 0.242738 -0.504973 -0.422406
FixedParameters: 0 0 0

#Transform 79
Transform: AffineTransform_float_3_3
Parameters: 0.999997 -0.00226713 -0.000648674 0.00227086 0.99998 0.00602554 0.000634328 -0.00602645 0.999981 0.205399 -0.545208 -0.517451
FixedParameters: 0 0 0

#Transform 80
Transform: AffineTransform_float_3_3
Parameters: 0.999997 -0.00206875 -0.000773467 0.00207225 0.999982 0.00553641 0.000761536 -0.00553859 0.999985 0.190212 -0.46413 -0.488521
FixedParameters: 0 0 0

#Transform 81
Transform: AffineTransform_float_3_3
Parameters: 0.999997 -0.00221534 -0.000832497 0.00222066 0.999981 0.00563416 0.0008205 -0.00563583 0.999984 0.196362 -0.402265 -0.632744
FixedParameters: 0 0 0

#Transform 82
Transform: AffineTransform_float_3_3
Parameters: 0.999999 -0.00181977 -0.000341143 0.00182123 0.999976 0.00666839 0.000328863 -0.00666861 0.999977 0.15924 -0.578516 -0.455778
FixedParameters: 0 0 0

#Transform 83
Transform: AffineTransform_float_3_3
Parameters: 0.999998 -0.0022886 -0.000173578 0.0022904 0.999961 0.00855163 0.00015442 -0.00855138 0.999964 0.125017 -0.696499 -0.608795
FixedParameters: 0 0 0

#Transform 84
Transform: AffineTransform_float_3_3
Parameters: 0.999997 -0.00242081 -0.000635287 0.00242419 0.999984 0.00507148 0.000623711 -0.00507353 0.999987 0.156199 -0.407694 -0.525012
FixedParameters: 0 0 0

#Transform 85
Transform: AffineTransform_float_3_3
Parameters: 0.999997 -0.00238804 -0.000526945 0.00238996 0.99999 0.00374375 0.000518054 -0.00374525 0.999993 0.167725 -0.238495 -0.457398
FixedParameters: 0 0 0

#Transform 86
Transform: AffineTransform_float_3_3
Parameters: 0.999997 -0.00211962 -0.000320276 0.00212138 0.999988 0.00437433 0.000311721 -0.00437567 0.999991 0.150482 -0.3375 -0.469813
FixedParameters: 0 0 0

#Transform 87
Transform: AffineTransform_float_3_3
Parameters: 0.999997 -0.00218635 -0.000155424 0.00218665 0.999989 0.00430967 0.000145576 -0.00431033 0.99999 0.137173 -0.30856 -0.484458
FixedParameters: 0 0 0

#Transform 88
Transform: AffineTransform_float_3_3
Parameters: 0.999997 -0.00240362 -0.000330244 0.00240538 0.999988 0.00426022 0.000319755 -0.00426078 0.999991 0.155861 -0.305155 -0.491731
FixedParameters: 0 0 0

#Transform 89
Transform: AffineTransform_float_3_3
Parameters: 0.999997 -0.002356 -0.000472082 0.002358 0.999988 0.0042769 0.000461918 -0.0042781 0.99999 0.16406 -0.336665 -0.509867
FixedParameters: 0 0 0

#Transform 90
Transform: AffineTransform_float_3_3
Parameters: 0.999997 -0.00214739 -0.00015088 0.00214861 0.999989 0.00413469 0.000142116 -0.00413532 0.999992 0.140315 -0.297771 -0.520221
FixedParameters: 0 0 0

#Transform 91
Transform: AffineTransform_float_3_3
Parameters: 0.999997 -0.00214723 -0.000193732 0.00214877 0.99999 0.00406559 0.000185264 -0.00406641 0.999991 0.142919 -0.267797 -0.50384
FixedParameters: 0 0 0

#Transform 92
Transform: AffineTransform_float_3_3
Parameters: 0.999997 -0.00239755 -0.000116742 0.00239745 0.999989 0.00406273 0.000106262 -0.00406226 0.999991 0.145381 -0.30861 -0.485409
FixedParameters: 0 0 0

#Transform 93
Transform: AffineTransform_float_3_3
Parameters: 0.999997 -0.00238423 -0.000686688 0.00238677 0.999989 0.00406037 0.000677313 -0.00406163 0.999991 0.172161 -0.289972 -0.557172
FixedParameters: 0 0 0

#Transform 94
Transform: AffineTransform_float_3_3
Parameters: 0.999998 -0.00228637 -0.000273359 0.00228763 0.999994 0.00234338 0.00026764 -0.00234362 0.999997 0.172344 -0.199111 -0.370323
FixedParameters: 0 0 0

#Transform 95
Transform: AffineTransform_float_3_3
Parameters: 0.999996 -0.00278034 -0.00040457 0.00278166 0.999995 0.00164288 0.000400429 -0.00164412 0.999998 0.185114 -0.199707 -0.514977
FixedParameters: 0 0 0

#Transform 96
Transform: AffineTransform_float_3_3
Parameters: 0.999998 -0.00205845 -0.000222138 0.00205955 0.999995 0.00249555 0.00021686 -0.00249645 0.999997 0.139464 -0.234402 -0.517355
FixedParameters: 0 0 0

#Transform 97
Transform: AffineTransform_float_3_3
Parameters: 0.999999 -0.00181719 0.000122294 0.00181682 0.999997 0.00148922 -0.000125705 -0.00148877 0.999999 0.104807 -0.118425 -0.553129
FixedParameters: 0 0 0

#Transform 98
Transform: AffineTransform_float_3_3
Parameters: 0.999999 -0.00175758 -0.000334243 0.00175742 0.999997 0.00127541 0.000331759 -0.00127558 0.999999 0.151678 -0.135768 -0.488075
FixedParameters: 0 0 0

#Transform 99
Transform: AffineTransform_float_3_3
Parameters: 0.999998 -0.00207218 0.000167851 0.00207182 0.999998 0.00103735 -0.000170148 -0.00103665 1 0.108381 -0.160654 -0.394782
FixedParameters: 0 0 0

#Transform 100
Transform: AffineTransform_float_3_3
Parameters: 0.999998 -0.00180266 -0.000549128 0.00180234 0.999998 0.000625011 0.000547873 -0.000625989 0.999999 0.130019 -0.0742576 -0.535162
FixedParameters: 0 0 0

#Transform 101
Transform: AffineTransform_float_3_3
Parameters: 0.999998 -0.00181436 -0.00065975 0.00181464 0.999998 0.000963805 0.00065825 -0.000965196 1 0.131492 -0.10589 -0.498663
FixedParameters: 0 0 0

#Transform 102
Transform: AffineTransform_float_3_3
Parameters: 0.999998 -0.00189065 -0.000763868 0.00189135 0.999998 0.000458556 0.00076313 -0.000460444 0.999999 0.158758 -0.0676304 -0.474713
FixedParameters: 0 0 0

#Transform 103
Transform: AffineTransform_float_3_3
Parameters: 0.999998 -0.00212294 -0.000763181 0.00212307 0.999997 8.43799e-05 0.00076282 -8.56196e-05 0.999999 0.173629 -0.0644275 -0.447667
FixedParameters: 0 0 0

#Transform 104
Transform: AffineTransform_float_3_3
Parameters: 0.999997 -0.00212279 -0.00102943 0.00212321 0.999997 0.000200815 0.00102957 -0.000202186 1 0.196435 -0.101441 -0.483104
FixedParameters: 0 0 0

#Transform 105
Transform: AffineTransform_float_3_3
Parameters: 0.999996 -0.00247687 -0.000763428 0.00247713 0.999997 0.000172109 0.000762571 -0.000173889 0.999999 0.241811 -0.044079 -0.637324
FixedParameters: 0 0 0

#Transform 106
Transform: AffineTransform_float_3_3
Parameters: 0.999997 -0.00258254 -0.000764547 0.00258246 0.999997 0.000598028 0.000762453 -0.000599971 0.999999 0.203619 -0.119232 -0.537356
FixedParameters: 0 0 0

#Transform 107
Transform: AffineTransform_float_3_3
Parameters: 0.999998 -0.00223999 -0.000312087 0.00224001 0.999998 3.8301e-05 0.000311912 -3.96988e-05 1 0.149329 -0.0787607 -0.432558
FixedParameters: 0 0 0

#Transform 108
Transform: AffineTransform_float_3_3
Parameters: 0.999996 -0.00246145 -0.000666044 0.00246255 0.999996 0.000829363 0.000663957 -0.000830637 1 0.175063 -0.143657 -0.35699
FixedParameters: 0 0 0

#Transform 109
Transform: AffineTransform_float_3_3
Parameters: 0.999997 -0.00221294 -0.000170821 0.00221306 0.999998 0.000370623 0.000170178 -0.000371378 1 0.139887 -0.0836858 -0.403612
FixedParameters: 0 0 0

#Transform 110
Transform: AffineTransform_float_3_3
Parameters: 0.999998 -0.00210794 -6.5956e-05 0.00210806 0.999998 0.000927863 6.40436e-05 -0.000928137 0.999999 0.126209 -0.134264 -0.365814
FixedParameters: 0 0 0

#Transform 111
Transform: AffineTransform_float_3_3
Parameters: 0.999999 -0.001804 -1.02399e-05 0.001804 0.999999 0.000132982 9.76006e-06 -0.000133018 1 0.12298 -0.030956 -0.412002
FixedParameters: 0 0 0

#Transform 112
Transform: AffineTransform_float_3_3
Parameters: 0.999998 -0.0019728 -0.000197067 0.00197321 0.999998 0.00104761 0.000194932 -0.00104839 1 0.13757 -0.135903 -0.396237
FixedParameters: 0 0 0

#Transform 113
Transform: AffineTransform_float_3_3
Parameters: 0.999998 -0.00191213 0.000277074 0.00191187 0.999998 0.000484531 -0.000277925 -0.000483469 1 0.0981274 -0.0350347 -0.44456
FixedParameters: 0 0 0

#Transform 114
Transform: AffineTransform_float_3_3
Parameters: 0.999998 -0.00191246 0.000397818 0.00191155 0.999998 0.00114176 -0.000400183 -0.00114124 1 0.0941843 -0.146441 -0.393284
FixedParameters: 0 0 0

#Transform 115
Transform: AffineTransform_float_3_3
Parameters: 0.999998 -0.00191199 3.14646e-05 0.00191201 0.999998 -0.00024294 -3.15353e-05 0.000243061 1 0.117075 -0.0176822 -0.38472
FixedParameters: 0 0 0

#Transform 116
Transform: AffineTransform_float_3_3
Parameters: 0.999998 -0.00191254 0.000397391 0.00191246 0.999997 0.00136476 -0.00039961 -0.00136424 0.999999 0.0829645 -0.169873 -0.389621
FixedParameters: 0 0 0

#Transform 117
Transform: AffineTransform_float_3_3
Parameters: 0.999998 -0.00191208 0.000153994 0.00191192 0.999998 0.000526295 -0.000155005 -0.000525705 1 0.114775 -0.0852086 -0.365855
FixedParameters: 0 0 0

#Transform 118
Transform: AffineTransform_float_3_3
Parameters: 0.999998 -0.00223748 0.00039729 0.00223752 0.999997 0.00121189 -0.000399711 -0.00121111 0.999999 0.086177 -0.169142 -0.352795
FixedParameters: 0 0 0

#Transform 119
Transform: AffineTransform_float_3_3
Parameters: 0.999998 -0.00227319 0.000398937 0.00227281 0.999998 0.000467908 -0.00040006 -0.000466092 1 0.0815824 -0.0118407 -0.47974
FixedParameters: 0 0 0

#Transform 120
Transform: AffineTransform_float_3_3
Parameters: 0.999998 -0.001992 -5.16332e-06 0.001992 0.999998 0.000583991 3.83666e-06 -0.000584009 1 0.0845584 -0.0798586 -0.358702
FixedParameters: 0 0 0

#Transform 121
Transform: AffineTransform_float_3_3
Parameters: 0.999999 -0.000886078 0.000377816 0.000885921 0.999999 0.000207335 -0.000377184 -0.000207666 1 0.0218329 -0.150879 0.146767
FixedParameters: 0 0 0

#Transform 122
Transform: AffineTransform_float_3_3
Parameters: 1 -0.00109408 0.000385772 0.00109392 1 0.000208422 -0.000386227 -0.000207578 1 -0.0152346 -0.020699 -0.126443
FixedParameters: 0 0 0

#Transform 123
Transform: AffineTransform_float_3_3
Parameters: 1 -0.00109456 0.000384404 0.00109344 0.999999 0.00145842 -0.000385594 -0.00145758 0.999999 -0.0292262 -0.176012 -0.0759138
FixedParameters: 0 0 0

#Transform 124
Transform: AffineTransform_float_3_3
Parameters: 0.999999 -0.00142196 -5.20821e-05 0.00142204 0.999998 0.000760926 5.09178e-05 -0.000761073 0.999999 0.0141804 -0.053495 -0.0795664
FixedParameters: 0 0 0

#Transform 125
Transform: AffineTransform_float_3_3
Parameters: 0.999999 -0.00150099 -2.56499e-05 0.00150101 0.999999 0.000432962 2.535e-05 -0.000433038 1 -0.00839005 -0.126685 -0.0402923
FixedParameters: 0 0 0

#Transform 126
Transform: AffineTransform_float_3_3
Parameters: 0.999999 -0.00150086 -0.000178178 0.00150114 0.999998 0.000784733 0.000176821 -0.000785266 0.999999 0.0175152 -0.115177 -0.0433645
FixedParameters: 0 0 0

#Transform 127
Transform: AffineTransform_float_3_3
Parameters: 0.999999 -0.00127892 -5.01128e-05 0.00127908 0.999998 0.00165194 4.7887e-05 -0.00165206 0.999998 0.000978057 -0.200047 0.0231922
FixedParameters: 0 0 0

#Transform 128
Transform: AffineTransform_float_3_3
Parameters: 1 -0.00111342 0.000275317 0.00111358 0.999998 0.00151231 -0.000276685 -0.00151269 0.999999 -0.0220663 -0.161685 -0.0495864
FixedParameters: 0 0 0

#Transform 129
Transform: AffineTransform_float_3_3
Parameters: 0.999999 -0.00136072 0.000405591 0.00136028 0.999998 0.00177156 -0.000408409 -0.00177045 0.999999 -0.0309035 -0.18413 0.059
FixedParameters: 0 0 0

#Transform 130
Transform: AffineTransform_float_3_3
Parameters: 0.999999 -0.00136089 0.000576912 0.00136011 0.999998 0.00153479 -0.000579088 -0.00153421 0.999998 -0.0494466 -0.149773 0.0128222
FixedParameters: 0 0 0

#Transform 131
Transform: AffineTransform_float_3_3
Parameters: 0.999999 -0.00136083 0.000484684 0.00136017 0.999997 0.00170266 -0.000486317 -0.00170234 0.999999 -0.0438343 -0.175145 0.0742525
FixedParameters: 0 0 0

#Transform 132
Transform: AffineTransform_float_3_3
Parameters: 0.999999 -0.00136071 0.000551258 0.00136029 0.999999 0.00128075 -0.000553741 -0.00127925 0.999999 -0.0513536 -0.1319 0.0178982
FixedParameters: 0 0 0

#Transform 133
Transform: AffineTransform_float_3_3
Parameters: 0.999999 -0.00123558 0.000323812 0.00123543 0.999997 0.0017714 -0.000325188 -0.0017706 0.999999 -0.0396846 -0.200639 0.0721215
FixedParameters: 0 0 0

#Transform 134
Transform: AffineTransform_float_3_3
Parameters: 0.999999 -0.00136065 0.000478147 0.00136035 0.999998 0.00136265 -0.000479854 -0.00136235 0.999999 -0.0495402 -0.126512 0.00303041
FixedParameters: 0 0 0

#Transform 135
Transform: AffineTransform_float_3_3
Parameters: 0.999999 -0.00130688 0.000430337 0.00130612 0.999997 0.00203856 -0.000433664 -0.00203843 0.999998 -0.0460895 -0.202502 0.0758567
FixedParameters: 0 0 0

#Transform 136
Transform: AffineTransform_float_3_3
Parameters: 0.999999 -0.00136064 0.0005835 0.00136036 0.999999 0.0011028 -0.0005845 -0.00110221 0.999999 -0.0370607 -0.118516 -0.0542011
FixedParameters: 0 0 0

#Transform 137
Transform: AffineTransform_float_3_3
Parameters: 0.999999 -0.00135964 -0.000179774 0.00136036 0.999997 0.00203976 0.000177225 -0.00204024 0.999998 0.0104177 -0.213397 0.0645721
FixedParameters: 0 0 0

#Transform 138
Transform: AffineTransform_float_3_3
Parameters: 0.999999 -0.00136027 0.00026261 0.00135973 0.999998 0.00102236 -0.00026339 -0.00102164 1 -0.0171286 -0.104307 -0.0418066
FixedParameters: 0 0 0

#Transform 139
Transform: AffineTransform_float_3_3
Parameters: 0.999999 -0.00135966 -0.000179569 0.00136034 0.999998 0.00188876 0.000176431 -0.00188924 0.999998 0.0104158 -0.209215 0.0600363
FixedParameters: 0 0 0

#Transform 140
Transform: AffineTransform_float_3_3
Parameters: 0.999998 -0.00160031 0.000195481 0.00159969 0.999998 0.00157432 -0.000198519 -0.00157468 0.999998 -0.00263076 -0.14444 0.0071754
FixedParameters: 0 0 0

#Transform 141
Transform: AffineTransform_float_3_3
Parameters: 0.999998 -0.00171829 0.000161957 0.00171771 0.999997 0.00177128 -0.000165042 -0.00177072 0.999999 -0.00472409 -0.223655 0.178081
FixedParameters: 0 0 0

#Transform 142
Transform: AffineTransform_float_3_3
Parameters: 0.999999 -0.00136017 0.000284165 0.00135983 0.999999 0.000614387 -0.000284835 -0.000613613 1 -0.0036 -0.102643 0.142078
FixedParameters: 0 0 0

#Transform 143
Transform: AffineTransform_float_3_3
Parameters: 0.999998 -0.00159199 0.000555181 0.00159101 0.999997 0.00177189 -0.000558819 -0.00177111 0.999999 -0.0149155 -0.223143 0.226644
FixedParameters: 0 0 0

#Transform 144
Transform: AffineTransform_float_3_3
Parameters: 0.999999 -0.00144655 0.00057262 0.00144645 0.999999 0.00095483 -0.000573381 -0.000954173 1 -0.0459755 -0.142251 0.165738
FixedParameters: 0 0 0

#Transform 145
Transform: AffineTransform_float_3_3
Parameters: 0.999999 -0.00166762 0.000741376 0.00166638 0.999996 0.00217524 -0.000745627 -0.00217476 0.999998 -0.0585994 -0.248228 0.241788
FixedParameters: 0 0 0

#Transform 146
Transform: AffineTransform_float_3_3
Parameters: 0.999999 -0.00172974 0.000576789 0.00172926 0.999997 0.001279 -0.000579212 -0.001278 0.999999 -0.023594 -0.166332 0.157952
FixedParameters: 0 0 0

#Transform 147
Transform: AffineTransform_float_3_3
Parameters: 0.999999 -0.0013384 0.00110109 0.0013366 0.999996 0.00217547 -0.00110391 -0.00217353 0.999997 -0.0850035 -0.251263 0.268484
FixedParameters: 0 0 0

#Transform 148
Transform: AffineTransform_float_3_3
Parameters: 0.999999 -0.00119376 0.000722743 0.00119324 0.999998 0.00105386 -0.000724258 -0.00105314 0.999999 -0.07277 -0.157783 0.218067
FixedParameters: 0 0 0

#Transform 149
Transform: AffineTransform_float_3_3
Parameters: 0.999998 -0.00150597 0.000496077 0.00150503 0.999997 0.00194175 -0.000498923 -0.00194125 0.999998 -0.0577388 -0.2457 0.249092
FixedParameters: 0 0 0

#Transform 150
Transform: AffineTransform_float_3_3
Parameters: 0.999998 -0.00160615 0.000361338 0.00160585 0.999998 0.000412581 -0.000362663 -0.000412418 1 -0.0470565 -0.111834 0.174354
FixedParameters: 0 0 0

#Transform 151
Transform: AffineTransform_float_3_3
Parameters: 0.999999 -0.00149296 -0.000177367 0.00149304 0.999999 0.000245735 0.000177632 -0.000246265 1 -0.0204667 -0.137104 0.204028
FixedParameters: 0 0 0

#Transform 152
Transform: AffineTransform_float_3_3
Parameters: 0.999998 -0.00179073 -0.000690112 0.00179027 0.999998 -0.00105524 0.000691888 0.00105376 0.999999 0.0215422 -0.0558206 0.108004
FixedParameters: 0 0 0

#Transform 153
Transform: AffineTransform_float_3_3
Parameters: 0.999999 -0.0016406 -0.000690576 0.0016404 0.999999 -0.000869135 0.000692425 0.000867866 1 0.021227 -0.0589154 0.181963
FixedParameters: 0 0 0

#Transform 154
Transform: AffineTransform_float_3_3
Parameters: 0.999998 -0.00179004 0.000674906 0.00178997 0.999999 5.32082e-05 -0.000675094 -5.17917e-05 1 -0.0632557 -0.0789928 0.0195964
FixedParameters: 0 0 0

#Transform 155
Transform: AffineTransform_float_3_3
Parameters: 0.999998 -0.0017908 0.00130691 0.0017902 0.999998 0.000612341 -0.00130809 -0.000609659 0.999999 -0.0775127 -0.0832843 0.0537744
FixedParameters: 0 0 0

#Transform 156
Transform: AffineTransform_float_3_3
Parameters: 0.999999 -0.000894953 -0.000174458 0.00089605 0.999981 0.00609485 0.000169542 -0.00609516 0.999982 -0.0440905 -0.400219 -0.0241297
FixedParameters: 0 0 0

#Transform 157
Transform: AffineTransform_float_3_3
Parameters: 0.999999 -0.00134127 0.0003937 0.00133973 0.999994 0.00320753 -0.000398299 -0.00320747 0.999995 -0.0593529 -0.224558 -0.0530385
FixedParameters: 0 0 0

#Transform 158
Transform: AffineTransform_float_3_3
Parameters: 1 -0.00113611 4.22791e-05 0.0011359 0.999997 0.00239505 -4.47206e-05 -0.00239495 0.999997 -0.0328462 -0.179705 0.03377
FixedParameters: 0 0 0

#Transform 159
Transform: AffineTransform_float_3_3
Parameters: 0.999999 -0.00132711 0.000344768 0.0013259 0.999994 0.00319046 -0.000348231 -0.00318954 0.999995 -0.0506589 -0.281939 0.013052
FixedParameters: 0 0 0

#Transform 160
Transform: AffineTransform_float_3_3
Parameters: 0.999999 -0.001327 0.000469189 0.001326 0.999997 0.00211962 -0.000471812 -0.00211937 0.999997 -0.0584716 -0.153172 0.0390263
FixedParameters: 0 0 0

#Transform 161
Transform: AffineTransform_float_3_3
Parameters: 0.999999 -0.00132719 0.000468646 0.00132581 0.999996 0.00252862 -0.000471353 -0.00252738 0.999996 -0.080016 -0.308651 0.169192
FixedParameters: 0 0 0

#Transform 162
Transform: AffineTransform_float_3_3
Parameters: 0.999999 -0.00121235 0.000388917 0.00121165 0.999999 0.000893471 -0.000390083 -0.000893527 0.999999 -0.0717229 -0.0709228 -0.224714
FixedParameters: 0 0 0

#Transform 163
Transform: AffineTransform_float_3_3
Parameters: 0.999999 -0.00103033 0.000318945 0.00102967 0.999999 0.00102433 -0.000319054 -0.00102367 1 -0.0910161 -0.128312 -0.145812
FixedParameters: 0 0 0

#Transform 164
Transform: AffineTransform_float_3_3
Parameters: 0.999999 -0.0013272 0.000468615 0.0013258 0.999996 0.00255162 -0.000471383 -0.00255038 0.999996 -0.0943664 -0.242938 -0.0897256
FixedParameters: 0 0 0

#Transform 165
Transform: AffineTransform_float_3_3
Parameters: 0.999999 -0.00117274 0.000470148 0.00117226 0.999998 0.00157955 -0.000471852 -0.00157945 0.999998 -0.106958 -0.138274 -0.139987
FixedParameters: 0 0 0

#Transform 166
Transform: AffineTransform_float_3_3
Parameters: 1 -0.0010552 0.000550702 0.0010548 0.999997 0.00217958 -0.000553301 -0.00217942 0.999998 -0.115412 -0.198675 -0.153107
FixedParameters: 0 0 0

#Transform 167
Transform: AffineTransform_float_3_3
Parameters: 1 -0.00100478 0.000470336 0.00100422 0.999998 0.00165747 -0.000471665 -0.00165653 0.999999 -0.0826182 -0.138724 -0.186962
FixedParameters: 0 0 0

#Transform 168
Transform: AffineTransform_float_3_3
Parameters: 0.999999 -0.00132646 0.000470712 0.00132554 0.999998 0.000971625 -0.000472288 -0.000971375 1 -0.0234172 0.0890164 -0.0805728
FixedParameters: 0 0 0

#Transform 169
Transform: AffineTransform_float_3_3
Parameters: 0.999999 -0.00132539 -0.000736101 0.00132561 0.999999 0.000830025 0.0007349 -0.000830975 1 0.195816 -0.209568 0.186063
FixedParameters: 0 0 0

#Transform 170
Transform: AffineTransform_float_3_3
Parameters: 0.999988 -0.00133191 -0.00455927 0.00132609 0.999999 -0.00130006 0.00456072 0.00129394 0.999989 0.505815 -0.0825323 0.446511
FixedParameters: 0 0 0

#Transform 171
Transform: AffineTransform_float_3_3
Parameters: 0.999968 -0.000201735 -0.00796793 0.000199269 1 -0.000343599 0.00796807 0.000342403 0.999968 0.563068 -0.0532951 0.491955
FixedParameters: 0 0 0

#Transform 172
Transform: AffineTransform_float_3_3
Parameters: 0.999987 -0.000205073 -0.00520177 0.000198927 1 -0.00116805 0.00520224 0.00116695 0.999986 0.395623 0.0156726 0.254444
FixedParameters: 0 0 0

#Transform 173
Transform: AffineTransform_float_3_3
Parameters: 0.999991 -0.000683464 -0.00435115 0.000677537 0.999999 -0.00125696 0.00435185 0.00125404 0.999989 0.418698 -0.0668956 0.271819
FixedParameters: 0 0 0

#Transform 174
Transform: AffineTransform_float_3_3
Parameters: 0.99999 -0.000681421 -0.00427345 0.000677579 1 -0.000801903 0.00427454 0.000799095 0.99999 0.412927 -0.116875 0.278112
FixedParameters: 0 0 0

#Transform 175
Transform: AffineTransform_float_3_3
Parameters: 0.999991 -0.000751184 -0.00400529 0.000741816 0.999997 -0.00229399 0.00400671 0.00229101 0.99999 0.402719 0.0447446 0.332661
FixedParameters: 0 0 0

#Transform 176
Transform: AffineTransform_float_3_3
Parameters: 0.999987 -0.00117141 -0.00493443 0.00116959 0.999999 -0.000490778 0.00493557 0.000485225 0.999987 0.471146 -0.212148 0.621659
FixedParameters: 0 0 0

#Transform 177
Transform: AffineTransform_float_3_3
Parameters: 0.999989 -0.00136451 -0.00454226 0.00135248 0.999996 -0.00275717 0.00454674 0.00275083 0.999986 0.451942 0.0275302 0.522774
FixedParameters: 0 0 0

#Transform 178
Transform: AffineTransform_float_3_3
Parameters: 0.999985 -0.00136287 -0.00528121 0.00135213 0.999997 -0.00206117 0.00528379 0.00205383 0.999984 0.516022 -0.122402 0.598514
FixedParameters: 0 0 0

#Transform 179
Transform: AffineTransform_float_3_3
Parameters: 0.999993 -0.00132931 -0.00331548 0.00132769 0.999999 -0.000396405 0.00331552 0.000392595 0.999995 0.405375 -0.118721 0.551274
FixedParameters: 0 0 0

#Transform 180
Transform: AffineTransform_float_3_3
Parameters: 0.99999 -0.00140508 -0.00410034 0.00140892 0.999998 0.000952232 0.00409966 -0.000957769 0.999991 0.458224 -0.259674 0.637309
FixedParameters: 0 0 0

#Transform 181
Transform: AffineTransform_float_3_3
Parameters: 0.999993 -0.00102263 -0.00372328 0.00102038 0.999999 -0.000706804 0.00372472 0.000703196 0.999993 0.419705 -0.0673198 0.558681
FixedParameters: 0 0 0

#Transform 182
Transform: AffineTransform_float_3_3
Parameters: 0.999991 -0.00138061 -0.00416246 0.00138539 0.999998 0.00105124 0.00416154 -0.00105675 0.999991 0.463195 -0.266687 0.66213
FixedParameters: 0 0 0

#Transform 183
Transform: AffineTransform_float_3_3
Parameters: 0.999994 -0.00105718 -0.00350495 0.00105682 1 -5.27045e-05 0.00350505 4.92949e-05 0.999994 0.393159 -0.140353 0.629608
FixedParameters: 0 0 0

#Transform 184
Transform: AffineTransform_float_3_3
Parameters: 0.999994 -0.000948334 -0.00350572 0.000950665 1 0.000758672 0.00350428 -0.000762328 0.999993 0.375292 -0.230057 0.663813
FixedParameters: 0 0 0

#Transform 185
Transform: AffineTransform_float_3_3
Parameters: 0.999994 -0.000767531 -0.00330488 0.000766467 0.999999 -0.000162534 0.00330512 0.000159464 0.999994 0.361545 -0.0651573 0.460852
FixedParameters: 0 0 0

#Transform 186
Transform: AffineTransform_float_3_3
Parameters: 0.999993 -0.00150548 -0.00335394 0.00151152 0.999997 0.00194294 0.00335107 -0.00194806 0.999993 0.393135 -0.323395 0.49173
FixedParameters: 0 0 0

#Transform 187
Transform: AffineTransform_float_3_3
Parameters: 0.999995 -0.00101105 -0.00275356 0.00101794 0.999997 0.00252221 0.00275044 -0.00252479 0.999993 0.308917 -0.313891 0.518606
FixedParameters: 0 0 0

#Transform 188
Transform: AffineTransform_float_3_3
