# transform file /out/sourcedata/freesurfer/sub-v2s17x50002_ses-1/mri/transforms/cc_up.lta
# created by oesteban on Wed Mar 11 14:14:57 2026

type      = 0 # LINEAR_VOX_TO_VOX
nxforms   = 1
mean      = 131.0000 127.0000 118.0000
sigma     = 10000.0000
1 4 4
9.985224008560181e-01 2.933929488062859e-02 -4.574136435985565e-02 1.157837748527527e+00 
-2.930855937302113e-02 9.995695352554321e-01 1.342597301118076e-03 2.770762825012207e+01 
4.576106369495392e-02 0.000000000000000e+00 9.989525079727173e-01 1.516877269744873e+01 
0.000000000000000e+00 0.000000000000000e+00 0.000000000000000e+00 1.000000000000000e+00 
src volume info
valid = 1  # volume info valid
filename = /out/sourcedata/freesurfer/sub-v2s17x50002_ses-1/mri/norm.mgz
volume = 256 256 256
voxelsize = 1.000000000000000e+00 1.000000000000000e+00 1.000000000000000e+00
xras   = -9.999999403953552e-01 0.000000000000000e+00 0.000000000000000e+00
yras   = 0.000000000000000e+00 0.000000000000000e+00 -9.999999403953552e-01
zras   = 0.000000000000000e+00 9.999999403953552e-01 0.000000000000000e+00
cras   = 3.430580139160156e+00 3.840148925781250e+00 -8.595703125000000e+00
dst volume info
valid = 1  # volume info valid
filename = /out/sourcedata/freesurfer/sub-v2s17x50002_ses-1/mri/norm.mgz
volume = 256 256 256
voxelsize = 1.000000000000000e+00 1.000000000000000e+00 1.000000000000000e+00
xras   = -9.999999403953552e-01 0.000000000000000e+00 0.000000000000000e+00
yras   = 0.000000000000000e+00 0.000000000000000e+00 -9.999999403953552e-01
zras   = 0.000000000000000e+00 9.999999403953552e-01 0.000000000000000e+00
cras   = 3.430580139160156e+00 3.840148925781250e+00 -8.595703125000000e+00
