#Insight Transform File V1.0
#Transform 0
Transform: AffineTransform_float_3_3
Parameters: 0.999999 0.000422646 -0.000663955 -0.000420354 0.999997 0.00247728 0.000665043 -0.00247672 0.999996 -0.0673311 -0.362503 0.378875
FixedParameters: 0 0 0

#Transform 1
Transform: AffineTransform_float_3_3
Parameters: 0.999999 0.000444447 -0.000743543 -0.000441555 0.999995 0.00328833 0.000744456 -0.00328767 0.999995 -0.0699242 -0.422295 0.347362
FixedParameters: 0 0 0

#Transform 2
Transform: AffineTransform_float_3_3
Parameters: 1 0 0 0 0.999998 0.001947 0 -0.001947 0.999998 -0.075179 -0.339845 0.226771
FixedParameters: 0 0 0

#Transform 3
Transform: AffineTransform_float_3_3
Parameters: 1 9.89997e-05 2.18988e-07 -9.89997e-05 0.999997 0.002212 2.18988e-07 -0.002212 0.999997 -0.0778988 -0.309516 0.233427
FixedParameters: 0 0 0

#Transform 4
Transform: AffineTransform_float_3_3
Parameters: 1 0.000171 3.83211e-07 -0.000171 0.999998 0.002241 3.83211e-07 -0.002241 0.999998 -0.081495 -0.337796 0.194577
FixedParameters: 0 0 0

#Transform 5
Transform: AffineTransform_float_3_3
Parameters: 1 2.3744e-07 -0.000265 2.3744e-07 0.999999 0.000895999 0.000265 -0.000895999 0.999999 -0.0395073 -0.16472 0.151618
FixedParameters: 0 0 0

#Transform 6
Transform: AffineTransform_float_3_3
Parameters: 1 0.000346244 -0.000138391 -0.000345757 0.999999 0.00176005 0.000138609 -0.00175995 0.999999 -0.071892 -0.265599 0.196307
FixedParameters: 0 0 0

#Transform 7
Transform: AffineTransform_float_3_3
Parameters: 1 0.000425749 0.000187572 -0.000426252 0.999999 0.00134292 -0.000187428 -0.00134208 0.999999 -0.0624589 -0.197695 0.0963324
FixedParameters: 0 0 0

#Transform 8
Transform: AffineTransform_float_3_3
Parameters: 1 0.000507915 6.4673e-05 -0.000508084 0.999999 0.00132497 -6.33268e-05 -0.00132503 0.999999 -0.0387824 -0.162538 0.149153
FixedParameters: 0 0 0

#Transform 9
Transform: AffineTransform_float_3_3
Parameters: 1 0.000308885 8.24313e-05 -0.000309116 0.999999 0.00139597 -8.25685e-05 -0.00139603 0.999999 -0.0152578 -0.152159 -0.00557676
FixedParameters: 0 0 0

#Transform 10
Transform: AffineTransform_float_3_3
Parameters: 1 1.96359e-07 -0.000111 1.96359e-07 0.999999 0.001769 0.000111 -0.001769 0.999999 0.00857004 -0.144295 0.0933018
FixedParameters: 0 0 0

#Transform 11
Transform: AffineTransform_float_3_3
Parameters: 1 3.0636e-07 -0.00018 3.0636e-07 0.999998 0.001702 0.00018 -0.001702 0.999998 0.0177209 -0.142055 -0.0172715
FixedParameters: 0 0 0

#Transform 12
Transform: AffineTransform_float_3_3
Parameters: 1 0 0 0 0.999999 0.000708 0 -0.000708 0.999999 -0.008403 -0.079176 0.0923274
FixedParameters: 0 0 0

#Transform 13
Transform: AffineTransform_float_3_3
Parameters: 1 -7.659e-08 0.000111 -7.659e-08 1 0.00069 -0.000111 -0.00069 1 -0.00397724 -0.0783913 -0.0796599
FixedParameters: 0 0 0

#Transform 14
Transform: AffineTransform_float_3_3
Parameters: 1 -0.000251 -3.64954e-07 0.000251 0.999999 0.001454 -3.64954e-07 -0.001454 0.999999 0.00816891 -0.0829813 0.0421529
FixedParameters: 0 0 0

#Transform 15
Transform: AffineTransform_float_3_3
Parameters: 1 -0.00021 -1.89e-07 0.00021 0.999999 0.000899999 -1.89e-07 -0.000899999 0.999999 -0.00445057 -0.113615 -0.0751426
FixedParameters: 0 0 0

#Transform 16
Transform: AffineTransform_float_3_3
Parameters: 1 -0.000412 -1.9982e-07 0.000412 1 0.000485 -1.9982e-07 -0.000485 1 0.0284581 -0.0380994 -0.0552015
FixedParameters: 0 0 0

#Transform 17
Transform: AffineTransform_float_3_3
Parameters: 1 -0.000301484 0.000423656 0.000301516 1 0.00114313 -0.000423345 -0.00114287 1 -0.0176648 -0.136357 -0.0132014
FixedParameters: 0 0 0

#Transform 18
Transform: AffineTransform_float_3_3
Parameters: 1 -0.000263 -1.9725e-08 0.000263 1 7.5e-05 -1.9725e-08 -7.5e-05 1 0.00688025 -0.00377922 -0.0613189
FixedParameters: 0 0 0

#Transform 19
Transform: AffineTransform_float_3_3
Parameters: 1 -9.99816e-05 0.000301006 0.000100018 1 -6.09699e-05 -0.000300994 6.10301e-05 1 -0.0160031 -0.0386803 -0.069318
FixedParameters: 0 0 0

#Transform 20
Transform: AffineTransform_float_3_3
Parameters: 1 3.5e-05 -3.9235e-08 -3.5e-05 1 -0.001121 -3.9235e-08 0.001121 1 0.000326906 0.0523973 -0.0214177
FixedParameters: 0 0 0

#Transform 21
Transform: AffineTransform_float_3_3
Parameters: 1 0.000163 4.4662e-08 -0.000163 1 0.000274 4.4662e-08 -0.000274 1 -0.020983 -0.0648242 -0.0446754
FixedParameters: 0 0 0

#Transform 22
Transform: AffineTransform_float_3_3
Parameters: 1 -0.000288 2.19456e-07 0.000288 0.999999 -0.000761999 2.19456e-07 0.000761999 0.999999 0.0179866 0.0436863 -0.0430383
FixedParameters: 0 0 0

#Transform 23
Transform: AffineTransform_float_3_3
Parameters: 1 -0.000235 6.721e-08 0.000235 1 -0.000286 6.721e-08 0.000286 1 -0.00492342 -0.0513278 -0.0592027
FixedParameters: 0 0 0

#Transform 24
Transform: AffineTransform_float_3_3
Parameters: 1 -0.000234057 -0.000134901 0.000233943 1 -0.000421031 0.000135098 0.000420968 1 0.0255025 0.020622 -0.126462
FixedParameters: 0 0 0

#Transform 25
Transform: AffineTransform_float_3_3
Parameters: 1 0.000182983 0.000386008 -0.000183017 1 4.29294e-05 -0.000385992 -4.30706e-05 1 -0.047553 -0.0822303 -0.0894254
FixedParameters: 0 0 0

#Transform 26
Transform: AffineTransform_float_3_3
Parameters: 1 -0.000108886 0.000140089 0.000109114 0.999999 -0.000815984 -0.000139911 0.000816015 0.999999 -0.0184217 0.0218746 -0.216094
FixedParameters: 0 0 0

#Transform 27
Transform: AffineTransform_float_3_3
Parameters: 1 -9e-06 3.168e-09 9e-06 1 -0.000352 3.168e-09 0.000352 1 -0.00215058 -0.00472699 -0.0786541
FixedParameters: 0 0 0

#Transform 28
Transform: AffineTransform_float_3_3
Parameters: 1 -3e-06 2.613e-09 3e-06 0.999999 -0.000870999 2.613e-09 0.000870999 0.999999 0.0149537 0.0350392 -0.105373
FixedParameters: 0 0 0

#Transform 29
Transform: AffineTransform_float_3_3
Parameters: 1 -0.000147867 0.000190103 0.000147134 0.999999 -0.000699972 -0.000190897 0.000700028 0.999999 0.00868177 0.0359307 -0.00480607
FixedParameters: 0 0 0

#Transform 30
Transform: AffineTransform_float_3_3
Parameters: 1 -0.00022 2.937e-07 0.00022 0.999999 -0.001335 2.937e-07 0.001335 0.999999 0.0211677 0.0856336 -0.148419
FixedParameters: 0 0 0

#Transform 31
Transform: AffineTransform_float_3_3
Parameters: 1 -0.000145 1.45e-10 0.000145 1 -1e-06 1.45e-10 1e-06 1 0.00634217 -0.0170158 -0.0732016
FixedParameters: 0 0 0

#Transform 32
Transform: AffineTransform_float_3_3
Parameters: 1 -0.000269 2.82181e-07 0.000269 1 -0.001049 2.82181e-07 0.001049 0.999999 0.00947979 0.0559775 -0.237974
FixedParameters: 0 0 0

#Transform 33
Transform: AffineTransform_float_3_3
Parameters: 1 -0.000411894 0.000203215 0.000412106 1 -0.000520916 -0.000202785 0.000521083 1 0.0020603 -0.0135006 -0.132846
FixedParameters: 0 0 0

#Transform 34
Transform: AffineTransform_float_3_3
Parameters: 1 -0.000411877 0.000271186 0.000412122 1 -0.000451888 -0.000270814 0.000452111 1 -0.00163602 -0.0447086 -0.195124
FixedParameters: 0 0 0

#Transform 35
Transform: AffineTransform_float_3_3
Parameters: 1 -0.000411999 6.00696e-07 0.000412001 0.999999 -0.001458 -3.99303e-07 0.001458 0.999999 0.0357188 0.0936479 -0.221572
FixedParameters: 0 0 0

#Transform 36
Transform: AffineTransform_float_3_3
Parameters: 1 -0.000215903 9.72161e-05 0.000216098 0.999999 -0.00100098 -9.77837e-05 0.00100102 0.999999 0.00284236 -0.00589941 -0.164899
FixedParameters: 0 0 0

#Transform 37
Transform: AffineTransform_float_3_3
Parameters: 1 -0.000411824 0.000113638 0.000412176 0.999998 -0.00154795 -0.000113362 0.00154805 0.999999 0.00690691 0.0769434 -0.168271
FixedParameters: 0 0 0

#Transform 38
Transform: AffineTransform_float_3_3
Parameters: 1 -0.000122832 0.000174118 0.000123167 0.999999 -0.000962978 -0.000173881 0.00096302 0.999999 -0.00369719 0.00965778 -0.119023
FixedParameters: 0 0 0

#Transform 39
Transform: AffineTransform_float_3_3
Parameters: 1 -0.000412189 -0.000169542 0.000412811 1 -0.00111207 0.000170459 0.00111193 1 0.0223037 0.0630468 -0.130242
FixedParameters: 0 0 0

#Transform 40
Transform: AffineTransform_float_3_3
Parameters: 1 -0.000412051 -6.66868e-05 0.000411949 0.999999 -0.000760027 6.73131e-05 0.000759972 0.999999 0.0225564 -0.0191251 -0.165339
FixedParameters: 0 0 0

#Transform 41
Transform: AffineTransform_float_3_3
Parameters: 1 -0.000547234 -0.000265518 0.000546766 1 -0.000881146 0.000265482 0.000880856 1 0.030998 -0.0123782 -0.195668
FixedParameters: 0 0 0

#Transform 42
Transform: AffineTransform_float_3_3
Parameters: 1 -0.000361 1.14437e-07 0.000361 1 -0.000317 1.14437e-07 0.000317 1 -0.000655209 -0.0690641 -0.235436
FixedParameters: 0 0 0

#Transform 43
Transform: AffineTransform_float_3_3
Parameters: 1 -0.000698999 4.92096e-07 0.000698999 0.999999 -0.000703999 4.92096e-07 0.000703999 1 0.0167261 -0.0474602 -0.20227
FixedParameters: 0 0 0

#Transform 44
Transform: AffineTransform_float_3_3
Parameters: 1 -0.000411882 0.000302161 0.000412118 1 -0.000390875 -0.000301839 0.000390124 1 -0.00618888 -0.0970897 -0.212498
FixedParameters: 0 0 0

#Transform 45
Transform: AffineTransform_float_3_3
Parameters: 1 -0.000411775 0.000149619 0.000412225 0.999999 -0.00150294 -0.000149381 0.00150306 0.999999 0.00660381 0.0593549 -0.277828
FixedParameters: 0 0 0

#Transform 46
Transform: AffineTransform_float_3_3
Parameters: 1 -0.00041192 0.00041208 0.00041208 1 -0.00019483 -0.00041192 0.00019517 1 -0.0264322 -0.110754 -0.138169
FixedParameters: 0 0 0

#Transform 47
Transform: AffineTransform_float_3_3
Parameters: 0.999999 -0.000410801 0.000712692 0.000412198 0.999998 -0.00168171 -0.000712308 0.00168229 0.999999 -0.0241044 0.0231901 -0.338734
FixedParameters: 0 0 0

#Transform 48
Transform: AffineTransform_float_3_3
Parameters: 1 -0.000411587 0.000549309 0.000412413 0.999999 -0.000750773 -0.00054969 0.000751226 0.999999 -0.0405123 -0.0418877 -0.176512
FixedParameters: 0 0 0

#Transform 49
Transform: AffineTransform_float_3_3
Parameters: 0.999999 -0.000411488 0.000712295 0.000412511 0.999999 -0.000717706 -0.000712703 0.000718293 0.999999 -0.063116 -0.0747004 -0.241714
FixedParameters: 0 0 0

#Transform 50
Transform: AffineTransform_float_3_3
Parameters: 1 -0.000411348 0.000357751 0.000412652 0.999999 -0.00182385 -0.000357248 0.00182415 0.999999 -0.0235322 0.0707522 -0.294729
FixedParameters: 0 0 0

#Transform 51
Transform: AffineTransform_float_3_3
Parameters: 1 -0.000411769 0.000344276 0.000412231 0.999999 -0.000669858 -0.000344724 0.000670142 0.999999 -0.0389685 -0.0596121 -0.161034
FixedParameters: 0 0 0

#Transform 52
Transform: AffineTransform_float_3_3
Parameters: 1 -0.000410907 0.000571787 0.000412091 0.999998 -0.00191177 -0.000570213 0.00191223 0.999998 -0.0261632 0.050613 -0.280284
FixedParameters: 0 0 0

#Transform 53
Transform: AffineTransform_float_3_3
Parameters: 1 -0.000411568 0.000571311 0.000412431 0.999999 -0.000755764 -0.000570688 0.000755234 0.999999 -0.0387144 -0.058042 -0.133114
FixedParameters: 0 0 0

#Transform 54
Transform: AffineTransform_float_3_3
Parameters: 1 -0.00041146 0.000571389 0.000412539 0.999999 -0.000944764 -0.000570611 0.000944235 1 -0.0428785 -0.0706509 -0.261467
FixedParameters: 0 0 0

#Transform 55
Transform: AffineTransform_float_3_3
Parameters: 0.999999 -0.000586136 0.00065777 0.000586862 0.999999 -0.00131261 -0.00065623 0.00131339 0.999999 -0.0263486 -0.0124098 -0.264778
FixedParameters: 0 0 0

#Transform 56
Transform: AffineTransform_float_3_3
Parameters: 1 -0.00041125 0.000977316 0.000412749 0.999999 -0.000766597 -0.000976684 0.000767402 0.999999 -0.0701194 -0.0757896 -0.217936
FixedParameters: 0 0 0

#Transform 57
Transform: AffineTransform_float_3_3
Parameters: 1 -0.000340834 0.000571697 0.000342165 0.999998 -0.0020408 -0.000570303 0.00204119 0.999998 -0.0138513 0.0325471 -0.33104
FixedParameters: 0 0 0

#Transform 58
Transform: AffineTransform_float_3_3
Parameters: 0.999999 -0.000411291 0.000757385 0.000412708 1 -0.000935688 -0.000756614 0.000936312 1 -0.0361894 -0.0206875 -0.162243
FixedParameters: 0 0 0

#Transform 59
Transform: AffineTransform_float_3_3
Parameters: 0.999999 -0.000276708 0.000748479 0.000277294 0.999999 -0.00172779 -0.000748522 0.00172721 0.999998 -0.0391585 0.0167554 -0.291629
FixedParameters: 0 0 0

#Transform 60
Transform: AffineTransform_float_3_3
Parameters: 1 -0.000411298 0.000571506 0.000412701 0.999999 -0.00122876 -0.000570493 0.00122824 0.999999 -0.0343713 -0.0287798 -0.190629
FixedParameters: 0 0 0

#Transform 61
Transform: AffineTransform_float_3_3
Parameters: 1 -0.000231392 0.000571247 0.000232608 1 -0.00106487 -0.000570753 0.00106513 1 -0.0629694 -0.0905302 -0.265361
FixedParameters: 0 0 0

#Transform 62
Transform: AffineTransform_float_3_3
Parameters: 0.999999 -0.000410893 0.000657692 0.000412105 0.999998 -0.00168273 -0.000656307 0.00168327 0.999999 -0.0430132 -0.0172279 -0.273599
FixedParameters: 0 0 0

#Transform 63
Transform: AffineTransform_float_3_3
Parameters: 1 -0.000303843 0.000993355 0.000305157 1 -0.0011647 -0.000992645 0.0011653 0.999999 -0.0803772 -0.0647277 -0.259451
FixedParameters: 0 0 0

#Transform 64
Transform: AffineTransform_float_3_3
Parameters: 1 -0.000340851 0.000571686 0.000342147 0.999998 -0.0020108 -0.000570313 0.00201119 0.999998 -0.0354441 0.00748137 -0.272163
FixedParameters: 0 0 0

#Transform 65
Transform: AffineTransform_float_3_3
Parameters: 1 -0.000411124 0.00057163 0.000411874 0.999998 -0.00153176 -0.000570369 0.00153223 0.999998 -0.0473988 -0.080454 -0.21489
FixedParameters: 0 0 0

#Transform 66
Transform: AffineTransform_float_3_3
Parameters: 1 -0.000410999 0.000571721 0.000412 0.999999 -0.00175177 -0.000570279 0.00175224 0.999999 -0.0337005 0.00254287 -0.228036
FixedParameters: 0 0 0

#Transform 67
Transform: AffineTransform_float_3_3
Parameters: 1 -0.000411419 0.000571419 0.000412581 1 -0.00101777 -0.00057058 0.00101824 1 -0.0465875 -0.102449 -0.209221
FixedParameters: 0 0 0

#Transform 68
Transform: AffineTransform_float_3_3
Parameters: 0.999999 -0.000410552 0.000780763 0.000412449 0.999998 -0.00185568 -0.000780236 0.00185532 0.999998 -0.0451581 -0.0221933 -0.328572
FixedParameters: 0 0 0

#Transform 69
Transform: AffineTransform_float_3_3
Parameters: 0.999999 -0.000411553 0.00127914 0.000412446 1 -0.000348473 -0.00127886 0.000349527 0.999999 -0.0720759 -0.138809 -0.220814
FixedParameters: 0 0 0

#Transform 70
Transform: AffineTransform_float_3_3
Parameters: 0.999999 -0.000641621 0.00116476 0.00064338 0.999999 -0.00118425 -0.00116424 0.00118475 0.999998 -0.0441503 -0.125704 -0.386265
FixedParameters: 0 0 0

#Transform 71
Transform: AffineTransform_float_3_3
Parameters: 0.999999 -0.000685086 0.000693914 0.000684913 1 0.000124475 -0.000694085 -0.000124524 1 -0.0710341 -0.289304 -0.217296
FixedParameters: 0 0 0

#Transform 72
Transform: AffineTransform_float_3_3
Parameters: 0.999999 -0.000410261 0.00117761 0.000412739 0.999999 -0.00147652 -0.00117739 0.00147748 0.999998 -0.084635 -0.181687 -0.322861
FixedParameters: 0 0 0

#Transform 73
Transform: AffineTransform_float_3_3
Parameters: 0.999999 -0.000467881 0.000702416 0.000470118 0.999996 -0.00301967 -0.000700584 0.00301933 0.999995 -0.0130803 -0.0439931 -0.306499
FixedParameters: 0 0 0

#Transform 74
Transform: AffineTransform_float_3_3
Parameters: 0.999999 -0.000409489 0.00083224 0.00041251 0.999996 -0.00301866 -0.000830758 0.00301934 0.999995 -0.0431064 -0.0560881 -0.321433
FixedParameters: 0 0 0

#Transform 75
Transform: AffineTransform_float_3_3
Parameters: 1 -0.000125675 0.00103553 0.000129323 0.999992 -0.00417787 -0.00103447 0.00417813 0.99999 -0.0829012 0.067161 -0.375446
FixedParameters: 0 0 0

#Transform 76
Transform: AffineTransform_float_3_3
Parameters: 1 9.23975e-05 0.000440709 -9.06015e-05 0.999995 -0.00317004 -0.000441289 0.00316996 0.999995 -0.0733868 -0.0575634 -0.333346
FixedParameters: 0 0 0

#Transform 77
Transform: AffineTransform_float_3_3
Parameters: 1 0.000362926 0.000441239 -0.000362072 0.999997 -0.00209816 -0.00044276 0.00209784 0.999997 -0.0981286 -0.185066 -0.284784
FixedParameters: 0 0 0

#Transform 78
Transform: AffineTransform_float_3_3
Parameters: 1 0.000338657 0.000587047 -0.000337343 0.999996 -0.0028202 -0.000587953 0.0028198 0.999996 -0.0813242 -0.077262 -0.294584
FixedParameters: 0 0 0

#Transform 79
Transform: AffineTransform_float_3_3
Parameters: 1 0.000159146 0.000549669 -0.000157853 0.999998 -0.00208409 -0.00055033 0.00208391 0.999997 -0.0887473 -0.140247 -0.290071
FixedParameters: 0 0 0

#Transform 80
Transform: AffineTransform_float_3_3
Parameters: 1 0.000440308 0.00103402 -0.000438693 0.999998 -0.00223046 -0.00103498 0.00223055 0.999997 -0.10166 -0.0546244 -0.258329
FixedParameters: 0 0 0

#Transform 81
Transform: AffineTransform_float_3_3
Parameters: 0.999998 -0.00106496 0.00208645 0.00105404 0.999985 0.00524421 -0.00209256 -0.00524278 0.999984 0.278808 1.28946 -0.673587
FixedParameters: 0 0 0

#Transform 82
Transform: AffineTransform_float_3_3
Parameters: 0.999972 0.00464851 0.00586005 -0.00472149 0.999909 0.0125887 -0.00580195 -0.0126163 0.999903 0.700387 2.69567 -0.714676
FixedParameters: 0 0 0

#Transform 83
Transform: AffineTransform_float_3_3
Parameters: 0.999982 0.00406038 0.00457015 -0.00407463 0.999988 0.00297644 -0.00455886 -0.00299457 0.999985 0.337623 0.865332 -0.452621
FixedParameters: 0 0 0

#Transform 84
Transform: AffineTransform_float_3_3
Parameters: 0.999983 0.00271325 0.00518853 -0.00271975 0.999996 0.00129491 -0.00518546 -0.00130909 0.999985 0.123657 0.475273 0.261865
FixedParameters: 0 0 0

#Transform 85
Transform: AffineTransform_float_3_3
Parameters: 0.999984 0.000802394 0.00548516 -0.000817605 0.999996 0.00266056 -0.00548384 -0.00266544 0.999982 -0.0565443 0.0473545 0.184609
FixedParameters: 0 0 0

#Transform 86
Transform: AffineTransform_float_3_3
Parameters: 0.999985 0.000274828 0.00536642 -0.000283173 0.999999 0.0015225 -0.00536558 -0.0015235 0.999985 -0.122027 0.00274502 -0.0592819
FixedParameters: 0 0 0

#Transform 87
Transform: AffineTransform_float_3_3
Parameters: 0.999984 -2.00794e-06 0.005526 -9.00782e-06 0.999998 0.00199198 -0.00552599 -0.00199202 0.999982 -0.152102 -0.158581 -0.11481
FixedParameters: 0 0 0

#Transform 88
Transform: AffineTransform_float_3_3
Parameters: 0.999988 0.000258912 0.00473906 -0.000260087 1 0.00022877 -0.00473894 -0.000230229 0.999988 -0.0896717 -0.00508361 -0.0813437
FixedParameters: 0 0 0

#Transform 89
Transform: AffineTransform_float_3_3
Parameters: 0.999986 0.000345847 0.00514648 -0.000353149 0.999999 0.0013882 -0.00514651 -0.0013908 0.999986 -0.177321 -0.145745 -0.0600665
FixedParameters: 0 0 0

#Transform 90
Transform: AffineTransform_float_3_3
Parameters: 0.999987 0.000204144 0.00513111 -0.00020686 1 0.000556946 -0.00513088 -0.000557055 0.999986 -0.172405 -0.0635118 -0.144207
FixedParameters: 0 0 0

#Transform 91
Transform: AffineTransform_float_3_3
Parameters: 0.999986 2.80048e-05 0.005161 -2.79945e-05 1 -1.14449e-06 -0.005161 8.55478e-07 0.999986 -0.19747 -0.00591327 -0.0372371
FixedParameters: 0 0 0

#Transform 92
Transform: AffineTransform_float_3_3
Parameters: 0.999992 -2.50485e-05 0.00399309 3.69507e-05 0.999995 -0.00299287 -0.00399291 0.00299312 0.999987 -0.14293 0.163846 0.00286251
FixedParameters: 0 0 0

#Transform 93
Transform: AffineTransform_float_3_3
Parameters: 0.999991 -0.000212224 0.00423619 0.000215776 0.999999 -0.000891093 -0.00423581 0.000891906 0.99999 -0.170922 0.0205583 -0.0489324
FixedParameters: 0 0 0

#Transform 94
Transform: AffineTransform_float_3_3
Parameters: 0.999996 -0.000264072 0.00304261 0.00027093 0.999998 -0.00227719 -0.00304239 0.00227781 0.999993 -0.0795528 0.124144 -0.137277
FixedParameters: 0 0 0

#Transform 95
Transform: AffineTransform_float_3_3
Parameters: 0.999995 -0.000149658 0.00318325 0.00015534 0.999998 -0.00167751 -0.00318274 0.00167848 0.999993 -0.120203 0.0791339 -0.105106
FixedParameters: 0 0 0

#Transform 96
Transform: AffineTransform_float_3_3
Parameters: 0.999996 -0.0002637 0.00285268 0.000271302 0.999996 -0.00255923 -0.00285231 0.00255976 0.999992 -0.107964 0.164372 -0.128607
FixedParameters: 0 0 0

#Transform 97
Transform: AffineTransform_float_3_3
Parameters: 0.999997 0.000184085 0.00220842 -0.000176914 0.999995 -0.0032074 -0.00220958 0.0032076 0.999993 -0.123632 0.179615 -0.209994
FixedParameters: 0 0 0

#Transform 98
Transform: AffineTransform_float_3_3
Parameters: 0.999997 0.000825874 0.00202221 -0.000819124 0.999994 -0.00339866 -0.00202479 0.00339634 0.999992 -0.147048 0.211486 -0.200801
FixedParameters: 0 0 0

#Transform 99
Transform: AffineTransform_float_3_3
Parameters: 0.999997 0.0008041 0.00206163 -0.000797902 0.999996 -0.00295765 -0.00206337 0.00295635 0.999993 -0.12106 0.170248 -0.233317
FixedParameters: 0 0 0

#Transform 100
Transform: AffineTransform_float_3_3
Parameters: 0.999996 0.000846172 0.00266136 -0.000840828 0.999998 -0.00194424 -0.00266264 0.00194175 0.999994 -0.180598 0.0782972 -0.163006
FixedParameters: 0 0 0

#Transform 101
Transform: AffineTransform_float_3_3
Parameters: 0.999998 0.000747617 0.00212969 -0.000741381 0.999995 -0.00310659 -0.00213231 0.00310441 0.999993 -0.142252 0.163623 -0.280313
FixedParameters: 0 0 0

#Transform 102
Transform: AffineTransform_float_3_3
Parameters: 0.999996 0.000878309 0.00248978 -0.000871692 0.999997 -0.00253318 -0.00249221 0.00253182 0.999993 -0.17489 0.111288 -0.206595
FixedParameters: 0 0 0

#Transform 103
Transform: AffineTransform_float_3_3
Parameters: 0.999997 0.000957315 0.00234743 -0.000950682 0.999996 -0.00269024 -0.00235056 0.00268776 0.999993 -0.177235 0.0649822 -0.323717
FixedParameters: 0 0 0

#Transform 104
Transform: AffineTransform_float_3_3
Parameters: 0.999997 0.000471905 0.00238645 -0.000464096 0.999995 -0.00331212 -0.00238755 0.00331088 0.999991 -0.166191 0.132835 -0.278009
FixedParameters: 0 0 0

#Transform 105
Transform: AffineTransform_float_3_3
Parameters: 0.999997 0.000771345 0.0022852 -0.000766656 0.999997 -0.00233876 -0.0022868 0.00233724 0.999994 -0.179127 0.0235789 -0.33034
FixedParameters: 0 0 0

#Transform 106
Transform: AffineTransform_float_3_3
Parameters: 0.999996 0.000472118 0.00256652 -0.000463882 0.999995 -0.0031632 -0.00256748 0.0031618 0.999991 -0.17433 0.093653 -0.31156
FixedParameters: 0 0 0

#Transform 107
Transform: AffineTransform_float_3_3
Parameters: 0.999997 0.00121986 0.00241205 -0.00121414 0.999997 -0.00242894 -0.00241496 0.00242606 0.999994 -0.213556 0.01701 -0.33169
FixedParameters: 0 0 0

#Transform 108
Transform: AffineTransform_float_3_3
Parameters: 0.999997 0.000854523 0.00257252 -0.000847479 0.999996 -0.00292419 -0.00257449 0.00292181 0.999993 -0.213719 0.0627675 -0.300513
FixedParameters: 0 0 0

#Transform 109
Transform: AffineTransform_float_3_3
Parameters: 0.999998 0.000943006 0.00183644 -0.000937995 0.999996 -0.00272473 -0.00183856 0.00272327 0.999994 -0.156804 0.0399811 -0.321024
FixedParameters: 0 0 0

#Transform 110
Transform: AffineTransform_float_3_3
Parameters: 0.999997 0.00100733 0.00194325 -0.00100267 0.999995 -0.00274096 -0.00194675 0.00273905 0.999995 -0.185265 0.040684 -0.258658
FixedParameters: 0 0 0

#Transform 111
Transform: AffineTransform_float_3_3
Parameters: 0.999997 0.000928191 0.00200368 -0.000920808 0.999993 -0.00358686 -0.00200732 0.00358515 0.999992 -0.169844 0.0921201 -0.316265
FixedParameters: 0 0 0

#Transform 112
Transform: AffineTransform_float_3_3
Parameters: 0.999997 0.00110192 0.00191861 -0.00109607 0.999994 -0.00308611 -0.00192239 0.00308389 0.999994 -0.179265 0.0241327 -0.284662
FixedParameters: 0 0 0

#Transform 113
Transform: AffineTransform_float_3_3
Parameters: 0.999997 0.00107986 0.00221418 -0.00107114 0.999993 -0.00354838 -0.00221781 0.00354562 0.999992 -0.190497 0.0876972 -0.253671
FixedParameters: 0 0 0

#Transform 114
Transform: AffineTransform_float_3_3
Parameters: 0.999997 0.00121051 0.00221445 -0.00120348 0.999995 -0.00294067 -0.00221855 0.00293832 0.999993 -0.196597 0.0194896 -0.292922
FixedParameters: 0 0 0

#Transform 115
Transform: AffineTransform_float_3_3
Parameters: 0.999997 0.0011227 0.00221411 -0.0011153 0.999994 -0.00347648 -0.00221789 0.00347452 0.999991 -0.198841 0.0904749 -0.279306
FixedParameters: 0 0 0

#Transform 116
Transform: AffineTransform_float_3_3
Parameters: 0.999997 0.00108243 0.00221487 -0.00107657 0.999995 -0.00290239 -0.00221813 0.00289961 0.999994 -0.18973 0.0286719 -0.34744
FixedParameters: 0 0 0

#Transform 117
Transform: AffineTransform_float_3_3
Parameters: 0.999997 0.00107648 0.00221534 -0.00107052 0.999997 -0.00247338 -0.00221765 0.00247062 0.999994 -0.198638 -0.00568501 -0.287374
FixedParameters: 0 0 0

#Transform 118
Transform: AffineTransform_float_3_3
Parameters: 0.999997 0.00107812 0.00221503 -0.00107188 0.999995 -0.00276238 -0.00221797 0.00276062 0.999993 -0.200106 0.0128808 -0.342756
FixedParameters: 0 0 0

#Transform 119
Transform: AffineTransform_float_3_3
Parameters: 0.999998 0.000949383 0.00205206 -0.000942618 0.999994 -0.00310894 -0.00205494 0.00310706 0.999993 -0.190865 0.0701518 -0.305561
FixedParameters: 0 0 0

#Transform 120
Transform: AffineTransform_float_3_3
Parameters: 0.999997 0.001255 0.00221461 -0.001249 0.999995 -0.00270877 -0.00221839 0.00270622 0.999994 -0.220448 -0.0172417 -0.305835
FixedParameters: 0 0 0

#Transform 121
Transform: AffineTransform_float_3_3
Parameters: 0.999997 0.00121153 0.00221281 -0.00120247 0.99999 -0.00430468 -0.0022182 0.00430233 0.999989 -0.225547 0.165822 -0.326818
FixedParameters: 0 0 0

#Transform 122
Transform: AffineTransform_float_3_3
Parameters: 0.999998 0.00127367 0.00168072 -0.00126733 0.999993 -0.00337014 -0.00168428 0.00336786 0.999993 -0.195834 0.0489161 -0.293024
FixedParameters: 0 0 0

#Transform 123
Transform: AffineTransform_float_3_3
Parameters: 0.999998 0.0011922 0.00155527 -0.0011858 0.999992 -0.00397785 -0.00156073 0.00397615 0.999991 -0.186903 0.134439 -0.302738
FixedParameters: 0 0 0

#Transform 124
Transform: AffineTransform_float_3_3
Parameters: 0.999998 0.0013354 0.00191656 -0.0013286 0.999993 -0.00333755 -0.00192044 0.00333544 0.999992 -0.210182 0.0628338 -0.288042
FixedParameters: 0 0 0

#Transform 125
Transform: AffineTransform_float_3_3
Parameters: 0.999998 0.0011015 0.00203196 -0.0010935 0.999992 -0.00368623 -0.00203605 0.00368477 0.999991 -0.200759 0.124836 -0.305933
FixedParameters: 0 0 0

#Transform 126
Transform: AffineTransform_float_3_3
Parameters: 0.999997 0.00118606 0.0021066 -0.00117994 0.999995 -0.00287349 -0.0021104 0.0028715 0.999993 -0.209559 0.0221015 -0.303033
FixedParameters: 0 0 0

#Transform 127
Transform: AffineTransform_float_3_3
Parameters: 0.999997 0.00114642 0.00221366 -0.00113757 0.999992 -0.00380353 -0.00221834 0.00380047 0.999991 -0.197468 0.126556 -0.300241
FixedParameters: 0 0 0

#Transform 128
Transform: AffineTransform_float_3_3
Parameters: 0.999997 0.00122073 0.00207965 -0.00121427 0.999995 -0.00275353 -0.00208335 0.00275146 0.999994 -0.215281 0.0284119 -0.295739
FixedParameters: 0 0 0

#Transform 129
Transform: AffineTransform_float_3_3
Parameters: 0.999997 0.00108485 0.00221417 -0.00107715 0.999993 -0.0035444 -0.00221783 0.00354161 0.999992 -0.21572 0.114917 -0.320267
FixedParameters: 0 0 0

#Transform 130
Transform: AffineTransform_float_3_3
Parameters: 0.999997 0.00125654 0.00221487 -0.00125046 0.999996 -0.00250078 -0.00221813 0.00249822 0.999995 -0.227727 -0.0108668 -0.315697
FixedParameters: 0 0 0

#Transform 131
Transform: AffineTransform_float_3_3
Parameters: 0.999997 0.000948697 0.00221472 -0.000941303 0.999993 -0.00347309 -0.00221828 0.0034719 0.999991 -0.195881 0.113728 -0.399628
FixedParameters: 0 0 0

#Transform 132
Transform: AffineTransform_float_3_3
Parameters: 0.999996 0.00118132 0.00226924 -0.00117569 0.999997 -0.00234168 -0.00227176 0.00233932 0.999994 -0.232073 -0.0312173 -0.279367
FixedParameters: 0 0 0

#Transform 133
Transform: AffineTransform_float_3_3
Parameters: 0.999998 0.000743294 0.0022149 -0.000734707 0.999991 -0.00419364 -0.0022181 0.00419236 0.999989 -0.182229 0.123272 -0.363345
FixedParameters: 0 0 0

#Transform 134
Transform: AffineTransform_float_3_3
Parameters: 0.999996 0.00115547 0.00230526 -0.00114953 0.999996 -0.00237466 -0.00230773 0.00237134 0.999994 -0.226828 -0.0192233 -0.208426
FixedParameters: 0 0 0

#Transform 135
Transform: AffineTransform_float_3_3
Parameters: 0.999996 0.00112998 0.00249986 -0.00112303 0.999996 -0.00278982 -0.00250314 0.00278718 0.999993 -0.232181 0.000329756 -0.330261
FixedParameters: 0 0 0

#Transform 136
Transform: AffineTransform_float_3_3
Parameters: 0.999996 0.00108854 0.00231187 -0.00108346 0.999998 -0.00196251 -0.00231413 0.00196049 0.999996 -0.227789 -0.0701434 -0.265746
FixedParameters: 0 0 0

#Transform 137
Transform: AffineTransform_float_3_3
Parameters: 0.999996 0.00127023 0.00253339 -0.00126578 0.999997 -0.00206221 -0.00253561 0.00205979 0.999994 -0.240137 -0.0328985 -0.289418
FixedParameters: 0 0 0

#Transform 138
Transform: AffineTransform_float_3_3
Parameters: 0.999997 0.00111279 0.00246471 -0.00110121 0.999988 -0.00478073 -0.00247029 0.00477827 0.999985 -0.205139 0.177457 -0.484498
FixedParameters: 0 0 0

#Transform 139
Transform: AffineTransform_float_3_3
Parameters: 0.999997 0.000941635 0.00257049 -0.000931364 0.999992 -0.00374641 -0.00257451 0.00374459 0.999989 -0.237867 0.0894638 -0.273751
FixedParameters: 0 0 0

#Transform 140
Transform: AffineTransform_float_3_3
Parameters: 0.999991 0.00141477 0.00396896 -0.00139123 0.999982 -0.00573457 -0.00397704 0.00572842 0.999975 -0.370792 0.165098 -0.177362
FixedParameters: 0 0 0

#Transform 141
Transform: AffineTransform_float_3_3
Parameters: 0.999996 0.00078932 0.00249614 -0.000776679 0.999987 -0.00493295 -0.00249986 0.00493104 0.999984 -0.257687 0.0992373 -0.611368
FixedParameters: 0 0 0

#Transform 142
Transform: AffineTransform_float_3_3
Parameters: 0.999995 0.00134292 0.00264247 -0.00133008 0.999987 -0.00488454 -0.00264852 0.00488146 0.999984 -0.297245 -0.00513011 -0.660216
FixedParameters: 0 0 0

#Transform 143
Transform: AffineTransform_float_3_3
Parameters: 0.999997 0.00117857 0.00222687 -0.00116543 0.999981 -0.00608561 -0.00223413 0.00608339 0.999979 -0.245086 0.114814 -0.613886
FixedParameters: 0 0 0

#Transform 144
Transform: AffineTransform_float_3_3
Parameters: 0.999998 0.0012386 0.00198442 -0.0012284 0.999985 -0.00533645 -0.00199058 0.00533355 0.999984 -0.247765 0.0405288 -0.659936
FixedParameters: 0 0 0

#Transform 145
Transform: AffineTransform_float_3_3
Parameters: 0.999997 0.00116716 0.00206919 -0.00115484 0.999982 -0.0058674 -0.00207581 0.00586559 0.99998 -0.232209 0.12552 -0.630246
FixedParameters: 0 0 0

#Transform 146
Transform: AffineTransform_float_3_3
Parameters: 0.999998 0.00132403 0.001887 -0.00131397 0.999985 -0.00530649 -0.001894 0.00530451 0.999984 -0.242367 0.0470451 -0.669183
FixedParameters: 0 0 0

#Transform 147
Transform: AffineTransform_float_3_3
Parameters: 0.999999 0.000473054 0.00138494 -0.000463945 0.999978 -0.00653064 -0.00138806 0.00653035 0.999977 -0.148795 0.0811022 -0.76759
FixedParameters: 0 0 0

#Transform 148
Transform: AffineTransform_float_3_3
Parameters: 0.999998 0.000772763 0.00181345 -0.00076124 0.999982 -0.00592839 -0.00181754 0.00592661 0.999981 -0.193072 0.0145394 -0.776185
FixedParameters: 0 0 0

#Transform 149
Transform: AffineTransform_float_3_3
Parameters: 0.999998 0.000735602 0.00148227 -0.000725401 0.999979 -0.00646708 -0.00148672 0.00646691 0.999978 -0.166087 0.0962794 -0.694734
FixedParameters: 0 0 0

#Transform 150
Transform: AffineTransform_float_3_3
Parameters: 0.999999 0.000970268 0.00147695 -0.000960731 0.99998 -0.00626343 -0.00148305 0.00626157 0.99998 -0.190846 0.0490866 -0.743146
FixedParameters: 0 0 0

#Transform 151
Transform: AffineTransform_float_3_3
Parameters: 0.999998 0.000973372 0.00161238 -0.000964631 0.999982 -0.00580256 -0.00161762 0.00580143 0.999982 -0.207261 0.00346192 -0.672755
FixedParameters: 0 0 0

#Transform 152
Transform: AffineTransform_float_3_3
Parameters: 0.999998 0.000781262 0.00181361 -0.000770735 0.999983 -0.00565241 -0.00181839 0.00565059 0.999983 -0.199086 0.0321028 -0.669569
FixedParameters: 0 0 0

#Transform 153
Transform: AffineTransform_float_3_3
Parameters: 0.999998 0.000938479 0.00174747 -0.000930521 0.999988 -0.00484763 -0.00175153 0.00484536 0.999986 -0.219937 -0.0487173 -0.634478
FixedParameters: 0 0 0

#Transform 154
Transform: AffineTransform_float_3_3
Parameters: 0.999998 0.000474485 0.00181529 -0.000464517 0.999983 -0.00577185 -0.00181771 0.00577115 0.999981 -0.191136 0.0132619 -0.680905
FixedParameters: 0 0 0

#Transform 155
Transform: AffineTransform_float_3_3
Parameters: 0.999998 0.000992165 0.00181247 -0.000981837 0.999984 -0.00560079 -0.00181753 0.00559921 0.999982 -0.212083 0.0200119 -0.573094
FixedParameters: 0 0 0

#Transform 156
Transform: AffineTransform_float_3_3
Parameters: 0.999998 0.00114748 0.00199043 -0.00113652 0.999983 -0.00575928 -0.00199658 0.00575673 0.999982 -0.21776 0.0117798 -0.671794
FixedParameters: 0 0 0

#Transform 157
Transform: AffineTransform_float_3_3
Parameters: 0.999998 0.00128455 0.00188519 -0.00127246 0.999981 -0.00611142 -0.00189281 0.00610958 0.999979 -0.199016 0.214275 -0.594587
FixedParameters: 0 0 0

#Transform 158
Transform: AffineTransform_float_3_3
Parameters: 0.999998 0.000471458 0.00184611 -0.000464541 0.999991 -0.00403886 -0.00184789 0.00403714 0.99999 -0.147227 0.00313022 -0.556017
FixedParameters: 0 0 0

#Transform 159
Transform: AffineTransform_float_3_3
Parameters: 0.999998 0.00139719 0.00173524 -0.00138981 0.999991 -0.00413642 -0.00174076 0.00413358 0.99999 -0.283767 -0.129094 -0.572591
FixedParameters: 0 0 0

#Transform 160
Transform: AffineTransform_float_3_3
Parameters: 0.999999 0.00113409 -0.000464239 -0.00113491 0.999998 -0.00197348 0.000461762 0.00197353 0.999998 -0.137098 -0.405043 -0.251786
FixedParameters: 0 0 0

#Transform 161
Transform: AffineTransform_float_3_3
Parameters: 0.999993 0.00317879 0.00209587 -0.0031822 0.999994 0.00152734 -0.00209113 -0.00153466 0.999996 -0.416286 -0.453699 0.168989
FixedParameters: 0 0 0

#Transform 162
Transform: AffineTransform_float_3_3
Parameters: 0.999991 0.00437057 0.000601477 -0.00437143 0.999987 0.00239539 -0.000590527 -0.0023976 0.999997 -0.246264 -0.477608 0.17242
FixedParameters: 0 0 0

#Transform 163
Transform: AffineTransform_float_3_3
Parameters: 0.999989 0.00410804 0.00193779 -0.00410696 0.999992 -0.000540964 -0.00194021 0.000533035 0.999998 -0.359044 -0.165563 0.0191305
FixedParameters: 0 0 0

#Transform 164
Transform: AffineTransform_float_3_3
Parameters: 0.99999 0.00410825 0.00144243 -0.00410674 0.999991 -0.000871932 -0.00144557 0.000866069 0.999998 -0.363553 -0.187896 -0.122883
FixedParameters: 0 0 0

#Transform 165
Transform: AffineTransform_float_3_3
Parameters: 0.999993 0.00368641 0.00063061 -0.00368659 0.999993 -0.000649329 -0.000632392 0.000647673 0.999999 -0.308231 -0.128173 -0.0903088
FixedParameters: 0 0 0

#Transform 166
Transform: AffineTransform_float_3_3
Parameters: 0.999993 0.00365489 0.000475167 -0.0036541 0.999991 -0.00187075 -0.000481831 0.00186825 0.999998 -0.281625 -0.0479554 -0.174256
FixedParameters: 0 0 0

#Transform 167
Transform: AffineTransform_float_3_3
Parameters: 0.999993 0.00391427 0.000276143 -0.00391373 0.999992 -0.000986089 -0.000279861 0.000985912 1 -0.307806 -0.127269 -0.142216
FixedParameters: 0 0 0

#Transform 168
Transform: AffineTransform_float_3_3
Parameters: 0.999993 0.0035482 0.000111716 -0.0035478 0.999992 -0.00177141 -0.000118283 0.00177059 0.999999 -0.284613 -0.0360711 -0.1302
FixedParameters: 0 0 0

#Transform 169
Transform: AffineTransform_float_3_3
Parameters: 0.999988 0.00494173 0.000850999 -0.00493927 0.999985 -0.00202623 -0.000860998 0.00202177 0.999997 -0.40913 -0.0487707 -0.155135
FixedParameters: 0 0 0

#Transform 170
Transform: AffineTransform_float_3_3
Parameters: 0.99999 0.00432692 0.0002801 -0.00432608 0.999986 -0.00321324 -0.000293898 0.00321176 0.999995 -0.356438 0.0229388 -0.234651
FixedParameters: 0 0 0

#Transform 171
Transform: AffineTransform_float_3_3
Parameters: 0.999988 0.00485801 -4.79763e-06 -0.00485799 0.999983 -0.00304601 -9.79755e-06 0.00304599 0.999996 -0.370232 0.0152664 -0.199683
FixedParameters: 0 0 0

#Transform 172
Transform: AffineTransform_float_3_3
Parameters: 0.999989 0.00466035 0.000401586 -0.00465865 0.999983 -0.00330891 -0.000416414 0.0033071 0.999995 -0.364747 0.0279404 -0.285646
FixedParameters: 0 0 0

#Transform 173
Transform: AffineTransform_float_3_3
Parameters: 0.99999 0.00458317 0.000320733 -0.00458183 0.999983 -0.00355051 -0.000337269 0.00354949 0.999993 -0.365094 0.0586925 -0.32634
FixedParameters: 0 0 0

#Transform 174
Transform: AffineTransform_float_3_3
Parameters: 0.99999 0.00449817 0.000255203 -0.00449683 0.99998 -0.00440219 -0.0002748 0.00440181 0.999991 -0.364432 0.105319 -0.458428
FixedParameters: 0 0 0

#Transform 175
Transform: AffineTransform_float_3_3
Parameters: 0.999991 0.00423381 -0.00024903 -0.00423418 0.999978 -0.00496599 0.000227978 0.00496601 0.999987 -0.319548 0.114539 -0.444884
FixedParameters: 0 0 0

#Transform 176
Transform: AffineTransform_float_3_3
Parameters: 0.99999 0.00449673 -6.39922e-05 -0.00449627 0.999977 -0.00511276 4.1015e-05 0.00511223 0.999987 -0.320559 0.108425 -0.571671
FixedParameters: 0 0 0

#Transform 177
Transform: AffineTransform_float_3_3
Parameters: 0.999988 0.00485264 0.000646475 -0.00484936 0.99998 -0.00402618 -0.000665521 0.00402282 0.999991 -0.40501 0.0321812 -0.482632
FixedParameters: 0 0 0

#Transform 178
Transform: AffineTransform_float_3_3
Parameters: 0.999989 0.00481712 0.000476045 -0.00481488 0.999979 -0.00435234 -0.000496959 0.00435066 0.999991 -0.400559 0.0499444 -0.548381
FixedParameters: 0 0 0

#Transform 179
Transform: AffineTransform_float_3_3
Parameters: 0.99999 0.00449805 0.000164337 -0.00449694 0.999973 -0.0059288 -0.000191664 0.0059282 0.999983 -0.35786 0.19242 -0.572899
FixedParameters: 0 0 0

#Transform 180
Transform: AffineTransform_float_3_3
Parameters: 0.999988 0.00503532 0.000303906 -0.00503369 0.999979 -0.00419059 -0.000324095 0.00418942 0.999991 -0.394679 0.0282659 -0.536137
FixedParameters: 0 0 0

#Transform 181
Transform: AffineTransform_float_3_3
Parameters: 0.999989 0.00450163 0.000795201 -0.00449636 0.999974 -0.00573564 -0.000821792 0.00573136 0.999983 -0.39798 0.153205 -0.596718
FixedParameters: 0 0 0

#Transform 182
Transform: AffineTransform_float_3_3
Parameters: 0.999988 0.00482467 0.000847396 -0.00482134 0.999979 -0.00427414 -0.000867604 0.00426986 0.99999 -0.418228 0.0282169 -0.494657
FixedParameters: 0 0 0

#Transform 183
Transform: AffineTransform_float_3_3
Parameters: 0.999988 0.00469773 0.000841997 -0.00469326 0.999973 -0.00554001 -0.000868005 0.00553599 0.999985 -0.382007 0.15092 -0.583091
FixedParameters: 0 0 0

#Transform 184
Transform: AffineTransform_float_3_3
Parameters: 0.999989 0.00450111 0.000846418 -0.00449689 0.999979 -0.00479886 -0.000867582 0.00479515 0.999988 -0.389251 0.0955631 -0.491208
FixedParameters: 0 0 0

#Transform 185
Transform: AffineTransform_float_3_3
Parameters: 0.999988 0.00481705 0.0010017 -0.00481295 0.999981 -0.00400987 -0.0010203 0.00400514 0.999992 -0.414673 -0.00886136 -0.514974
FixedParameters: 0 0 0

#Transform 186
Transform: AffineTransform_float_3_3
Parameters: 0.99999 0.00415131 0.00130828 -0.00414569 0.999984 -0.00403346 -0.00132472 0.00402854 0.999991 -0.371006 0.0496527 -0.468553
FixedParameters: 0 0 0

#Transform 187
Transform: AffineTransform_float_3_3
Parameters: 0.999988 0.00466963 0.00139054 -0.00466437 0.999983 -0.00331653 -0.00140547 0.00331048 0.999994 -0.420427 -0.0442026 -0.418448
FixedParameters: 0 0 0

#Transform 188
Transform: AffineTransform_float_3_3
Parameters: 0.999988 0.00470826 0.000683913 -0.00470474 0.999978 -0.00469427 -0.000706084 0.00469073 0.999988 -0.409664 0.128831 -0.400659
FixedParameters: 0 0 0

#Transform 189
Transform: AffineTransform_float_3_3
Parameters: 0.999988 0.00497904 0.000696612 -0.00497596 0.999979 -0.00429852 -0.00071839 0.00429548 0.99999 -0.416833 0.0568939 -0.416187
FixedParameters: 0 0 0

#Transform 190
Transform: AffineTransform_float_3_3
