#Insight Transform File V1.0
#Transform 0
Transform: AffineTransform_float_3_3
Parameters: 0.999984 -0.000611446 0.00551534 0.000586559 0.99999 0.0044323 -0.00551765 -0.00442969 0.999975 0.0532401 -0.105662 -0.130245
FixedParameters: 0 0 0

#Transform 1
Transform: AffineTransform_float_3_3
Parameters: 0.999989 -0.000352413 0.00482083 0.000335588 0.999994 0.00340466 -0.00482217 -0.00340334 0.999982 0.075523 -0.110211 -0.131663
FixedParameters: 0 0 0

#Transform 2
Transform: AffineTransform_float_3_3
Parameters: 0.999996 -0.000215091 0.00255899 0.00021491 1 3.55501e-05 -0.00255901 -3.54497e-05 0.999996 0.0572712 -0.0798261 -0.275131
FixedParameters: 0 0 0

#Transform 3
Transform: AffineTransform_float_3_3
Parameters: 0.999994 -0.000680408 0.00319264 0.00067359 0.999998 0.00200816 -0.00319436 -0.00200584 0.999993 0.0845005 -0.048448 -0.153694
FixedParameters: 0 0 0

#Transform 4
Transform: AffineTransform_float_3_3
Parameters: 0.999993 -0.00067861 0.0034791 0.000674389 0.999999 0.00132635 -0.0034799 -0.00132365 0.999993 0.0967169 -0.118892 -0.237475
FixedParameters: 0 0 0

#Transform 5
Transform: AffineTransform_float_3_3
Parameters: 0.999993 -0.000675234 0.00347976 0.000673764 0.999999 0.000356347 -0.00348024 -0.000353652 0.999994 0.0968397 -0.123267 -0.201893
FixedParameters: 0 0 0

#Transform 6
Transform: AffineTransform_float_3_3
Parameters: 0.999993 -0.000675958 0.00347962 0.000674043 0.999999 0.000563349 -0.00348038 -0.000561651 0.999994 0.0967663 -0.102604 -0.218972
FixedParameters: 0 0 0

#Transform 7
Transform: AffineTransform_float_3_3
Parameters: 0.999995 -0.000675417 0.00308669 0.000673583 0.999999 0.000460081 -0.00308731 -0.000457917 0.999995 0.0672275 -0.117384 -0.263603
FixedParameters: 0 0 0

#Transform 8
Transform: AffineTransform_float_3_3
Parameters: 0.999993 -0.000678519 0.00347912 0.000674483 0.999999 0.00129935 -0.00347988 -0.00129765 0.999993 0.073141 -0.0971766 -0.203008
FixedParameters: 0 0 0

#Transform 9
Transform: AffineTransform_float_3_3
Parameters: 0.999996 -0.000674929 0.00299679 0.000674071 0.999999 0.000311022 -0.00299621 -0.000308979 0.999996 0.0871144 -0.138977 -0.262812
FixedParameters: 0 0 0

#Transform 10
Transform: AffineTransform_float_3_3
Parameters: 0.999998 -0.000789577 0.00209516 0.000789422 0.999999 -0.000200346 -0.00209484 0.000202654 0.999998 0.0762958 -0.153946 -0.253848
FixedParameters: 0 0 0

#Transform 11
Transform: AffineTransform_float_3_3
Parameters: 0.999995 -0.000471212 0.00306489 0.000477787 0.999998 -0.00188754 -0.0030641 0.00188945 0.999993 0.0799366 -0.180647 -0.263428
FixedParameters: 0 0 0

#Transform 12
Transform: AffineTransform_float_3_3
Parameters: 0.999998 0.000781154 0.00211642 -0.000784846 0.999998 0.00181734 -0.00211458 -0.00181866 0.999996 -0.0256273 0.0347376 0.0512792
FixedParameters: 0 0 0

#Transform 13
Transform: AffineTransform_float_3_3
Parameters: 0.999998 0.000891151 0.00135354 -0.000894848 0.999995 0.00284479 -0.00135146 -0.00284621 0.999995 -0.0936457 0.0601142 0.0836085
FixedParameters: 0 0 0

#Transform 14
Transform: AffineTransform_float_3_3
Parameters: 1 0.000895439 -0.000158542 -0.000895563 0.999996 0.00274614 0.00016046 -0.00274586 0.999996 -0.100414 0.0377768 0.0988757
FixedParameters: 0 0 0

#Transform 15
Transform: AffineTransform_float_3_3
Parameters: 1 0.000754839 0.000748172 -0.00075616 0.999998 0.00155143 -0.000746827 -0.00155256 0.999998 -0.0946685 0.0603992 0.161711
FixedParameters: 0 0 0

#Transform 16
Transform: AffineTransform_float_3_3
Parameters: 0.999999 0.000893358 0.0012282 -0.000895643 0.999998 0.0013369 -0.0012278 -0.0013381 0.999999 -0.0627965 0.0128349 0.103264
FixedParameters: 0 0 0

#Transform 17
Transform: AffineTransform_float_3_3
Parameters: 0.999999 0.000286175 0.000909212 -0.000289823 0.999991 0.00420874 -0.000907787 -0.00420926 0.99999 -0.0255054 0.0659037 0.115283
FixedParameters: 0 0 0

#Transform 18
Transform: AffineTransform_float_3_3
Parameters: 0.999999 0.000229519 0.0014164 -0.00023248 0.999999 0.00175167 -0.0014156 -0.00175233 0.999998 -0.00447197 0.00621767 -0.0157836
FixedParameters: 0 0 0

#Transform 19
Transform: AffineTransform_float_3_3
Parameters: 0.999999 -0.000131464 0.000992807 0.000129535 0.999999 0.00147513 -0.000993192 -0.00147487 0.999999 0.0219068 0.0298986 0.0302641
FixedParameters: 0 0 0

#Transform 20
Transform: AffineTransform_float_3_3
Parameters: 0.999999 7.97497e-05 0.000747244 -8.22496e-05 0.999996 0.00301194 -0.000746756 -0.00301206 0.999995 0.0073159 0.0308885 0.0544905
FixedParameters: 0 0 0

#Transform 21
Transform: AffineTransform_float_3_3
Parameters: 0.999999 0.000791959 1.20721e-05 -0.00079204 0.999992 0.00387899 -8.92774e-06 -0.00387901 0.999993 -0.0357324 0.0749548 0.142908
FixedParameters: 0 0 0

#Transform 22
Transform: AffineTransform_float_3_3
Parameters: 0.999999 0.000990506 0.000381283 -0.000990492 0.999998 0.00129462 -0.000379717 -0.00129538 0.999999 -0.0307375 -0.0502928 0.0366095
FixedParameters: 0 0 0

#Transform 23
Transform: AffineTransform_float_3_3
Parameters: 0.999999 0.000778331 -0.000259005 -0.000777668 0.999999 0.0012782 0.000259994 -0.0012778 0.999999 -0.0372848 0.044913 0.0784014
FixedParameters: 0 0 0

#Transform 24
Transform: AffineTransform_float_3_3
Parameters: 0.999999 0.000778708 -0.000223546 -0.000778293 0.999994 0.00315217 0.000225454 -0.00315182 0.999995 -0.0219305 0.0784822 0.139856
FixedParameters: 0 0 0

#Transform 25
Transform: AffineTransform_float_3_3
Parameters: 0.999999 0.00100703 -1.28631e-05 -0.00100697 0.999997 0.00212201 1.51368e-05 -0.00212199 0.999997 -0.0530447 0.0228358 0.111884
FixedParameters: 0 0 0

#Transform 26
Transform: AffineTransform_float_3_3
Parameters: 0.999999 0.000780132 -0.00114155 -0.000777867 0.999998 0.00186689 0.00114345 -0.00186611 0.999997 -0.0382817 0.0518262 0.14972
FixedParameters: 0 0 0

#Transform 27
Transform: AffineTransform_float_3_3
Parameters: 0.999999 0.000273141 -0.00134038 -0.000274858 0.999999 -0.00138663 0.00133962 0.00138737 0.999998 -0.0420495 0.00830319 -0.0579013
FixedParameters: 0 0 0

#Transform 28
Transform: AffineTransform_float_3_3
Parameters: 0.999999 0.000246104 -0.00150133 -0.000241898 0.999996 0.00273237 0.00150167 -0.00273263 0.999995 -0.0297687 0.060727 0.13925
FixedParameters: 0 0 0

#Transform 29
Transform: AffineTransform_float_3_3
Parameters: 0.999999 0.000331521 -0.00178384 -0.000335478 0.999997 -0.00251041 0.00178316 0.0025116 0.999996 -0.0619443 -0.0309293 -0.0136801
FixedParameters: 0 0 0

#Transform 30
Transform: AffineTransform_float_3_3
Parameters: 0.999997 0.000770809 -0.00202293 -0.000768191 0.999998 0.00138856 0.00202407 -0.00138744 0.999997 -0.114786 0.133152 0.170797
FixedParameters: 0 0 0

#Transform 31
Transform: AffineTransform_float_3_3
Parameters: 0.999991 -0.0011861 -0.0040671 0.0011829 0.999999 -0.000764818 0.00406891 0.000760181 0.999992 -0.0367706 -0.0168884 -0.00614932
FixedParameters: 0 0 0

#Transform 32
Transform: AffineTransform_float_3_3
Parameters: 0.999993 0.000478197 -0.00365937 -0.000480803 0.999999 -0.000765245 0.00365863 0.000766754 0.999993 -0.113579 0.037018 0.0601457
FixedParameters: 0 0 0

#Transform 33
Transform: AffineTransform_float_3_3
Parameters: 0.999993 0.000414296 -0.00385819 -0.000416703 1 -0.000440396 0.00385882 0.000442602 0.999993 -0.0928334 0.0870826 0.0445616
FixedParameters: 0 0 0

#Transform 34
Transform: AffineTransform_float_3_3
Parameters: 0.999993 0.000555728 -0.00371371 -0.000567273 0.999995 -0.00303492 0.0037123 0.00303709 0.999989 -0.0904414 0.0268301 -0.0504502
FixedParameters: 0 0 0

#Transform 35
Transform: AffineTransform_float_3_3
Parameters: 0.999992 0.00055737 -0.00396337 -0.000566628 0.999997 -0.00242877 0.00396164 0.00243123 0.999989 -0.0838982 0.0639467 -0.0698093
FixedParameters: 0 0 0

#Transform 36
Transform: AffineTransform_float_3_3
Parameters: 0.999995 0.000557983 -0.00308464 -0.000567018 0.999995 -0.00292326 0.00308336 0.00292473 0.999991 -0.0703372 0.0194777 -0.0487917
FixedParameters: 0 0 0

#Transform 37
Transform: AffineTransform_float_3_3
Parameters: 0.999995 0.000556234 -0.00308496 -0.000566767 0.999993 -0.00349027 0.00308304 0.00349173 0.999989 -0.0657418 0.00942053 -0.0553246
FixedParameters: 0 0 0

#Transform 38
Transform: AffineTransform_float_3_3
Parameters: 0.999995 0.000382338 -0.00308447 -0.000394662 0.999993 -0.0037818 0.00308253 0.0037822 0.999988 -0.0509061 0.0198046 -0.093887
FixedParameters: 0 0 0

#Transform 39
Transform: AffineTransform_float_3_3
Parameters: 0.999996 0.000164278 -0.00288375 -0.000176725 0.999991 -0.00441251 0.00288325 0.00441249 0.999986 -0.0306569 -0.0132919 -0.0981278
FixedParameters: 0 0 0

#Transform 40
Transform: AffineTransform_float_3_3
Parameters: 0.999995 0.000552223 -0.00313664 -0.000566779 0.999988 -0.00471224 0.00313436 0.00471375 0.999984 -0.0469584 0.0603134 -0.122234
FixedParameters: 0 0 0

#Transform 41
Transform: AffineTransform_float_3_3
Parameters: 0.999995 0.00037989 -0.00308516 -0.000397111 0.999984 -0.0055478 0.00308284 0.00554819 0.99998 -0.0367005 -0.0346491 -0.148709
FixedParameters: 0 0 0

#Transform 42
Transform: AffineTransform_float_3_3
Parameters: 0.999996 0.000277217 -0.00275374 -0.000293785 0.999982 -0.00609621 0.00275226 0.00609679 0.999977 -0.0199864 0.0395158 -0.171928
FixedParameters: 0 0 0

#Transform 43
Transform: AffineTransform_float_3_3
Parameters: 0.999996 -0.000111298 -0.00290736 9.27065e-05 0.99998 -0.0062923 0.00290764 0.0062927 0.999976 -0.00070583 0.0236524 -0.162379
FixedParameters: 0 0 0

#Transform 44
Transform: AffineTransform_float_3_3
Parameters: 0.999997 0.000533291 -0.00260364 -0.000545708 0.999988 -0.00488359 0.00260037 0.0048844 0.999984 -0.0448784 0.0375935 -0.0885871
FixedParameters: 0 0 0

#Transform 45
Transform: AffineTransform_float_3_3
Parameters: 0.999996 0.000981676 -0.00265983 -0.000991326 0.999992 -0.00388338 0.00265617 0.00388562 0.999989 -0.0596982 0.0248276 -0.0641752
FixedParameters: 0 0 0

#Transform 46
Transform: AffineTransform_float_3_3
Parameters: 0.999996 0.00071513 -0.0029514 -0.000728872 0.999988 -0.00470087 0.00294861 0.00470313 0.999984 -0.0821088 0.0346462 -0.0969714
FixedParameters: 0 0 0

#Transform 47
Transform: AffineTransform_float_3_3
Parameters: 0.999996 0.000210443 -0.0028372 -0.000225557 0.999985 -0.00548438 0.00283581 0.00548462 0.999981 -0.0717079 -0.165573 -0.214596
FixedParameters: 0 0 0

#Transform 48
Transform: AffineTransform_float_3_3
Parameters: 0.999999 0.000794637 -0.00165507 -0.000801364 0.999993 -0.00384768 0.00165193 0.00384932 0.999991 -0.0843011 -0.0670441 -0.110688
FixedParameters: 0 0 0

#Transform 49
Transform: AffineTransform_float_3_3
Parameters: 0.999997 0.00126247 -0.00221446 -0.00127254 0.99999 -0.0043092 0.00220954 0.0043118 0.999989 -0.124116 -0.00571636 -0.11305
FixedParameters: 0 0 0

#Transform 50
Transform: AffineTransform_float_3_3
Parameters: 0.999997 0.00122349 -0.00236747 -0.00123452 0.99999 -0.0044451 0.00236254 0.00444791 0.999988 -0.106771 -0.0499354 -0.12453
FixedParameters: 0 0 0

#Transform 51
Transform: AffineTransform_float_3_3
Parameters: 0.999997 0.000977159 -0.00233726 -0.000991845 0.99998 -0.0063567 0.00233174 0.0063593 0.999977 -0.111314 -0.0307445 -0.18309
FixedParameters: 0 0 0

#Transform 52
Transform: AffineTransform_float_3_3
Parameters: 0.999997 0.00164185 -0.00190692 -0.00165115 0.999987 -0.00480887 0.00189908 0.00481113 0.999986 -0.154858 -0.00852783 -0.131297
FixedParameters: 0 0 0

#Transform 53
Transform: AffineTransform_float_3_3
Parameters: 0.999997 0.00177015 -0.00199389 -0.00177885 0.999988 -0.00444547 0.00198511 0.00444853 0.999988 -0.180715 0.065485 -0.12018
FixedParameters: 0 0 0

#Transform 54
Transform: AffineTransform_float_3_3
Parameters: 0.999998 0.00169295 -0.00124788 -0.00169805 0.999991 -0.00405789 0.00124112 0.00405911 0.999991 -0.176598 0.00126211 -0.137131
FixedParameters: 0 0 0

#Transform 55
Transform: AffineTransform_float_3_3
Parameters: 0.999997 0.00177369 -0.00126448 -0.00177931 0.999989 -0.00420976 0.00125752 0.00421224 0.999991 -0.177514 0.0576498 -0.112624
FixedParameters: 0 0 0

#Transform 56
Transform: AffineTransform_float_3_3
Parameters: 0.999998 0.00177194 -0.00139403 -0.00177907 0.999985 -0.00508353 0.00138497 0.00508547 0.999986 -0.172579 -0.00804322 -0.196246
FixedParameters: 0 0 0

#Transform 57
Transform: AffineTransform_float_3_3
Parameters: 0.999998 0.00153129 -0.00133573 -0.00153771 0.999986 -0.00503796 0.00132827 0.00504005 0.999987 -0.166794 0.024986 -0.159827
FixedParameters: 0 0 0

#Transform 58
Transform: AffineTransform_float_3_3
Parameters: 0.999998 0.00177102 -0.00140016 -0.00177898 0.999982 -0.00572152 0.00138984 0.00572447 0.999982 -0.178039 -0.0131095 -0.191186
FixedParameters: 0 0 0

#Transform 59
Transform: AffineTransform_float_3_3
Parameters: 0.999998 0.00207079 -0.000861184 -0.00207421 0.999986 -0.00491222 0.00085082 0.00491377 0.999987 -0.192323 0.0330705 -0.151044
FixedParameters: 0 0 0

#Transform 60
Transform: AffineTransform_float_3_3
Parameters: 0.999998 0.00219144 -0.000377167 -0.00219256 0.999989 -0.00418118 0.000367835 0.00418182 0.999991 -0.199037 0.0404415 -0.164852
FixedParameters: 0 0 0

#Transform 61
Transform: AffineTransform_float_3_3
Parameters: 0.999999 0.00176656 0.000103822 -0.00176644 0.999985 -0.00519619 -0.00011318 0.00519581 0.999987 -0.171345 -0.00689378 -0.168014
FixedParameters: 0 0 0

#Transform 62
Transform: AffineTransform_float_3_3
Parameters: 0.999997 0.00219319 3.81791e-05 -0.00219281 0.999987 -0.00447809 -4.78198e-05 0.0044779 0.99999 -0.198899 0.0569729 -0.117404
FixedParameters: 0 0 0

#Transform 63
Transform: AffineTransform_float_3_3
Parameters: 0.999997 0.0021935 0.000102819 -0.0021935 0.999987 -0.00464224 -0.000113185 0.00464276 0.999989 -0.199934 0.023586 -0.175973
FixedParameters: 0 0 0

#Transform 64
Transform: AffineTransform_float_3_3
Parameters: 0.999997 0.0021295 -0.000320122 -0.00213149 0.999986 -0.00475132 0.000309876 0.00475167 0.999988 -0.197574 0.0925177 -0.168472
FixedParameters: 0 0 0

#Transform 65
Transform: AffineTransform_float_3_3
Parameters: 0.999997 0.00245177 -0.000485385 -0.00245322 0.999986 -0.00464083 0.000473618 0.00464218 0.999989 -0.193609 0.0302871 -0.138144
FixedParameters: 0 0 0

#Transform 66
Transform: AffineTransform_float_3_3
Parameters: 0.999998 0.00217362 -0.000869047 -0.00217838 0.999984 -0.00507612 0.000857952 0.00507788 0.999986 -0.194829 0.0629581 -0.132336
FixedParameters: 0 0 0

#Transform 67
Transform: AffineTransform_float_3_3
Parameters: 0.999998 0.00216262 -0.000866476 -0.00216638 0.99999 -0.00391513 0.000857523 0.00391686 0.999992 -0.180313 -5.35237e-05 -0.138231
FixedParameters: 0 0 0

#Transform 68
Transform: AffineTransform_float_3_3
Parameters: 0.999998 0.00218469 -0.000755638 -0.00218831 0.999988 -0.00440736 0.000746362 0.00440864 0.99999 -0.203194 0.052023 -0.143661
FixedParameters: 0 0 0

#Transform 69
Transform: AffineTransform_float_3_3
Parameters: 0.999998 0.00210505 -0.000867649 -0.00210895 0.999988 -0.00457818 0.000857353 0.00457982 0.999989 -0.19962 0.0077883 -0.178425
FixedParameters: 0 0 0

#Transform 70
Transform: AffineTransform_float_3_3
Parameters: 0.999997 0.00220105 -0.000868088 -0.00220495 0.999987 -0.0045781 0.000857913 0.0045799 0.999989 -0.195159 0.0821834 -0.153053
FixedParameters: 0 0 0

#Transform 71
Transform: AffineTransform_float_3_3
Parameters: 0.999998 0.00221331 -0.00037414 -0.00221469 0.999987 -0.00457919 0.000363862 0.00457982 0.99999 -0.19862 0.0262301 -0.147676
FixedParameters: 0 0 0

#Transform 72
Transform: AffineTransform_float_3_3
Parameters: 0.999997 0.00234879 -0.000259246 -0.00235021 0.999986 -0.0047864 0.000247754 0.00478659 0.999988 -0.193237 0.0894162 -0.157207
FixedParameters: 0 0 0

#Transform 73
Transform: AffineTransform_float_3_3
Parameters: 0.999997 0.0020972 -0.000653041 -0.00209979 0.999988 -0.00430763 0.00064396 0.00430836 0.99999 -0.182 0.0377544 -0.115702
FixedParameters: 0 0 0

#Transform 74
Transform: AffineTransform_float_3_3
Parameters: 0.999998 0.00201712 -0.000328749 -0.00201888 0.999981 -0.00582135 0.000317253 0.00582165 0.999983 -0.159266 0.0308658 -0.127775
FixedParameters: 0 0 0

#Transform 75
Transform: AffineTransform_float_3_3
Parameters: 0.999997 0.00204892 -0.000594723 -0.00205208 0.999984 -0.00522879 0.000584276 0.00523021 0.999986 -0.173234 0.0124048 -0.146048
FixedParameters: 0 0 0

#Transform 76
Transform: AffineTransform_float_3_3
Parameters: 0.999996 0.00262187 -0.00022177 -0.00262313 0.999983 -0.00525044 0.000208231 0.00525056 0.999986 -0.179721 0.0803596 -0.171713
FixedParameters: 0 0 0

#Transform 77
Transform: AffineTransform_float_3_3
Parameters: 0.999997 0.00251463 0.000301738 -0.00251237 0.999983 -0.00527577 -0.000315259 0.00527522 0.999986 -0.18942 0.0977533 -0.167547
FixedParameters: 0 0 0

#Transform 78
Transform: AffineTransform_float_3_3
Parameters: 0.999996 0.00262404 0.000219873 -0.00262295 0.999986 -0.00462259 -0.000232125 0.00462141 0.99999 -0.182508 0.0567194 -0.131011
FixedParameters: 0 0 0

#Transform 79
Transform: AffineTransform_float_3_3
Parameters: 0.999996 0.00270148 0.000529518 -0.00269952 0.999985 -0.00462345 -0.000542484 0.00462155 0.999989 -0.190418 0.107812 -0.114981
FixedParameters: 0 0 0

#Transform 80
Transform: AffineTransform_float_3_3
Parameters: 0.999996 0.00262672 0.000885041 -0.00262328 0.999988 -0.00417634 -0.000895962 0.00417466 0.999991 -0.192611 0.0556787 -0.103949
FixedParameters: 0 0 0

#Transform 81
Transform: AffineTransform_float_3_3
Parameters: 0.999997 0.00250054 0.000883261 -0.00249646 0.999984 -0.00510022 -0.000896741 0.00509777 0.999986 -0.186525 0.103839 -0.137066
FixedParameters: 0 0 0

#Transform 82
Transform: AffineTransform_float_3_3
Parameters: 0.999996 0.0026229 -2.57417e-05 -0.00262309 0.999983 -0.00523895 1.12577e-05 0.00523905 0.999987 -0.192241 0.0541464 -0.143632
FixedParameters: 0 0 0

#Transform 83
Transform: AffineTransform_float_3_3
Parameters: 0.999996 0.00262183 -0.000239143 -0.00262316 0.999984 -0.00501139 0.000225855 0.00501261 0.999988 -0.193065 0.0993766 -0.0976573
FixedParameters: 0 0 0

#Transform 84
Transform: AffineTransform_float_3_3
Parameters: 0.999997 0.00250764 -0.00032175 -0.00250836 0.999987 -0.0042852 0.000311253 0.00428579 0.999991 -0.170175 0.0788254 -0.0722062
FixedParameters: 0 0 0

#Transform 85
Transform: AffineTransform_float_3_3
Parameters: 0.999998 0.00221915 0.000242712 -0.00221785 0.999987 -0.00463755 -0.000253286 0.00463645 0.999989 -0.155377 0.0841759 -0.0648009
FixedParameters: 0 0 0

#Transform 86
Transform: AffineTransform_float_3_3
Parameters: 0.999997 0.00210931 -0.000429376 -0.00211069 0.99999 -0.0039691 0.000420625 0.0039699 0.999992 -0.148531 0.0687059 -0.0319404
FixedParameters: 0 0 0

#Transform 87
Transform: AffineTransform_float_3_3
Parameters: 0.999997 0.00210683 -0.00056911 -0.00210917 0.999991 -0.00384681 0.000560889 0.00384819 0.999993 -0.148991 0.12711 -0.0221655
FixedParameters: 0 0 0

#Transform 88
Transform: AffineTransform_float_3_3
Parameters: 0.999998 0.00223542 -0.000141486 -0.00223658 0.999989 -0.0042427 0.000132513 0.00424231 0.999991 -0.166049 0.0578831 -0.0607159
FixedParameters: 0 0 0

#Transform 89
Transform: AffineTransform_float_3_3
Parameters: 0.999998 0.00203544 -0.000151664 -0.00203656 0.999991 -0.0037647 0.000144335 0.0037643 0.999993 -0.162497 0.135434 0.0232954
FixedParameters: 0 0 0

#Transform 90
Transform: AffineTransform_float_3_3
Parameters: 0.999997 0.00221731 -0.000846089 -0.00222069 0.999993 -0.00319413 0.000838907 0.00319687 0.999994 -0.177736 0.0718381 -0.0501325
FixedParameters: 0 0 0

#Transform 91
Transform: AffineTransform_float_3_3
Parameters: 0.999998 0.00208064 -0.000319976 -0.00208236 0.999988 -0.00431234 0.000311023 0.00431265 0.99999 -0.172055 0.102866 -0.0375907
FixedParameters: 0 0 0

#Transform 92
Transform: AffineTransform_float_3_3
Parameters: 0.999998 0.00216678 -0.000637597 -0.00216922 0.999991 -0.00350362 0.000629401 0.00350537 0.999993 -0.176683 0.0415798 -0.0564029
FixedParameters: 0 0 0

#Transform 93
Transform: AffineTransform_float_3_3
Parameters: 0.999998 0.00221457 -0.000321024 -0.00221643 0.999988 -0.0045243 0.000310973 0.0045257 0.999989 -0.185561 0.0810185 -0.0850984
FixedParameters: 0 0 0

#Transform 94
Transform: AffineTransform_float_3_3
Parameters: 0.999998 0.00216119 -0.000795691 -0.00216382 0.999992 -0.00355529 0.000788311 0.00355672 0.999994 -0.171761 0.064249 -0.0881905
FixedParameters: 0 0 0

#Transform 95
Transform: AffineTransform_float_3_3
Parameters: 0.999998 0.00205891 -0.000872342 -0.0020621 0.999992 -0.00356221 0.000864659 0.00356379 0.999994 -0.173035 0.0672972 -0.0518352
FixedParameters: 0 0 0

#Transform 96
Transform: AffineTransform_float_3_3
Parameters: 0.999997 0.00227605 -0.000735199 -0.00227895 0.999989 -0.00403834 0.000725801 0.00403966 0.999991 -0.181484 0.071677 -0.0665399
FixedParameters: 0 0 0

#Transform 97
Transform: AffineTransform_float_3_3
Parameters: 0.999997 0.00208347 -0.000607729 -0.00208653 0.999989 -0.00418674 0.00059927 0.00418726 0.999991 -0.175861 0.0759504 -0.0588966
FixedParameters: 0 0 0

#Transform 98
Transform: AffineTransform_float_3_3
Parameters: 0.999998 0.00202068 -0.000319465 -0.00202132 0.999989 -0.00418736 0.000310539 0.00418764 0.999991 -0.180624 0.0927889 -0.0438599
FixedParameters: 0 0 0

#Transform 99
Transform: AffineTransform_float_3_3
Parameters: 0.999998 0.00212312 -0.000610567 -0.00212588 0.999993 -0.00309071 0.000604431 0.00309229 0.999995 -0.173374 0.0307891 -0.0647815
FixedParameters: 0 0 0

#Transform 100
Transform: AffineTransform_float_3_3
Parameters: 0.999998 0.0021144 -0.000791685 -0.0021186 0.999988 -0.00457534 0.000781314 0.00457667 0.999989 -0.161487 0.0681391 -0.142947
FixedParameters: 0 0 0

#Transform 101
Transform: AffineTransform_float_3_3
Parameters: 0.999998 0.00196755 -0.000320036 -0.00196945 0.999988 -0.00459038 0.000310963 0.00459062 0.999989 -0.165438 0.065287 -0.117242
FixedParameters: 0 0 0

#Transform 102
Transform: AffineTransform_float_3_3
Parameters: 0.999998 0.00209487 0.000221976 -0.00209413 0.999991 -0.00383147 -0.000230024 0.00383053 0.999992 -0.176112 0.148517 0.0315338
FixedParameters: 0 0 0

#Transform 103
Transform: AffineTransform_float_3_3
Parameters: 0.999997 0.00263323 4.39585e-05 -0.00263277 0.999986 -0.00457313 -5.60427e-05 0.00457387 0.999989 -0.192538 0.063622 -0.0296505
FixedParameters: 0 0 0

#Transform 104
Transform: AffineTransform_float_3_3
Parameters: 0.999997 0.00251888 -3.45694e-05 -0.00251912 0.999988 -0.00419593 2.44299e-05 0.00419608 0.999991 -0.180837 0.110414 -0.0144213
FixedParameters: 0 0 0

#Transform 105
Transform: AffineTransform_float_3_3
Parameters: 0.999998 0.0023348 -5.03109e-05 -0.0023352 0.999988 -0.0044159 3.9688e-05 0.00441611 0.99999 -0.199174 0.0556388 -0.0250075
FixedParameters: 0 0 0

#Transform 106
Transform: AffineTransform_float_3_3
Parameters: 0.999997 0.00248401 -3.83497e-06 -0.00248399 0.999983 -0.005167 -8.83488e-06 0.00516699 0.999986 -0.186573 0.0524638 -0.0346818
FixedParameters: 0 0 0

#Transform 107
Transform: AffineTransform_float_3_3
Parameters: 0.999996 0.0025518 0.000428648 -0.0025492 0.999976 -0.00641212 -0.000444353 0.00641089 0.99998 -0.184727 0.049194 -0.0631959
FixedParameters: 0 0 0

#Transform 108
Transform: AffineTransform_float_3_3
Parameters: 0.999998 0.00227358 -8.42716e-05 -0.00227443 0.999983 -0.00539682 7.27258e-05 0.00539718 0.999986 -0.177363 0.0168274 -0.0382966
FixedParameters: 0 0 0

#Transform 109
Transform: AffineTransform_float_3_3
Parameters: 0.999998 0.00226801 -3.30383e-06 -0.00226799 0.999985 -0.004984 -8.30376e-06 0.00498399 0.999987 -0.176854 0.0992127 -0.00847335
FixedParameters: 0 0 0

#Transform 110
Transform: AffineTransform_float_3_3
Parameters: 0.999997 0.00239335 6.88188e-05 -0.00239265 0.999986 -0.00467218 -8.01792e-05 0.00467182 0.999989 -0.186671 0.0249513 -0.0180397
FixedParameters: 0 0 0

#Transform 111
Transform: AffineTransform_float_3_3
Parameters: 0.999997 0.00235337 6.81138e-05 -0.00235263 0.999984 -0.00505117 -7.9884e-05 0.00505082 0.999987 -0.187453 0.0794379 -0.0219123
FixedParameters: 0 0 0

#Transform 112
Transform: AffineTransform_float_3_3
Parameters: 0.999998 0.00225142 6.7134e-05 -0.00225158 0.999981 -0.00571516 -7.98712e-05 0.00571583 0.999983 -0.184652 0.0472873 -0.0834668
FixedParameters: 0 0 0

#Transform 113
Transform: AffineTransform_float_3_3
Parameters: 0.999997 0.00219049 0.000296166 -0.00218851 0.999986 -0.00494766 -0.000306832 0.00494734 0.999987 -0.18693 0.091919 -0.0320233
FixedParameters: 0 0 0

#Transform 114
Transform: AffineTransform_float_3_3
Parameters: 0.999997 0.00212834 7.04081e-05 -0.00212866 0.999987 -0.00450716 -8.05945e-05 0.00450684 0.99999 -0.203818 0.0801959 -0.0325735
FixedParameters: 0 0 0

#Transform 115
Transform: AffineTransform_float_3_3
Parameters: 0.999997 0.00234539 6.76875e-05 -0.00234561 0.999984 -0.00525018 -8.03154e-05 0.00524983 0.999986 -0.195225 0.074058 -0.0652342
FixedParameters: 0 0 0

#Transform 116
Transform: AffineTransform_float_3_3
Parameters: 0.999997 0.00239143 6.60948e-05 -0.00239058 0.99998 -0.00581518 -7.99024e-05 0.00581483 0.999983 -0.195758 0.0962235 -0.0895458
FixedParameters: 0 0 0

#Transform 117
Transform: AffineTransform_float_3_3
Parameters: 0.999997 0.00246836 6.81302e-05 -0.00246865 0.999986 -0.00480919 -7.98725e-05 0.00480882 0.999989 -0.19667 0.0872843 -0.0632679
FixedParameters: 0 0 0

#Transform 118
Transform: AffineTransform_float_3_3
Parameters: 0.999996 0.00255837 6.70501e-05 -0.00255763 0.999984 -0.00506219 -7.99475e-05 0.00506181 0.999987 -0.206341 0.118572 -0.0369418
FixedParameters: 0 0 0

#Transform 119
Transform: AffineTransform_float_3_3
Parameters: 0.999997 0.00266934 6.76228e-05 -0.00266866 0.999985 -0.0046372 -8.03752e-05 0.0046368 0.999989 -0.205583 0.0843209 -0.0573179
FixedParameters: 0 0 0

#Transform 120
Transform: AffineTransform_float_3_3
Parameters: 0.999997 0.00251837 0.000302838 -0.00251763 0.999987 -0.00443378 -0.000314165 0.00443322 0.99999 -0.196276 0.0580417 -0.0342101
FixedParameters: 0 0 0

#Transform 121
Transform: AffineTransform_float_3_3
Parameters: 0.999997 0.00264798 0.000548514 -0.00264602 0.99999 -0.00358447 -0.000558485 0.00358254 0.999994 -0.210367 0.0998945 -0.151158
FixedParameters: 0 0 0

#Transform 122
Transform: AffineTransform_float_3_3
Parameters: 0.999996 0.00257991 0.00119561 -0.00257609 0.999992 -0.00325609 -0.00120439 0.00325291 0.999994 -0.206543 0.125906 0.0188858
FixedParameters: 0 0 0

#Transform 123
Transform: AffineTransform_float_3_3
Parameters: 0.999996 0.00258049 0.00107933 -0.00257551 0.999988 -0.0041398 -0.00109067 0.0041372 0.999991 -0.204403 0.0466746 -0.0172791
FixedParameters: 0 0 0

#Transform 124
Transform: AffineTransform_float_3_3
Parameters: 0.999993 0.00258087 0.00285461 -0.00257613 0.999995 -0.00170837 -0.0028594 0.00170063 0.999995 -0.159589 0.0893743 0.0880311
FixedParameters: 0 0 0

#Transform 125
Transform: AffineTransform_float_3_3
Parameters: 0.999996 0.00293549 0.000720111 -0.00293552 0.999996 0.000717889 -0.000717889 -0.000720111 0.999999 -0.18375 0.13641 0.174001
FixedParameters: 0 0 0

#Transform 126
Transform: AffineTransform_float_3_3
Parameters: 0.999996 0.00257728 0.00111404 -0.00257572 0.999996 -0.00115187 -0.00111696 0.00114913 0.999998 -0.183933 0.097098 0.135485
FixedParameters: 0 0 0

#Transform 127
Transform: AffineTransform_float_3_3
Parameters: 0.999996 0.00257918 0.00117202 -0.00257582 0.999993 -0.00270903 -0.00117898 0.00270597 0.999995 -0.184608 0.114642 0.119506
FixedParameters: 0 0 0

#Transform 128
Transform: AffineTransform_float_3_3
Parameters: 0.999996 0.00264356 0.00095896 -0.00264044 0.999993 -0.00266554 -0.00096604 0.00266346 0.999996 -0.187569 0.0734465 0.108536
FixedParameters: 0 0 0

#Transform 129
Transform: AffineTransform_float_3_3
Parameters: 0.999997 0.00257875 0.000843639 -0.00257525 0.999992 -0.00324519 -0.000852359 0.00324282 0.999995 -0.197934 0.124707 0.126541
FixedParameters: 0 0 0

#Transform 130
Transform: AffineTransform_float_3_3
Parameters: 0.999997 0.00257781 0.00056277 -0.00257619 0.999991 -0.00319446 -0.00057023 0.00319254 0.999994 -0.192908 0.069286 0.078137
FixedParameters: 0 0 0

#Transform 131
Transform: AffineTransform_float_3_3
Parameters: 0.999997 0.00257846 0.000645269 -0.00257555 0.99999 -0.00377668 -0.00065473 0.00377533 0.999992 -0.195039 0.129207 0.0820105
FixedParameters: 0 0 0

#Transform 132
Transform: AffineTransform_float_3_3
Parameters: 0.999996 0.00257767 0.000393186 -0.00257533 0.999988 -0.00419703 -0.000403811 0.00419597 0.999991 -0.197051 0.0570338 0.0302326
FixedParameters: 0 0 0

#Transform 133
Transform: AffineTransform_float_3_3
Parameters: 0.999996 0.00249211 0.000740627 -0.00248889 0.999988 -0.00416586 -0.000751373 0.00416414 0.999991 -0.189493 0.0687848 0.0417904
FixedParameters: 0 0 0

#Transform 134
Transform: AffineTransform_float_3_3
Parameters: 0.999996 0.00257781 0.000418 -0.00257619 0.999987 -0.00426909 -0.000429003 0.00426891 0.999991 -0.204769 0.0947515 0.0326575
FixedParameters: 0 0 0

#Transform 135
Transform: AffineTransform_float_3_3
Parameters: 0.999996 0.00257759 0.00041425 -0.00257542 0.99999 -0.00378408 -0.000423747 0.00378292 0.999993 -0.199403 0.0704266 0.0776006
FixedParameters: 0 0 0

#Transform 136
Transform: AffineTransform_float_3_3
Parameters: 0.999996 0.00278486 -3.81394e-05 -0.00278514 0.999986 -0.00435891 2.58597e-05 0.00435909 0.99999 -0.220131 0.0984681 0.0303068
FixedParameters: 0 0 0

#Transform 137
Transform: AffineTransform_float_3_3
Parameters: 0.999996 0.00257456 -0.000300582 -0.00257544 0.999985 -0.00488524 0.000288421 0.00488576 0.999988 -0.246754 0.0930682 -0.0696062
FixedParameters: 0 0 0

#Transform 138
Transform: AffineTransform_float_3_3
Parameters: 0.999998 0.00228149 -0.000359735 -0.00228352 0.999989 -0.00426519 0.000350261 0.00426681 0.999991 -0.230238 0.0858576 -0.00646439
FixedParameters: 0 0 0

#Transform 139
Transform: AffineTransform_float_3_3
Parameters: 0.999997 0.00268943 0.00030676 -0.00268858 0.999986 -0.00455284 -0.000318243 0.00455216 0.999989 -0.2408 0.0984321 0.00676169
FixedParameters: 0 0 0

#Transform 140
Transform: AffineTransform_float_3_3
Parameters: 0.999998 0.00207109 0.000244914 -0.00206991 0.999988 -0.00438852 -0.000254085 0.00438749 0.999991 -0.229035 0.101516 0.0216414
FixedParameters: 0 0 0

#Transform 141
Transform: AffineTransform_float_3_3
Parameters: 0.999997 0.00242957 0.000115618 -0.00242943 0.999986 -0.0046853 -0.000127383 0.0046847 0.999989 -0.261148 0.0813015 -0.016877
FixedParameters: 0 0 0

#Transform 142
Transform: AffineTransform_float_3_3
Parameters: 0.999996 0.00274059 0.000138704 -0.0027394 0.999988 -0.00412239 -0.000150293 0.0041216 0.999991 -0.264745 0.0502641 -0.00653431
FixedParameters: 0 0 0

#Transform 143
Transform: AffineTransform_float_3_3
Parameters: 0.999996 0.00289974 0.00077718 -0.00289626 0.999985 -0.00477028 -0.000790822 0.00476773 0.999989 -0.263576 0.079012 0.00797048
FixedParameters: 0 0 0

#Transform 144
Transform: AffineTransform_float_3_3
Parameters: 0.999997 0.00244041 0.000670275 -0.00243858 0.99999 -0.00357765 -0.000679728 0.00357635 0.999994 -0.236731 0.0979012 -0.0322477
FixedParameters: 0 0 0

#Transform 145
Transform: AffineTransform_float_3_3
Parameters: 0.999996 0.00274326 0.000629968 -0.00273974 0.999983 -0.00511875 -0.000644031 0.00511725 0.999986 -0.242301 0.0296902 -0.0701142
FixedParameters: 0 0 0

#Transform 146
Transform: AffineTransform_float_3_3
Parameters: 0.999996 0.00265042 0.00113208 -0.00264458 0.99998 -0.00563802 -0.00114692 0.00563498 0.999984 -0.241422 0.0701128 -0.0865481
FixedParameters: 0 0 0

#Transform 147
Transform: AffineTransform_float_3_3
Parameters: 0.999995 0.0027453 0.00100464 -0.00273971 0.999983 -0.00523578 -0.00101835 0.00523223 0.999986 -0.251137 0.0505882 -0.0480105
FixedParameters: 0 0 0

#Transform 148
Transform: AffineTransform_float_3_3
Parameters: 0.999995 0.00290908 0.00115479 -0.00290292 0.999982 -0.00523638 -0.00116921 0.00523262 0.999985 -0.261985 0.108236 -0.0871612
FixedParameters: 0 0 0

#Transform 149
Transform: AffineTransform_float_3_3
Parameters: 0.999995 0.00274506 0.00106708 -0.00273994 0.999985 -0.00471095 -0.00107992 0.00470806 0.999989 -0.244514 0.0726589 -0.116199
FixedParameters: 0 0 0

#Transform 150
Transform: AffineTransform_float_3_3
Parameters: 0.999996 0.00258592 0.00164451 -0.00257608 0.999978 -0.00600426 -0.00166049 0.00600073 0.99998 -0.230446 0.013887 -0.0882167
FixedParameters: 0 0 0

#Transform 151
Transform: AffineTransform_float_3_3
Parameters: 0.999996 0.00274238 0.000555383 -0.00273962 0.999988 -0.00423854 -0.000567616 0.00423746 0.999991 -0.247312 0.0549105 0.0794826
FixedParameters: 0 0 0

#Transform 152
Transform: AffineTransform_float_3_3
Parameters: 0.999997 0.00201239 0.00094345 -0.00201362 0.999997 0.00171311 -0.00094055 -0.0017149 0.999998 -0.255925 0.0694167 0.191757
FixedParameters: 0 0 0

#Transform 153
Transform: AffineTransform_float_3_3
Parameters: 0.999998 0.00218809 0.000576117 -0.00218591 0.999991 -0.00360527 -0.000583883 0.00360373 0.999994 -0.240828 0.0128763 0.0545726
FixedParameters: 0 0 0

#Transform 154
Transform: AffineTransform_float_3_3
Parameters: 0.999996 0.00232048 0.00111674 -0.00231552 0.99999 -0.0039966 -0.00112626 0.0039934 0.999992 -0.239799 0.0653812 0.054078
FixedParameters: 0 0 0

#Transform 155
Transform: AffineTransform_float_3_3
Parameters: 0.999997 0.00242231 0.00034083 -0.00242069 0.99999 -0.00378684 -0.000350169 0.00378616 0.999993 -0.244477 0.0283629 0.0762893
FixedParameters: 0 0 0

#Transform 156
Transform: AffineTransform_float_3_3
Parameters: 0.999998 0.00198015 0.000739613 -0.00197685 0.999989 -0.00423947 -0.000748385 0.00423753 0.99999 -0.222842 0.0489307 0.0337852
FixedParameters: 0 0 0

#Transform 157
Transform: AffineTransform_float_3_3
Parameters: 0.999998 0.00225163 0.000355868 -0.00225038 0.999988 -0.00450181 -0.000366132 0.00450019 0.99999 -0.230643 0.0191093 -0.0183413
FixedParameters: 0 0 0

#Transform 158
Transform: AffineTransform_float_3_3
Parameters: 0.999997 0.00229362 0.00050323 -0.00229139 0.999984 -0.00513517 -0.000514772 0.00513383 0.999986 -0.228604 0.0663925 0.00600117
FixedParameters: 0 0 0

#Transform 159
Transform: AffineTransform_float_3_3
Parameters: 0.999996 0.00264001 0.000198997 -0.00263899 0.999985 -0.00492654 -0.000212004 0.00492646 0.999988 -0.234807 0.0212596 -0.0273315
FixedParameters: 0 0 0

#Transform 160
Transform: AffineTransform_float_3_3
Parameters: 0.999996 0.00264344 0.000791304 -0.00263856 0.999981 -0.00556511 -0.000805694 0.00556289 0.999984 -0.236336 0.0640614 -0.0340717
FixedParameters: 0 0 0

#Transform 161
Transform: AffineTransform_float_3_3
Parameters: 0.999997 0.00249448 0.000910818 -0.00248952 0.999985 -0.00488928 -0.000923182 0.00488771 0.999987 -0.242814 0.0671703 -0.0505422
FixedParameters: 0 0 0

#Transform 162
Transform: AffineTransform_float_3_3
Parameters: 0.999996 0.0025234 0.000628506 -0.0025196 0.999982 -0.0053516 -0.000642492 0.00535039 0.999985 -0.238821 0.065139 -0.0559857
FixedParameters: 0 0 0

#Transform 163
Transform: AffineTransform_float_3_3
Parameters: 0.999996 0.00268803 0.000796538 -0.00268397 0.999984 -0.00501316 -0.000810462 0.00501084 0.999987 -0.254718 0.0666984 -0.0519646
FixedParameters: 0 0 0

#Transform 164
Transform: AffineTransform_float_3_3
Parameters: 0.999996 0.00273322 0.000642433 -0.00272978 0.999984 -0.00496778 -0.000655568 0.00496623 0.999988 -0.262838 0.0669101 -0.0305206
FixedParameters: 0 0 0

#Transform 165
Transform: AffineTransform_float_3_3
Parameters: 0.999996 0.00267334 0.000627955 -0.00266966 0.999983 -0.0052577 -0.000642044 0.00525631 0.999986 -0.262703 0.06552 -0.0302228
FixedParameters: 0 0 0

#Transform 166
Transform: AffineTransform_float_3_3
Parameters: 0.999996 0.0026612 0.000868234 -0.00265581 0.999979 -0.00593133 -0.000883767 0.00592967 0.999982 -0.260365 0.04457 -0.0774639
FixedParameters: 0 0 0

#Transform 167
Transform: AffineTransform_float_3_3
Parameters: 0.999996 0.00260388 0.00121031 -0.00259712 0.99998 -0.00565017 -0.00122469 0.00564683 0.999984 -0.253074 0.0307297 -0.0330677
FixedParameters: 0 0 0

#Transform 168
Transform: AffineTransform_float_3_3
Parameters: 0.999995 0.0027933 0.00141063 -0.00278569 0.999983 -0.00515395 -0.00142537 0.00514904 0.999985 -0.268486 0.0694615 -0.0271221
FixedParameters: 0 0 0

#Transform 169
Transform: AffineTransform_float_3_3
Parameters: 0.999996 0.00278994 0.000808517 -0.00278606 0.999985 -0.00483727 -0.000821485 0.00483573 0.999988 -0.241894 0.0301187 -0.0239694
FixedParameters: 0 0 0

#Transform 170
Transform: AffineTransform_float_3_3
Parameters: 0.999997 0.00187049 0.00141647 -0.00186351 0.999988 -0.00457165 -0.00142453 0.00456935 0.999988 -0.212198 0.0467732 -0.0915309
FixedParameters: 0 0 0

#Transform 171
Transform: AffineTransform_float_3_3
Parameters: 0.999997 0.00229088 0.000656631 -0.00228612 0.999981 -0.00584152 -0.000670365 0.00584048 0.999982 -0.23661 0.102608 -0.0210265
FixedParameters: 0 0 0

#Transform 172
Transform: AffineTransform_float_3_3
Parameters: 0.999997 0.0023681 0.000924527 -0.0023629 0.999976 -0.00654321 -0.000939478 0.0065408 0.999978 -0.236441 0.0425229 -0.100899
FixedParameters: 0 0 0

#Transform 173
Transform: AffineTransform_float_3_3
Parameters: 0.999997 0.00227756 0.000920348 -0.00227244 0.99998 -0.00600211 -0.000933653 0.00599989 0.999981 -0.227225 0.102995 -0.0891488
FixedParameters: 0 0 0

#Transform 174
Transform: AffineTransform_float_3_3
Parameters: 0.999997 0.00230166 0.00141096 -0.00229334 0.999978 -0.00611126 -0.00142504 0.00610774 0.999981 -0.22514 0.0204571 -0.104655
FixedParameters: 0 0 0

#Transform 175
Transform: AffineTransform_float_3_3
Parameters: 0.999996 0.00235608 0.00140994 -0.00234692 0.999976 -0.00640633 -0.00142506 0.00640266 0.999978 -0.214945 0.0767925 -0.107746
FixedParameters: 0 0 0

#Transform 176
Transform: AffineTransform_float_3_3
Parameters: 0.999997 0.00232143 0.00141123 -0.00231257 0.999979 -0.00594629 -0.00142478 0.00594371 0.999982 -0.22922 0.0396103 -0.10271
FixedParameters: 0 0 0

#Transform 177
Transform: AffineTransform_float_3_3
Parameters: 0.999996 0.00232052 0.00121473 -0.00231247 0.999979 -0.00615983 -0.00122926 0.00615717 0.999981 -0.231113 0.0734447 -0.0778727
FixedParameters: 0 0 0

#Transform 178
Transform: AffineTransform_float_3_3
Parameters: 0.999997 0.00232155 0.00141103 -0.00231345 0.999979 -0.00603129 -0.00142498 0.00602871 0.999981 -0.214675 -0.00912495 -0.0768854
FixedParameters: 0 0 0

#Transform 179
Transform: AffineTransform_float_3_3
Parameters: 0.999996 0.0023208 0.00127793 -0.00231319 0.999979 -0.00607498 -0.00129207 0.00607202 0.99998 -0.244221 0.0366556 -0.0449091
FixedParameters: 0 0 0

#Transform 180
Transform: AffineTransform_float_3_3
Parameters: 0.999997 0.00232078 0.0014123 -0.00231323 0.999983 -0.00548329 -0.0014247 0.00547972 0.999984 -0.243499 0.0576279 -0.0333241
FixedParameters: 0 0 0

#Transform 181
Transform: AffineTransform_float_3_3
Parameters: 0.999997 0.00232193 0.0014104 -0.00231307 0.999978 -0.00630029 -0.0014246 0.00629672 0.999979 -0.243602 0.036868 -0.0685053
FixedParameters: 0 0 0

#Transform 182
Transform: AffineTransform_float_3_3
Parameters: 0.999996 0.00231952 0.00106796 -0.00231248 0.999979 -0.00606449 -0.00108204 0.00606251 0.999981 -0.245069 0.0767263 -0.0723383
FixedParameters: 0 0 0

#Transform 183
Transform: AffineTransform_float_3_3
Parameters: 0.999993 0.00289596 0.00233199 -0.00288304 0.999981 -0.00554276 -0.00234801 0.00553624 0.999982 -0.246085 0.0123736 -0.0496096
FixedParameters: 0 0 0

#Transform 184
Transform: AffineTransform_float_3_3
Parameters: 0.999994 0.0026836 0.00190616 -0.0026724 0.999981 -0.00554112 -0.00192083 0.00553587 0.999983 -0.245576 0.0638886 -0.0464451
FixedParameters: 0 0 0

#Transform 185
Transform: AffineTransform_float_3_3
Parameters: 0.999995 0.00260628 0.00136418 -0.00259972 0.999983 -0.00531057 -0.00137782 0.00530743 0.999985 -0.24316 0.0376613 -0.0659526
FixedParameters: 0 0 0

#Transform 186
Transform: AffineTransform_float_3_3
