# transform file /out/sourcedata/freesurfer/sub-v2s17x50031_ses-1/mri/transforms/cc_up.lta
# created by oesteban on Wed Mar 11 14:36:38 2026

type      = 0 # LINEAR_VOX_TO_VOX
nxforms   = 1
mean      = 129.0000 118.0000 120.0000
sigma     = 10000.0000
1 4 4
9.986032247543335e-01 5.247330665588379e-02 -6.190427578985691e-03 -4.468085765838623e+00 
-5.247229710221291e-02 9.986224174499512e-01 3.252802416682243e-04 3.687797164916992e+01 
6.198967341333628e-03 2.910383392618066e-11 9.999808073043823e-01 8.201115608215332e+00 
0.000000000000000e+00 0.000000000000000e+00 0.000000000000000e+00 1.000000000000000e+00 
src volume info
valid = 1  # volume info valid
filename = /out/sourcedata/freesurfer/sub-v2s17x50031_ses-1/mri/norm.mgz
volume = 256 256 256
voxelsize = 1.000000000000000e+00 1.000000000000000e+00 1.000000000000000e+00
xras   = -9.999999403953552e-01 0.000000000000000e+00 0.000000000000000e+00
yras   = 0.000000000000000e+00 0.000000000000000e+00 -9.999999403953552e-01
zras   = 0.000000000000000e+00 9.999999403953552e-01 0.000000000000000e+00
cras   = 1.977798461914062e+00 -8.004470825195312e+00 -3.064265441894531e+01
dst volume info
valid = 1  # volume info valid
filename = /out/sourcedata/freesurfer/sub-v2s17x50031_ses-1/mri/norm.mgz
volume = 256 256 256
voxelsize = 1.000000000000000e+00 1.000000000000000e+00 1.000000000000000e+00
xras   = -9.999999403953552e-01 0.000000000000000e+00 0.000000000000000e+00
yras   = 0.000000000000000e+00 0.000000000000000e+00 -9.999999403953552e-01
zras   = 0.000000000000000e+00 9.999999403953552e-01 0.000000000000000e+00
cras   = 1.977798461914062e+00 -8.004470825195312e+00 -3.064265441894531e+01
