# transform file /out/sourcedata/freesurfer/sub-v2s17x50035_ses-1/mri/transforms/cc_up.lta
# created by oesteban on Wed Mar 11 14:57:37 2026

type      = 0 # LINEAR_VOX_TO_VOX
nxforms   = 1
mean      = 129.0000 118.0000 126.0000
sigma     = 10000.0000
1 4 4
9.990711808204651e-01 -2.571050077676773e-02 3.458222001791000e-02 -2.061221837997437e+00 
2.569511160254478e-02 9.996694922447205e-01 8.894201018847525e-04 2.562221908569336e+01 
-3.459365293383598e-02 0.000000000000000e+00 9.994015693664551e-01 1.151914882659912e+01 
0.000000000000000e+00 0.000000000000000e+00 0.000000000000000e+00 1.000000000000000e+00 
src volume info
valid = 1  # volume info valid
filename = /out/sourcedata/freesurfer/sub-v2s17x50035_ses-1/mri/norm.mgz
volume = 256 256 256
voxelsize = 1.000000000000000e+00 1.000000000000000e+00 1.000000000000000e+00
xras   = -9.999999403953552e-01 0.000000000000000e+00 0.000000000000000e+00
yras   = 0.000000000000000e+00 0.000000000000000e+00 -9.999999403953552e-01
zras   = 0.000000000000000e+00 9.999999403953552e-01 0.000000000000000e+00
cras   = 2.704185485839844e+00 -4.554310607910156e+01 3.645769500732422e+01
dst volume info
valid = 1  # volume info valid
filename = /out/sourcedata/freesurfer/sub-v2s17x50035_ses-1/mri/norm.mgz
volume = 256 256 256
voxelsize = 1.000000000000000e+00 1.000000000000000e+00 1.000000000000000e+00
xras   = -9.999999403953552e-01 0.000000000000000e+00 0.000000000000000e+00
yras   = 0.000000000000000e+00 0.000000000000000e+00 -9.999999403953552e-01
zras   = 0.000000000000000e+00 9.999999403953552e-01 0.000000000000000e+00
cras   = 2.704185485839844e+00 -4.554310607910156e+01 3.645769500732422e+01
