# transform file /out/sourcedata/freesurfer/sub-v2s17x50049_ses-1/mri/transforms/cc_up.lta
# created by oesteban on Wed Mar 11 14:34:32 2026

type      = 0 # LINEAR_VOX_TO_VOX
nxforms   = 1
mean      = 126.0000 131.0000 111.0000
sigma     = 10000.0000
1 4 4
9.998024702072144e-01 -1.725417934358120e-02 9.882427752017975e-03 1.816201448440552e+00 
1.725333742797375e-02 9.998512864112854e-01 1.705385511741042e-04 1.982395172119141e+01 
-9.883898310363293e-03 0.000000000000000e+00 9.999512434005737e-01 2.425049209594727e+01 
0.000000000000000e+00 0.000000000000000e+00 0.000000000000000e+00 1.000000000000000e+00 
src volume info
valid = 1  # volume info valid
filename = /out/sourcedata/freesurfer/sub-v2s17x50049_ses-1/mri/norm.mgz
volume = 256 256 256
voxelsize = 1.000000000000000e+00 1.000000000000000e+00 1.000000000000000e+00
xras   = -9.999999403953552e-01 0.000000000000000e+00 0.000000000000000e+00
yras   = 0.000000000000000e+00 0.000000000000000e+00 -9.999999403953552e-01
zras   = 0.000000000000000e+00 9.999999403953552e-01 0.000000000000000e+00
cras   = -3.106948852539062e+00 1.050796508789062e+00 3.243865966796875e-01
dst volume info
valid = 1  # volume info valid
filename = /out/sourcedata/freesurfer/sub-v2s17x50049_ses-1/mri/norm.mgz
volume = 256 256 256
voxelsize = 1.000000000000000e+00 1.000000000000000e+00 1.000000000000000e+00
xras   = -9.999999403953552e-01 0.000000000000000e+00 0.000000000000000e+00
yras   = 0.000000000000000e+00 0.000000000000000e+00 -9.999999403953552e-01
zras   = 0.000000000000000e+00 9.999999403953552e-01 0.000000000000000e+00
cras   = -3.106948852539062e+00 1.050796508789062e+00 3.243865966796875e-01
