# transform file /out/sourcedata/freesurfer/sub-v2s17x50007_ses-1/mri/transforms/cc_up.lta
# created by oesteban on Wed Mar 11 14:28:08 2026

type      = 0 # LINEAR_VOX_TO_VOX
nxforms   = 1
mean      = 128.0000 120.0000 123.0000
sigma     = 10000.0000
1 4 4
9.995748996734619e-01 4.199225455522537e-03 2.885118685662746e-02 -2.491805791854858e+00 
-4.197477363049984e-03 9.999911785125732e-01 -1.211537091876380e-04 3.255133056640625e+01 
-2.885144017636776e-02 7.275957614183426e-12 9.995837211608887e-01 1.873664665222168e+01 
0.000000000000000e+00 0.000000000000000e+00 0.000000000000000e+00 1.000000000000000e+00 
src volume info
valid = 1  # volume info valid
filename = /out/sourcedata/freesurfer/sub-v2s17x50007_ses-1/mri/norm.mgz
volume = 256 256 256
voxelsize = 1.000000000000000e+00 1.000000000000000e+00 1.000000000000000e+00
xras   = -9.999999403953552e-01 0.000000000000000e+00 0.000000000000000e+00
yras   = 0.000000000000000e+00 0.000000000000000e+00 -9.999999403953552e-01
zras   = 0.000000000000000e+00 9.999999403953552e-01 0.000000000000000e+00
cras   = -9.277725219726562e-01 -5.350997924804688e+00 -1.004991149902344e+01
dst volume info
valid = 1  # volume info valid
filename = /out/sourcedata/freesurfer/sub-v2s17x50007_ses-1/mri/norm.mgz
volume = 256 256 256
voxelsize = 1.000000000000000e+00 1.000000000000000e+00 1.000000000000000e+00
xras   = -9.999999403953552e-01 0.000000000000000e+00 0.000000000000000e+00
yras   = 0.000000000000000e+00 0.000000000000000e+00 -9.999999403953552e-01
zras   = 0.000000000000000e+00 9.999999403953552e-01 0.000000000000000e+00
cras   = -9.277725219726562e-01 -5.350997924804688e+00 -1.004991149902344e+01
