#Insight Transform File V1.0
#Transform 0
Transform: AffineTransform_float_3_3
Parameters: 1 0.000361529 0.000591068 -0.000359471 0.999996 -0.00258421 -0.000591931 0.00258479 0.999997 -0.185329 0.0506412 -0.0119515
FixedParameters: 0 0 0

#Transform 1
Transform: AffineTransform_float_3_3
Parameters: 1 0.000376252 0.000132286 -0.000375747 0.999998 -0.00189905 -0.000133714 0.00189895 0.999998 -0.192775 0.112845 0.0123063
FixedParameters: 0 0 0

#Transform 2
Transform: AffineTransform_float_3_3
Parameters: 1 5.52448e-07 0.000331999 -4.47551e-07 0.999998 -0.001664 -0.000332001 0.001664 0.999998 -0.183209 0.112738 -0.012791
FixedParameters: 0 0 0

#Transform 3
Transform: AffineTransform_float_3_3
Parameters: 1 4.51872e-07 0.000288 4.51872e-07 0.999999 -0.001569 -0.000288 0.001569 0.999998 -0.172266 0.108036 -0.0125366
FixedParameters: 0 0 0

#Transform 4
Transform: AffineTransform_float_3_3
Parameters: 1 0.000351138 0.000101523 -0.000350861 0.999999 -0.00135804 -0.000102477 0.00135796 0.999999 -0.161192 0.0125556 -0.0327119
FixedParameters: 0 0 0

#Transform 5
Transform: AffineTransform_float_3_3
Parameters: 0.999999 0.000879056 0.000123596 -0.000878943 0.999999 -0.000460109 -0.000123404 0.000459891 1 -0.155123 0.00701343 -0.190282
FixedParameters: 0 0 0

#Transform 6
Transform: AffineTransform_float_3_3
Parameters: 1 0.000677031 -4.95694e-05 -0.000676968 0.999999 0.000636033 4.94305e-05 -0.000635966 1 -0.116876 -0.0680192 -0.111479
FixedParameters: 0 0 0

#Transform 7
Transform: AffineTransform_float_3_3
Parameters: 1 0.000375981 0.000173042 -0.000376019 1 0.000111935 -0.000172958 -0.000112065 1 -0.0964665 0.0159931 -0.153319
FixedParameters: 0 0 0

#Transform 8
Transform: AffineTransform_float_3_3
Parameters: 1 6.85304e-05 0.000366088 -6.84695e-05 0.999999 0.00128298 -0.000365912 -0.00128303 0.999999 -0.108153 -0.0805389 -0.0481906
FixedParameters: 0 0 0

#Transform 9
Transform: AffineTransform_float_3_3
Parameters: 1 0.000376002 -4.99816e-05 -0.000375997 1 4.90188e-05 5.00184e-05 -4.89812e-05 1 -0.0706431 0.0442633 -0.126797
FixedParameters: 0 0 0

#Transform 10
Transform: AffineTransform_float_3_3
Parameters: 1 4.01039e-06 -0.000212 -3.98961e-06 1 4.90008e-05 0.000212 -4.89991e-05 1 -0.0866587 0.014324 -0.1081
FixedParameters: 0 0 0

#Transform 11
Transform: AffineTransform_float_3_3
Parameters: 1 0.000375882 -0.000309144 -0.000376118 1 -0.000382884 0.000308856 0.000383116 1 -0.130687 0.0365473 -0.136839
FixedParameters: 0 0 0

#Transform 12
Transform: AffineTransform_float_3_3
Parameters: 1 5.59948e-05 -5.00058e-05 -5.60052e-05 1 -0.000103997 4.99942e-05 0.000104003 1 -0.139004 0.0426592 -0.143868
FixedParameters: 0 0 0

#Transform 13
Transform: AffineTransform_float_3_3
Parameters: 1 9.49801e-05 -5.00378e-05 -9.50199e-05 1 -0.000397995 4.99622e-05 0.000398005 1 -0.101659 0.0314463 -0.173103
FixedParameters: 0 0 0

#Transform 14
Transform: AffineTransform_float_3_3
Parameters: 1 0.00014299 -5.00289e-05 -0.00014301 1 -0.000201993 4.99711e-05 0.000202007 1 -0.100317 0.033772 -0.12905
FixedParameters: 0 0 0

#Transform 15
Transform: AffineTransform_float_3_3
Parameters: 1 -3.40246e-05 -4.99833e-05 3.39754e-05 1 -0.000492002 5.00167e-05 0.000491998 1 -0.0880213 0.0283056 -0.132318
FixedParameters: 0 0 0

#Transform 16
Transform: AffineTransform_float_3_3
Parameters: 1 6.99855e-05 -5.00202e-05 -7.00144e-05 1 -0.000288996 4.99798e-05 0.000289003 1 -0.0793218 0.0447135 -0.0624851
FixedParameters: 0 0 0

#Transform 17
Transform: AffineTransform_float_3_3
Parameters: 1 -3.40284e-05 -4.99807e-05 3.39716e-05 1 -0.000568002 5.00193e-05 0.000567998 1 -0.0672308 0.0603893 -0.0851672
FixedParameters: 0 0 0

#Transform 18
Transform: AffineTransform_float_3_3
Parameters: 1 6.48117e-05 -0.000473026 -6.51882e-05 1 -0.000397969 0.000472974 0.000398031 1 -0.0413864 0.037542 -0.0391593
FixedParameters: 0 0 0

#Transform 19
Transform: AffineTransform_float_3_3
Parameters: 1 -3.39681e-05 0.000133008 3.40319e-05 1 -0.000239995 -0.000132992 0.000240005 1 -0.0398369 0.0289818 -0.0717504
FixedParameters: 0 0 0

#Transform 20
Transform: AffineTransform_float_3_3
Parameters: 1 -3.39721e-05 -5.0019e-05 3.40279e-05 1 0.000557998 4.9981e-05 -0.000558002 1 -0.00213859 -0.0268762 -0.00992197
FixedParameters: 0 0 0

#Transform 21
Transform: AffineTransform_float_3_3
Parameters: 1 -3.40127e-05 -4.99914e-05 3.39873e-05 1 -0.000254002 5.00086e-05 0.000253998 1 -0.00212816 0.0336939 -0.059683
FixedParameters: 0 0 0

#Transform 22
Transform: AffineTransform_float_3_3
Parameters: 1 -3.40131e-05 0.000192998 3.39869e-05 1 6.80066e-05 -0.000193002 -6.79934e-05 1 -0.0234762 0.00149826 0.0775742
FixedParameters: 0 0 0

#Transform 23
Transform: AffineTransform_float_3_3
Parameters: 1 -3.40797e-05 0.000125978 3.39202e-05 1 0.000633004 -0.000126021 -0.000632995 1 -0.0110025 0.0576524 0.0743587
FixedParameters: 0 0 0

#Transform 24
Transform: AffineTransform_float_3_3
Parameters: 1 -3.39344e-05 -0.000116019 3.40655e-05 1 0.000564996 0.000115981 -0.000565004 1 -0.0080104 0.0266957 0.056782
FixedParameters: 0 0 0

#Transform 25
Transform: AffineTransform_float_3_3
Parameters: 1 -3.38318e-05 0.000337017 3.41682e-05 1 -0.000498988 -0.000336983 0.000499011 1 -0.0461153 0.0766122 -0.0495999
FixedParameters: 0 0 0

#Transform 26
Transform: AffineTransform_float_3_3
Parameters: 1 -3.39853e-05 -5.001e-05 3.40147e-05 1 0.000293998 4.999e-05 -0.000294002 1 -0.0278842 0.0216055 0.00925886
FixedParameters: 0 0 0

#Transform 27
Transform: AffineTransform_float_3_3
Parameters: 1 -3.3992e-05 9.70028e-05 3.4008e-05 1 -8.19967e-05 -9.69972e-05 8.20033e-05 1 -0.0325228 0.0452403 -0.0531688
FixedParameters: 0 0 0

#Transform 28
Transform: AffineTransform_float_3_3
Parameters: 1 -3.40151e-05 -4.99897e-05 3.39849e-05 1 -0.000302002 5.00103e-05 0.000301998 1 -0.0158415 0.0415299 0.0210175
FixedParameters: 0 0 0

#Transform 29
Transform: AffineTransform_float_3_3
Parameters: 1 -3.3735e-05 0.000365024 3.4265e-05 0.999999 -0.000725987 -0.000364975 0.000726012 0.999999 -0.00601834 0.055708 -0.0457116
FixedParameters: 0 0 0

#Transform 30
Transform: AffineTransform_float_3_3
Parameters: 1 -3.40552e-05 -4.99625e-05 3.39448e-05 1 -0.001104 5.00375e-05 0.001104 1 0.0239693 0.0878331 0.0150613
FixedParameters: 0 0 0

#Transform 31
Transform: AffineTransform_float_3_3
Parameters: 1 -0.000163843 0.000139185 0.000164157 1 -0.00112798 -0.000138815 0.00112802 1 0.0239886 0.0565325 -0.0196834
FixedParameters: 0 0 0

#Transform 32
Transform: AffineTransform_float_3_3
Parameters: 1 -0.000314992 2.70958e-05 0.000315008 1 -0.000303991 -2.69042e-05 0.000304008 1 0.0235569 0.0431416 -0.00747616
FixedParameters: 0 0 0

#Transform 33
Transform: AffineTransform_float_3_3
Parameters: 1 -0.00015001 0.000288995 0.00014999 1 3.30433e-05 -0.000289005 -3.29566e-05 1 0.00829167 -0.00641386 0.02848
FixedParameters: 0 0 0

#Transform 34
Transform: AffineTransform_float_3_3
Parameters: 1 -0.000440944 0.000314079 0.000441056 1 -0.000178861 -0.000313921 0.000179138 1 0.0217038 0.0741684 0.0798457
FixedParameters: 0 0 0

#Transform 35
Transform: AffineTransform_float_3_3
Parameters: 1 -0.000441279 0.000254517 0.000440722 1 0.00109511 -0.000254483 -0.00109589 1 0.0310874 -0.0110824 0.0799725
FixedParameters: 0 0 0

#Transform 36
Transform: AffineTransform_float_3_3
Parameters: 1 -0.000514007 -4.99306e-05 0.000513993 1 -0.000135026 5.00694e-05 0.000134974 1 0.0474155 0.0926767 0.103726
FixedParameters: 0 0 0

#Transform 37
Transform: AffineTransform_float_3_3
Parameters: 1 -0.000441008 1.4757e-05 0.000440992 1 0.000551006 -1.5243e-05 -0.000550993 1 0.0258862 -0.0353831 0.106421
FixedParameters: 0 0 0

#Transform 38
Transform: AffineTransform_float_3_3
Parameters: 1 -0.000207997 -5.00137e-05 0.000208003 1 6.59896e-05 4.99863e-05 -6.60104e-05 1 0.0146363 0.0883923 0.1121
FixedParameters: 0 0 0

#Transform 39
Transform: AffineTransform_float_3_3
Parameters: 1 -0.000172985 -5.00519e-05 0.000173015 1 0.000299991 4.99481e-05 -0.000300009 1 0.0260116 -0.00655768 0.0848001
FixedParameters: 0 0 0

#Transform 40
Transform: AffineTransform_float_3_3
Parameters: 1 -0.000207999 -5.00035e-05 0.000208001 1 1.69896e-05 4.99965e-05 -1.70104e-05 1 0.0188854 0.0760983 0.0813096
FixedParameters: 0 0 0

#Transform 41
Transform: AffineTransform_float_3_3
Parameters: 1 -0.000119 -0.000141 0.000119 1 -1.01678e-06 0.000141 9.83221e-07 1 0.0429603 0.032651 0.129146
FixedParameters: 0 0 0

#Transform 42
Transform: AffineTransform_float_3_3
Parameters: 1 -0.00014301 -4.9972e-05 0.00014299 1 -0.000196007 5.0028e-05 0.000195993 1 0.0565553 0.0960526 0.110287
FixedParameters: 0 0 0

#Transform 43
Transform: AffineTransform_float_3_3
Parameters: 1 -0.000266969 -0.000150056 0.000267031 1 0.00020896 0.000149944 -0.00020904 1 0.0602139 0.00963467 0.136669
FixedParameters: 0 0 0

#Transform 44
Transform: AffineTransform_float_3_3
Parameters: 1 -0.000441013 -0.000106945 0.000440987 1 -0.000125047 0.000107055 0.000124953 1 0.0616433 0.0891402 0.101975
FixedParameters: 0 0 0

#Transform 45
Transform: AffineTransform_float_3_3
Parameters: 1 -0.000440985 -5.0134e-05 0.000441015 1 0.000303978 4.98659e-05 -0.000304022 1 0.0542422 0.0242275 0.142839
FixedParameters: 0 0 0

#Transform 46
Transform: AffineTransform_float_3_3
Parameters: 1 -5.10273e-05 -4.99721e-05 5.09726e-05 1 -0.000547002 5.00279e-05 0.000546997 1 0.0580566 0.122978 0.120958
FixedParameters: 0 0 0

#Transform 47
Transform: AffineTransform_float_3_3
Parameters: 1 -0.000441072 -0.000434927 0.000440928 1 -0.000166192 0.000435073 0.000165808 1 0.0659896 0.032929 0.13518
FixedParameters: 0 0 0

#Transform 48
Transform: AffineTransform_float_3_3
Parameters: 1 -0.000441018 -4.98443e-05 0.000440982 1 -0.000353022 5.01557e-05 0.000352978 1 0.0622721 0.085877 0.119929
FixedParameters: 0 0 0

#Transform 49
Transform: AffineTransform_float_3_3
Parameters: 1 -0.000441177 -0.00045783 0.000440823 1 -0.000385202 0.00045817 0.000385798 1 0.0746087 0.0728736 0.127678
FixedParameters: 0 0 0

#Transform 50
Transform: AffineTransform_float_3_3
Parameters: 1 -0.00044102 -4.98227e-05 0.00044098 1 -0.000402022 5.01773e-05 0.000401978 1 0.0638305 0.0806352 0.139086
FixedParameters: 0 0 0

#Transform 51
Transform: AffineTransform_float_3_3
Parameters: 1 -0.000321264 -0.000522837 0.000321735 1 -0.000506168 0.000523163 0.000505832 0.999999 0.0800829 0.0982073 0.161832
FixedParameters: 0 0 0

#Transform 52
Transform: AffineTransform_float_3_3
Parameters: 1 -0.000304171 -0.000310832 0.000303828 1 -0.000551094 0.000311167 0.000550905 1 0.0636295 0.101235 0.146921
FixedParameters: 0 0 0

#Transform 53
Transform: AffineTransform_float_3_3
Parameters: 1 -0.000441097 -0.000463907 0.000440902 1 -0.000210205 0.000464092 0.000209795 1 0.0674034 0.088614 0.151387
FixedParameters: 0 0 0

#Transform 54
Transform: AffineTransform_float_3_3
Parameters: 1 -9.60806e-05 -0.000351978 9.59194e-05 1 -0.000229034 0.000352022 0.000228966 1 0.0624979 0.0781635 0.107817
FixedParameters: 0 0 0

#Transform 55
Transform: AffineTransform_float_3_3
Parameters: 1 -0.000441117 -0.000470891 0.000440883 1 -0.000247208 0.000471109 0.000247792 1 0.0677863 0.0909856 0.107651
FixedParameters: 0 0 0

#Transform 56
Transform: AffineTransform_float_3_3
Parameters: 1 -0.000169975 -0.000190022 0.000170025 1 0.000130968 0.000189978 -0.000131032 1 0.0502209 0.044412 0.0885578
FixedParameters: 0 0 0

#Transform 57
Transform: AffineTransform_float_3_3
Parameters: 1 -0.000440925 -0.000471069 0.000441074 1 0.000157792 0.00047093 -0.000158208 1 0.0677584 0.110635 0.148454
FixedParameters: 0 0 0

#Transform 58
Transform: AffineTransform_float_3_3
Parameters: 1 0.000105999 -0.000534 -0.000106001 1 -1.9434e-06 0.000534 2.0566e-06 1 0.0640715 0.0499861 0.128276
FixedParameters: 0 0 0

#Transform 59
Transform: AffineTransform_float_3_3
Parameters: 0.999999 -0.000441213 -0.00055483 0.000440786 1 -0.000385245 0.000555169 0.000384755 1 0.0719803 0.132496 0.14714
FixedParameters: 0 0 0

#Transform 60
Transform: AffineTransform_float_3_3
Parameters: 1 -0.000146001 -0.000470999 0.000145999 1 -3.06877e-06 0.000471 2.93123e-06 1 0.064073 0.0448532 0.108857
FixedParameters: 0 0 0

#Transform 61
Transform: AffineTransform_float_3_3
Parameters: 1 -0.000234106 -0.000470947 0.000233893 1 -0.00022611 0.000471053 0.00022589 1 0.0651334 0.124986 0.140252
FixedParameters: 0 0 0

#Transform 62
Transform: AffineTransform_float_3_3
Parameters: 1 -0.000441042 -0.00091598 0.000440959 1 -4.54039e-05 0.00091602 4.5596e-05 0.999999 0.0903806 0.0435465 0.0928015
FixedParameters: 0 0 0

#Transform 63
Transform: AffineTransform_float_3_3
Parameters: 1 -0.000441079 -0.000470926 0.000440921 1 -0.000168208 0.000471074 0.000168792 1 0.0788704 0.138289 0.0864808
FixedParameters: 0 0 0

#Transform 64
Transform: AffineTransform_float_3_3
Parameters: 0.999999 -0.000264664 -0.000693128 0.000264336 1 0.000484817 0.000693872 -0.000484184 0.999999 0.0767987 0.0639659 0.15816
FixedParameters: 0 0 0

#Transform 65
Transform: AffineTransform_float_3_3
Parameters: 0.999999 -0.000587003 -0.000470996 0.000586996 1 -7.27647e-06 0.000471004 6.72352e-06 1 0.0900654 0.130125 0.0976874
FixedParameters: 0 0 0

#Transform 66
Transform: AffineTransform_float_3_3
Parameters: 1 -0.000253009 -0.000470995 0.000252991 1 -1.91192e-05 0.000471005 1.88808e-05 1 0.0693011 0.102319 0.159334
FixedParameters: 0 0 0

#Transform 67
Transform: AffineTransform_float_3_3
Parameters: 1 -3.00391e-05 -0.000470997 2.99609e-05 1 -8.30141e-05 0.000471002 8.29859e-05 1 0.0734324 0.0851388 0.115322
FixedParameters: 0 0 0

#Transform 68
Transform: AffineTransform_float_3_3
Parameters: 1 -0.000101094 -0.00047098 0.000101906 1 -0.000199048 0.00047102 0.000198952 1 0.0611946 0.104019 0.16786
FixedParameters: 0 0 0

#Transform 69
Transform: AffineTransform_float_3_3
Parameters: 1 0.000113885 -0.000471028 -0.000114115 1 -0.000244946 0.000470972 0.000245054 1 0.062051 0.0939671 0.114366
FixedParameters: 0 0 0

#Transform 70
Transform: AffineTransform_float_3_3
Parameters: 0.999999 -0.000236019 -0.000719993 0.000235981 1 -2.61699e-05 0.000720006 2.58301e-05 0.999999 0.0783956 0.119943 0.117495
FixedParameters: 0 0 0

#Transform 71
Transform: AffineTransform_float_3_3
Parameters: 1 -0.000440972 -0.000471026 0.000441028 1 5.97923e-05 0.000470973 -6.02077e-05 1 0.0741066 0.0464097 0.0788043
FixedParameters: 0 0 0

#Transform 72
Transform: AffineTransform_float_3_3
Parameters: 1 -9.99717e-05 -0.000471006 0.000100028 1 5.99529e-05 0.000470994 -6.00471e-05 1 0.0681699 0.108219 0.0971698
FixedParameters: 0 0 0

#Transform 73
Transform: AffineTransform_float_3_3
Parameters: 1 -0.000155891 -0.00100902 0.000156109 1 0.000107843 0.00100898 -0.000108157 1 0.081611 0.0548857 0.0800303
FixedParameters: 0 0 0

#Transform 74
Transform: AffineTransform_float_3_3
Parameters: 0.999999 -0.000325095 -0.000824962 0.000324906 1 -0.000114268 0.000825037 0.000114732 0.999999 0.0739108 0.112909 0.121302
FixedParameters: 0 0 0

#Transform 75
Transform: AffineTransform_float_3_3
Parameters: 1 -1.07444e-05 -0.000704004 1.12555e-05 1 0.000362992 0.000703996 -0.000363008 0.999999 0.060403 0.0394756 0.136328
FixedParameters: 0 0 0

#Transform 76
Transform: AffineTransform_float_3_3
Parameters: 1 -0.000156874 -0.000376053 0.000157126 1 0.000335941 0.000375947 -0.000335059 1 0.0634108 0.124308 0.152573
FixedParameters: 0 0 0

#Transform 77
Transform: AffineTransform_float_3_3
Parameters: 0.999999 0.000129968 -0.000699005 -0.000130031 1 -4.49091e-05 0.000698994 4.50908e-05 1 0.0836132 0.0534162 0.171351
FixedParameters: 0 0 0

#Transform 78
Transform: AffineTransform_float_3_3
Parameters: 0.999999 -0.000155225 -0.000770954 0.000154775 1 -0.000292119 0.000771045 0.00029188 0.999999 0.0997452 0.118229 0.148224
FixedParameters: 0 0 0

#Transform 79
Transform: AffineTransform_float_3_3
Parameters: 1 -0.000250666 -0.00100908 0.000251334 1 0.000330747 0.00100892 -0.000331253 1 0.0960749 0.0589124 0.244217
FixedParameters: 0 0 0

#Transform 80
Transform: AffineTransform_float_3_3
Parameters: 1 -0.000110245 -0.000616956 0.000109755 1 -0.000397068 0.000617043 0.000396932 0.999999 0.0913706 0.111812 0.219904
FixedParameters: 0 0 0

#Transform 81
Transform: AffineTransform_float_3_3
Parameters: 0.999999 -9.98307e-05 -0.000717023 0.000100169 1 0.000235928 0.000716976 -0.000236072 0.999999 0.101465 0.0597643 0.228054
FixedParameters: 0 0 0

#Transform 82
Transform: AffineTransform_float_3_3
Parameters: 0.999999 9.38315e-05 -0.000834018 -9.31684e-05 1 -0.000201922 0.000833981 0.000202078 0.999999 0.0997379 0.136704 0.179388
FixedParameters: 0 0 0

#Transform 83
Transform: AffineTransform_float_3_3
Parameters: 0.999999 -5.79846e-05 -0.000957 5.80153e-05 1 1.59445e-05 0.000956998 -1.60555e-05 0.999999 0.110046 0.075956 0.225384
FixedParameters: 0 0 0

#Transform 84
Transform: AffineTransform_float_3_3
Parameters: 1 -0.000166753 -0.00100904 0.000167248 1 0.000245831 0.00100896 -0.000245168 1 0.122523 0.114912 0.20071
FixedParameters: 0 0 0

#Transform 85
Transform: AffineTransform_float_3_3
Parameters: 1 -0.000209813 -0.00100904 0.000209187 1 0.000184789 0.00100896 -0.000185212 1 0.112503 0.0614777 0.241411
FixedParameters: 0 0 0

#Transform 86
Transform: AffineTransform_float_3_3
Parameters: 1 -6.02038e-05 -0.00100899 5.97962e-05 1 -0.000202061 0.00100901 0.000201939 1 0.123161 0.121727 0.210082
FixedParameters: 0 0 0

#Transform 87
Transform: AffineTransform_float_3_3
Parameters: 1 -0.000170312 -0.00100912 0.000170688 1 0.000681828 0.00100888 -0.000682172 1 0.111983 0.0651828 0.256768
FixedParameters: 0 0 0

#Transform 88
Transform: AffineTransform_float_3_3
Parameters: 1 -0.000183023 -0.001009 0.000182977 1 -2.31846e-05 0.00100901 2.28154e-05 1 0.11603 0.116063 0.197168
FixedParameters: 0 0 0

#Transform 89
Transform: AffineTransform_float_3_3
Parameters: 0.999999 -0.000126699 -0.00075905 0.0001263 1 0.000395904 0.00075895 -0.000396096 0.999999 0.0862853 0.0931082 0.287547
FixedParameters: 0 0 0

#Transform 90
Transform: AffineTransform_float_3_3
Parameters: 0.999999 2.07686e-06 -0.000853999 -1.92314e-06 1 9.00016e-05 0.000854 -8.99982e-05 0.999999 0.08059 0.126179 0.242227
FixedParameters: 0 0 0

#Transform 91
Transform: AffineTransform_float_3_3
Parameters: 1 7.3434e-05 -0.00109597 -7.2566e-05 1 0.00039608 0.00109603 -0.00039592 1 0.0783876 0.0910142 0.246221
FixedParameters: 0 0 0

#Transform 92
Transform: AffineTransform_float_3_3
Parameters: 1 0.000189266 -0.00100895 -0.000188734 1 0.000264191 0.00100905 -0.000263809 1 0.0878993 0.107458 0.204114
FixedParameters: 0 0 0

#Transform 93
Transform: AffineTransform_float_3_3
Parameters: 1 -9.06004e-05 -0.00100904 9.13995e-05 1 0.000395908 0.00100896 -0.000396092 1 0.0776292 0.09445 0.271387
FixedParameters: 0 0 0

#Transform 94
Transform: AffineTransform_float_3_3
Parameters: 1 0.000287986 -0.001009 -0.000288014 1 -1.37094e-05 0.001009 1.42906e-05 1 0.0771262 0.142504 0.228102
FixedParameters: 0 0 0

#Transform 95
Transform: AffineTransform_float_3_3
Parameters: 1 0.000150797 -0.00100903 -0.000151203 1 -0.000200848 0.00100897 0.000201152 1 0.0919938 0.126772 0.282374
FixedParameters: 0 0 0

#Transform 96
Transform: AffineTransform_float_3_3
Parameters: 0.999999 0.000164915 -0.000874015 -0.000165085 1 -9.68557e-05 0.000873983 9.71441e-05 0.999999 0.087521 0.134012 0.215513
FixedParameters: 0 0 0

#Transform 97
Transform: AffineTransform_float_3_3
Parameters: 0.999999 -5.19263e-05 -0.001009 5.10736e-05 1 7.29485e-05 0.001009 -7.30525e-05 1 0.0924285 0.132513 0.251533
FixedParameters: 0 0 0

#Transform 98
Transform: AffineTransform_float_3_3
Parameters: 1 -5.18941e-05 -0.00100901 5.11059e-05 1 0.000104949 0.001009 -0.000105052 1 0.110526 0.0978604 0.212218
FixedParameters: 0 0 0

#Transform 99
Transform: AffineTransform_float_3_3
Parameters: 0.999999 8.80282e-05 -0.000911997 -8.79717e-05 1 3.10803e-05 0.000912003 -3.09197e-05 1 0.103713 0.151588 0.258414
FixedParameters: 0 0 0

#Transform 100
Transform: AffineTransform_float_3_3
Parameters: 1 -5.16791e-05 -0.00100902 5.13209e-05 1 0.000317949 0.00100898 -0.000318052 1 0.0912162 0.0635592 0.214803
FixedParameters: 0 0 0

#Transform 101
Transform: AffineTransform_float_3_3
Parameters: 1 -5.21494e-05 -0.00114899 5.18506e-05 1 -0.00013006 0.00114901 0.00012994 1 0.117551 0.156814 0.227574
FixedParameters: 0 0 0

#Transform 102
Transform: AffineTransform_float_3_3
Parameters: 1 -5.14138e-05 -0.00100903 5.15862e-05 1 0.000580948 0.00100897 -0.000581052 1 0.0869976 0.0599956 0.234392
FixedParameters: 0 0 0

#Transform 103
Transform: AffineTransform_float_3_3
Parameters: 1 -5.20898e-05 -0.001009 5.19102e-05 1 -8.90525e-05 0.00100901 8.89475e-05 1 0.116741 0.174822 0.219203
FixedParameters: 0 0 0

#Transform 104
Transform: AffineTransform_float_3_3
Parameters: 1 -5.1439e-05 -0.00100903 5.1561e-05 1 0.000555948 0.00100897 -0.000556052 1 0.103922 0.0508802 0.265079
FixedParameters: 0 0 0

#Transform 105
Transform: AffineTransform_float_3_3
Parameters: 1 -5.2228e-05 -0.00100899 5.1772e-05 1 -0.000226052 0.00100901 0.000225948 1 0.110502 0.153428 0.233337
FixedParameters: 0 0 0

#Transform 106
Transform: AffineTransform_float_3_3
Parameters: 1 -0.000108562 -0.00100905 0.000109438 1 0.00043389 0.00100895 -0.00043411 1 0.0986432 0.0653565 0.231947
FixedParameters: 0 0 0

#Transform 107
Transform: AffineTransform_float_3_3
Parameters: 1 -0.000123059 -0.00100899 0.000122941 1 -5.81241e-05 0.00100901 5.78759e-05 1 0.111348 0.158212 0.201385
FixedParameters: 0 0 0

#Transform 108
Transform: AffineTransform_float_3_3
Parameters: 1 -5.15802e-05 -0.00100902 5.14197e-05 1 0.000415948 0.00100898 -0.000416052 1 0.0984735 0.0818002 0.274041
FixedParameters: 0 0 0

#Transform 109
Transform: AffineTransform_float_3_3
Parameters: 1 -0.000189165 -0.00100897 0.000189835 1 -0.000164192 0.00100903 0.000163809 0.999999 0.112174 0.151269 0.199841
FixedParameters: 0 0 0

#Transform 110
Transform: AffineTransform_float_3_3
Parameters: 1 -5.15247e-05 -0.00100903 5.14762e-05 1 0.000471948 0.00100898 -0.000471052 1 0.11047 0.0803674 0.269121
FixedParameters: 0 0 0

#Transform 111
Transform: AffineTransform_float_3_3
Parameters: 1 -5.19031e-05 -0.00100901 5.10969e-05 1 9.59485e-05 0.001009 -9.60525e-05 1 0.110517 0.131685 0.219581
FixedParameters: 0 0 0

#Transform 112
Transform: AffineTransform_float_3_3
Parameters: 1 -0.000101803 -0.00115202 0.000102197 1 0.000170882 0.00115198 -0.000171117 1 0.118268 0.133132 0.251636
FixedParameters: 0 0 0

#Transform 113
Transform: AffineTransform_float_3_3
Parameters: 1 -5.15167e-05 -0.00100903 5.14833e-05 1 0.000478948 0.00100898 -0.000479052 1 0.110524 0.0684321 0.215504
FixedParameters: 0 0 0

#Transform 114
Transform: AffineTransform_float_3_3
Parameters: 1 -5.20454e-05 -0.001009 5.19556e-05 1 -4.40525e-05 0.001009 4.49475e-05 1 0.110497 0.17365 0.237534
FixedParameters: 0 0 0

#Transform 115
Transform: AffineTransform_float_3_3
Parameters: 1 -5.136e-05 -0.00111103 5.16399e-05 1 0.000575943 0.00111097 -0.000576057 0.999999 0.110061 0.0584558 0.28116
FixedParameters: 0 0 0

#Transform 116
Transform: AffineTransform_float_3_3
Parameters: 1 -5.20783e-05 -0.001152 5.19216e-05 1 -6.80599e-05 0.001152 6.79401e-05 1 0.117716 0.178905 0.256998
FixedParameters: 0 0 0

#Transform 117
Transform: AffineTransform_float_3_3
Parameters: 1 -5.12906e-05 -0.00100904 5.17093e-05 1 0.000702948 0.00100896 -0.000703052 0.999999 0.110472 0.0657797 0.266995
FixedParameters: 0 0 0

#Transform 118
Transform: AffineTransform_float_3_3
Parameters: 0.999999 -0.000200886 -0.00141002 0.000201115 1 8.17165e-05 0.00140998 -8.12833e-05 0.999999 0.147765 0.165679 0.244213
FixedParameters: 0 0 0

#Transform 119
Transform: AffineTransform_float_3_3
Parameters: 1 -5.11264e-05 -0.00103504 5.18735e-05 0.999999 0.000843947 0.00103496 -0.000844053 0.999999 0.119022 0.0958171 0.248109
FixedParameters: 0 0 0

#Transform 120
Transform: AffineTransform_float_3_3
Parameters: 0.999999 -0.000282894 -0.00131102 0.000283107 1 8.16289e-05 0.00131098 -8.13709e-05 0.999999 0.14802 0.171096 0.193557
FixedParameters: 0 0 0

#Transform 121
Transform: AffineTransform_float_3_3
Parameters: 0.999999 -0.000449362 -0.0014102 0.000449637 1 0.000451366 0.0014098 -0.000452634 0.999999 0.153143 0.115931 0.232376
FixedParameters: 0 0 0

#Transform 122
Transform: AffineTransform_float_3_3
Parameters: 1 -5.19081e-05 -0.00112001 5.10918e-05 1 8.19429e-05 0.00112 -8.20582e-05 1 0.132671 0.170577 0.19337
FixedParameters: 0 0 0

#Transform 123
Transform: AffineTransform_float_3_3
Parameters: 0.999999 -5.12879e-05 -0.00141003 5.1712e-05 1 0.000504927 0.00140997 -0.000505073 0.999999 0.130664 0.0786613 0.259348
FixedParameters: 0 0 0

#Transform 124
Transform: AffineTransform_float_3_3
Parameters: 0.999999 -5.18769e-05 -0.001501 5.1123e-05 1 8.19233e-05 0.001501 -8.20779e-05 0.999999 0.167461 0.156283 0.231042
FixedParameters: 0 0 0

#Transform 125
Transform: AffineTransform_float_3_3
Parameters: 0.999999 -5.14374e-05 -0.00141002 5.15625e-05 1 0.000398928 0.00140998 -0.000399073 0.999999 0.15118 0.0994169 0.265503
FixedParameters: 0 0 0

#Transform 126
Transform: AffineTransform_float_3_3
Parameters: 1 -0.000259906 -0.00116002 0.000260095 1 8.16984e-05 0.00115998 -8.13016e-05 1 0.141166 0.123497 0.233577
FixedParameters: 0 0 0

#Transform 127
Transform: AffineTransform_float_3_3
Parameters: 0.999999 -0.000460932 -0.00170829 0.000462067 0.999999 0.000624212 0.00170771 -0.000625788 0.999999 0.1713 0.103721 0.294595
FixedParameters: 0 0 0

#Transform 128
Transform: AffineTransform_float_3_3
Parameters: 0.999999 -0.000247264 -0.00141013 0.000247736 1 0.000521651 0.00140987 -0.000522349 0.999999 0.153653 0.106086 0.237041
FixedParameters: 0 0 0

#Transform 129
Transform: AffineTransform_float_3_3
Parameters: 0.999999 -5.12188e-05 -0.00141003 5.17811e-05 1 0.000553927 0.00140997 -0.000554073 0.999999 0.146758 0.144848 0.25732
FixedParameters: 0 0 0

#Transform 130
Transform: AffineTransform_float_3_3
Parameters: 0.999999 -5.15473e-05 -0.00141002 5.14526e-05 1 0.000320928 0.00140998 -0.000321073 0.999999 0.146833 0.0966916 0.239919
FixedParameters: 0 0 0

#Transform 131
Transform: AffineTransform_float_3_3
Parameters: 0.999999 -0.00034767 -0.00141008 0.000348331 1 0.000234509 0.00140992 -0.00023449 0.999999 0.15517 0.159389 0.271261
FixedParameters: 0 0 0

#Transform 132
Transform: AffineTransform_float_3_3
Parameters: 0.999999 -5.14275e-05 -0.00141002 5.15724e-05 1 0.000405928 0.00140998 -0.000406073 0.999999 0.141787 0.082704 0.263517
FixedParameters: 0 0 0

#Transform 133
Transform: AffineTransform_float_3_3
Parameters: 0.999999 -5.21254e-05 -0.00141 5.18745e-05 1 -8.90732e-05 0.00141 8.89266e-05 0.999999 0.148231 0.160989 0.271618
FixedParameters: 0 0 0

#Transform 134
Transform: AffineTransform_float_3_3
Parameters: 0.999999 2.80014e-05 -0.00141 -2.79986e-05 1 1.03948e-06 0.00141 -9.60519e-07 0.999999 0.136195 0.119301 0.29258
FixedParameters: 0 0 0

#Transform 135
Transform: AffineTransform_float_3_3
Parameters: 0.999999 1.74047e-05 -0.00141 -1.65953e-05 1 0.000287024 0.00141 -0.000286976 0.999999 0.12661 0.168078 0.289284
FixedParameters: 0 0 0

#Transform 136
Transform: AffineTransform_float_3_3
Parameters: 0.999999 0.000341458 -0.00140989 -0.000340541 1 0.00032548 0.00141011 -0.000324519 0.999999 0.120214 0.103613 0.282941
FixedParameters: 0 0 0

#Transform 137
Transform: AffineTransform_float_3_3
Parameters: 0.999999 -5.16333e-05 -0.00141001 5.13665e-05 1 0.000259928 0.00140999 -0.000260073 0.999999 0.122395 0.17347 0.332876
FixedParameters: 0 0 0

#Transform 138
Transform: AffineTransform_float_3_3
Parameters: 0.999999 -5.11034e-05 -0.00147703 5.18965e-05 1 0.000606924 0.00147697 -0.000607076 0.999998 0.108859 0.0712016 0.32577
FixedParameters: 0 0 0

#Transform 139
Transform: AffineTransform_float_3_3
Parameters: 0.999999 -0.000183875 -0.00186101 0.000184126 1 6.76575e-05 0.00186099 -6.73423e-05 0.999999 0.150657 0.168186 0.30537
FixedParameters: 0 0 0

#Transform 140
Transform: AffineTransform_float_3_3
Parameters: 0.999999 6.43621e-05 -0.00186095 -6.36376e-05 0.999999 0.000732119 0.00186105 -0.000731881 0.999998 0.132838 0.0740929 0.331911
FixedParameters: 0 0 0

#Transform 141
Transform: AffineTransform_float_3_3
Parameters: 0.999999 -5.14993e-05 -0.00186101 5.15005e-05 1 0.000268905 0.00186099 -0.000269096 0.999998 0.149099 0.164639 0.294967
FixedParameters: 0 0 0

#Transform 142
Transform: AffineTransform_float_3_3
Parameters: 0.999999 -5.05353e-05 -0.00186104 5.14645e-05 0.999999 0.000786905 0.00186096 -0.000787095 0.999998 0.149042 0.0803714 0.322524
FixedParameters: 0 0 0

#Transform 143
Transform: AffineTransform_float_3_3
Parameters: 0.999999 -5.14501e-05 -0.00149002 5.15497e-05 1 0.000368924 0.00148998 -0.000369077 0.999999 0.138622 0.164565 0.290433
FixedParameters: 0 0 0

#Transform 144
Transform: AffineTransform_float_3_3
Parameters: 0.999997 -0.00018624 -0.00239014 0.000187758 0.999999 0.000735553 0.00238986 -0.000736447 0.999997 0.177415 0.0859728 0.309079
FixedParameters: 0 0 0

#Transform 145
Transform: AffineTransform_float_3_3
Parameters: 0.999998 -5.14055e-05 -0.00161102 5.15944e-05 1 0.000368917 0.00161098 -0.000369083 0.999998 0.142536 0.15802 0.284593
FixedParameters: 0 0 0

#Transform 146
Transform: AffineTransform_float_3_3
Parameters: 0.999999 -5.07623e-05 -0.00186103 5.12375e-05 1 0.000664906 0.00186097 -0.000665096 0.999998 0.149013 0.108141 0.340219
FixedParameters: 0 0 0

#Transform 147
Transform: AffineTransform_float_3_3
Parameters: 0.999998 -0.000368074 -0.00186118 0.000368924 1 0.000496314 0.00186082 -0.000497686 0.999998 0.165232 0.155266 0.291936
FixedParameters: 0 0 0

#Transform 148
Transform: AffineTransform_float_3_3
Parameters: 0.999999 -5.05148e-05 -0.00186104 5.14868e-05 0.999999 0.000798905 0.00186096 -0.000798095 0.999998 0.149049 0.112893 0.320588
FixedParameters: 0 0 0

#Transform 149
Transform: AffineTransform_float_3_3
Parameters: 0.999999 -5.05148e-05 -0.00186104 5.14868e-05 0.999999 0.000798905 0.00186096 -0.000798095 0.999998 0.165668 0.128103 0.257514
FixedParameters: 0 0 0

#Transform 150
Transform: AffineTransform_float_3_3
Parameters: 0.999998 -0.000232193 -0.00226419 0.000233808 0.999999 0.000798473 0.00226382 -0.000798528 0.999997 0.196262 0.120947 0.290856
FixedParameters: 0 0 0

#Transform 151
Transform: AffineTransform_float_3_3
Parameters: 0.999998 -5.10792e-05 -0.00174703 5.19205e-05 1 0.00052691 0.00174697 -0.00052709 0.999999 0.162653 0.134481 0.26799
FixedParameters: 0 0 0

#Transform 152
Transform: AffineTransform_float_3_3
Parameters: 0.999998 -0.00024888 -0.00205014 0.000250119 1 0.000545488 0.00204986 -0.000546511 0.999997 0.179359 0.158653 0.333144
FixedParameters: 0 0 0

#Transform 153
Transform: AffineTransform_float_3_3
Parameters: 0.999998 -5.02577e-05 -0.00190405 5.17439e-05 0.999999 0.000915903 0.00190395 -0.000915097 0.999998 0.161526 0.0873401 0.293482
FixedParameters: 0 0 0

#Transform 154
Transform: AffineTransform_float_3_3
Parameters: 0.999998 -5.06829e-05 -0.00172604 5.13168e-05 0.999999 0.000762913 0.00172596 -0.000763089 0.999998 0.16548 0.149675 0.328025
FixedParameters: 0 0 0

#Transform 155
Transform: AffineTransform_float_3_3
Parameters: 0.999998 2.14981e-05 -0.001916 -2.15018e-05 1 0.000260042 0.00191601 -0.000259959 0.999998 0.156967 0.104267 0.280797
FixedParameters: 0 0 0

#Transform 156
Transform: AffineTransform_float_3_3
Parameters: 0.999999 -5.16379e-05 -0.00180101 5.13619e-05 1 0.000200908 0.00180099 -0.000201093 0.999999 0.150473 0.167892 0.326755
FixedParameters: 0 0 0

#Transform 157
Transform: AffineTransform_float_3_3
Parameters: 0.999998 8.06419e-05 -0.00189397 -8.03578e-05 1 0.000339153 0.00189403 -0.000338848 0.999998 0.1429 0.11975 0.302216
FixedParameters: 0 0 0

#Transform 158
Transform: AffineTransform_float_3_3
Parameters: 0.999997 -5.12095e-05 -0.00213602 5.17902e-05 1 0.00036989 0.00213598 -0.00037011 0.999997 0.177574 0.150376 0.302946
FixedParameters: 0 0 0

#Transform 159
Transform: AffineTransform_float_3_3
Parameters: 0.999999 -5.10437e-05 -0.00178403 5.19561e-05 1 0.000535908 0.00178397 -0.000536092 0.999999 0.160637 0.0875756 0.277371
FixedParameters: 0 0 0

#Transform 160
Transform: AffineTransform_float_3_3
Parameters: 0.999999 -5.08443e-05 -0.00175104 5.11556e-05 1 0.000659911 0.00175097 -0.00066009 0.999998 0.157834 0.162004 0.304069
FixedParameters: 0 0 0

#Transform 161
Transform: AffineTransform_float_3_3
Parameters: 0.999998 -4.95138e-05 -0.00188207 5.1486e-05 0.999999 0.00132091 0.00188193 -0.0013211 0.999998 0.155028 0.0490498 0.30796
FixedParameters: 0 0 0

#Transform 162
Transform: AffineTransform_float_3_3
Parameters: 0.999998 -5.18573e-05 -0.00226401 5.11425e-05 1 6.28844e-05 0.002264 -6.31176e-05 0.999998 0.183807 0.182247 0.258696
FixedParameters: 0 0 0

#Transform 163
Transform: AffineTransform_float_3_3
Parameters: 0.999999 -5.07992e-05 -0.00182203 5.12006e-05 1 0.000658908 0.00182197 -0.000659094 0.999998 0.161433 0.0784123 0.28702
FixedParameters: 0 0 0

#Transform 164
Transform: AffineTransform_float_3_3
Parameters: 0.999998 -5.1873e-05 -0.002014 5.11268e-05 1 6.28972e-05 0.002014 -6.31046e-05 0.999998 0.179627 0.193026 0.276251
FixedParameters: 0 0 0

#Transform 165
Transform: AffineTransform_float_3_3
Parameters: 0.999997 6.80253e-05 -0.00214097 -6.69764e-05 1 0.000478144 0.00214103 -0.000478855 0.999997 0.180321 0.0957217 0.302582
FixedParameters: 0 0 0

#Transform 166
Transform: AffineTransform_float_3_3
Parameters: 0.999997 -5.17682e-05 -0.002145 5.12315e-05 1 0.00010789 0.00214499 -0.000108111 0.999997 0.195677 0.191631 0.260734
FixedParameters: 0 0 0

#Transform 167
Transform: AffineTransform_float_3_3
Parameters: 0.999997 -0.00020734 -0.00218116 0.000209659 0.999999 0.000760545 0.00218084 -0.000761454 0.999998 0.177991 0.0816635 0.297899
FixedParameters: 0 0 0

#Transform 168
Transform: AffineTransform_float_3_3
Parameters: 0.999998 -5.11923e-05 -0.00201402 5.18075e-05 1 0.000400896 0.00201398 -0.000401104 0.999998 0.177209 0.164492 0.296489
FixedParameters: 0 0 0

#Transform 169
Transform: AffineTransform_float_3_3
Parameters: 0.999998 -5.03358e-05 -0.00226404 5.16662e-05 0.999999 0.000735885 0.00226396 -0.000735116 0.999997 0.170141 0.0684315 0.321503
FixedParameters: 0 0 0

#Transform 170
Transform: AffineTransform_float_3_3
Parameters: 0.999998 -5.10951e-05 -0.00191302 5.19067e-05 1 0.000473902 0.00191298 -0.000473099 0.999998 0.161058 0.158399 0.291809
FixedParameters: 0 0 0

#Transform 171
Transform: AffineTransform_float_3_3
Parameters: 0.999998 -4.9917e-05 -0.00226405 5.10827e-05 0.999999 0.000919886 0.00226395 -0.000920115 0.999997 0.163643 0.0573863 0.309142
FixedParameters: 0 0 0

#Transform 172
Transform: AffineTransform_float_3_3
Parameters: 0.999999 -5.12932e-05 -0.00181202 5.17066e-05 1 0.000389907 0.00181198 -0.000390094 0.999999 0.137082 0.159282 0.290589
FixedParameters: 0 0 0

#Transform 173
Transform: AffineTransform_float_3_3
Parameters: 0.999997 -5.06527e-05 -0.00226403 5.13469e-05 1 0.000594885 0.00226397 -0.000595116 0.999998 0.178569 0.100147 0.333457
FixedParameters: 0 0 0

#Transform 174
Transform: AffineTransform_float_3_3
Parameters: 0.999998 -5.08916e-05 -0.00201503 5.11081e-05 1 0.000549898 0.00201497 -0.000550103 0.999998 0.166167 0.143418 0.292856
FixedParameters: 0 0 0

#Transform 175
Transform: AffineTransform_float_3_3
Parameters: 0.999998 -5.05124e-05 -0.00226404 5.14873e-05 1 0.000656885 0.00226397 -0.000657116 0.999997 0.178646 0.124765 0.336322
FixedParameters: 0 0 0

#Transform 176
Transform: AffineTransform_float_3_3
Parameters: 0.999998 3.63272e-05 -0.00187198 -3.46727e-05 0.999999 0.000709066 0.00187203 -0.000708933 0.999998 0.15781 0.0761493 0.294732
FixedParameters: 0 0 0

#Transform 177
Transform: AffineTransform_float_3_3
Parameters: 0.999997 -5.11445e-05 -0.00246502 5.18552e-05 1 0.000346873 0.00246498 -0.000347127 0.999997 0.170977 0.121556 0.339774
FixedParameters: 0 0 0

#Transform 178
Transform: AffineTransform_float_3_3
Parameters: 0.999998 -5.09462e-05 -0.00173303 5.10553e-05 1 0.000608913 0.00173297 -0.000608089 0.999999 0.144268 0.0983025 0.299029
FixedParameters: 0 0 0

#Transform 179
Transform: AffineTransform_float_3_3
Parameters: 0.999998 -5.03675e-05 -0.00226404 5.16322e-05 0.999999 0.000720885 0.00226396 -0.000721116 0.999997 0.160824 0.099381 0.362935
FixedParameters: 0 0 0

#Transform 180
Transform: AffineTransform_float_3_3
Parameters: 0.999998 3.21973e-05 -0.00194698 -3.18025e-05 1 0.000615063 0.00194702 -0.000614938 0.999998 0.171203 0.102546 0.270008
FixedParameters: 0 0 0

#Transform 181
Transform: AffineTransform_float_3_3
Parameters: 0.999998 -4.92695e-05 -0.00226406 5.17303e-05 1 0.00120589 0.00226394 -0.00120611 0.999996 0.178124 0.0935314 0.323506
FixedParameters: 0 0 0

#Transform 182
Transform: AffineTransform_float_3_3
Parameters: 0.999998 -5.03879e-05 -0.00226404 5.16141e-05 0.999999 0.000712885 0.00226397 -0.000712116 0.999997 0.182963 0.106192 0.264879
FixedParameters: 0 0 0

#Transform 183
Transform: AffineTransform_float_3_3
Parameters: 0.999998 4.88722e-05 -0.00226396 -4.61298e-05 0.999999 0.000826106 0.00226404 -0.000826891 0.999997 0.181122 0.116547 0.356956
FixedParameters: 0 0 0

#Transform 184
Transform: AffineTransform_float_3_3
Parameters: 0.999998 -5.03788e-05 -0.00226404 5.16209e-05 0.999999 0.000715885 0.00226397 -0.000716116 0.999997 0.18263 0.0938386 0.273659
FixedParameters: 0 0 0

#Transform 185
Transform: AffineTransform_float_3_3
Parameters: 0.999998 -5.00596e-05 -0.00226404 5.19401e-05 0.999999 0.000856884 0.00226396 -0.000857115 0.999997 0.199098 0.107146 0.299181
FixedParameters: 0 0 0

#Transform 186
Transform: AffineTransform_float_3_3
Parameters: 0.999999 -5.036e-05 -0.00177105 5.16398e-05 0.999999 0.00092591 0.00177095 -0.00092609 0.999998 0.163079 0.0897456 0.256977
FixedParameters: 0 0 0

#Transform 187
Transform: AffineTransform_float_3_3
Parameters: 0.999998 -5.07139e-05 -0.00226403 5.12858e-05 1 0.000567885 0.00226397 -0.000568116 0.999998 0.19821 0.156851 0.259029
FixedParameters: 0 0 0

#Transform 188
Transform: AffineTransform_float_3_3
Parameters: 0.999998 -5.04679e-05 -0.00173104 5.15318e-05 0.999999 0.000884912 0.00173095 -0.000885088 0.999998 0.151144 0.0772105 0.295871
FixedParameters: 0 0 0

#Transform 189
Transform: AffineTransform_float_3_3
Parameters: 0.999998 -5.05509e-05 -0.00226403 5.14488e-05 1 0.000639885 0.00226397 -0.000640116 0.999997 0.191042 0.14756 0.293386
FixedParameters: 0 0 0

#Transform 190
Transform: AffineTransform_float_3_3
Parameters: 0.999999 -5.07636e-05 -0.00178404 5.12362e-05 1 0.00069291 0.00178397 -0.000693092 0.999998 0.155439 0.0760341 0.293465
FixedParameters: 0 0 0

#Transform 191
Transform: AffineTransform_float_3_3
Parameters: 0.999998 -5.03963e-05 -0.00201704 5.16034e-05 0.999999 0.000794897 0.00201696 -0.000795103 0.999997 0.167089 0.146586 0.321081
FixedParameters: 0 0 0

#Transform 192
Transform: AffineTransform_float_3_3
Parameters: 0.999997 0.000100783 -0.00218196 -0.000100216 1 0.000359219 0.00218203 -0.000358781 0.999997 0.173522 0.117769 0.266381
FixedParameters: 0 0 0

#Transform 193
Transform: AffineTransform_float_3_3
Parameters: 0.999997 -5.24821e-05 -0.00226399 5.15176e-05 1 -0.000213117 0.00226401 0.000212882 0.999998 0.179492 0.163609 0.310807
FixedParameters: 0 0 0

#Transform 194
Transform: AffineTransform_float_3_3
Parameters: 0.999998 0.000236925 -0.00189689 -0.000236074 1 0.000488449 0.00189712 -0.000487551 0.999998 0.148591 0.105094 0.290887
FixedParameters: 0 0 0

#Transform 195
Transform: AffineTransform_float_3_3
Parameters: 0.999998 0.000103412 -0.00226398 -0.00010359 1 0.000181235 0.00226402 -0.000181766 0.999997 0.177539 0.161956 0.348718
FixedParameters: 0 0 0

#Transform 196
Transform: AffineTransform_float_3_3
Parameters: 0.999998 0.000191117 -0.00190289 -0.000190883 1 0.000587364 0.00190311 -0.000586637 0.999998 0.158272 0.105439 0.344892
FixedParameters: 0 0 0

#Transform 197
Transform: AffineTransform_float_3_3
