#Insight Transform File V1.0
#Transform 0
Transform: AffineTransform_float_3_3
Parameters: 1 0 0 0 0.999998 0.002077 0 -0.002077 0.999998 0.006578 0.0577009 0.0677242
FixedParameters: 0 0 0

#Transform 1
Transform: AffineTransform_float_3_3
Parameters: 1 0 0 0 0.999997 -0.002158 0 0.002158 0.999997 -0.042408 0.0202324 -0.0387164
FixedParameters: 0 0 0

#Transform 2
Transform: AffineTransform_float_3_3
Parameters: 1 0 0 0 0.999999 0.001575 0 -0.001575 0.999999 -0.069711 -0.00282788 0.064605
FixedParameters: 0 0 0

#Transform 3
Transform: AffineTransform_float_3_3
Parameters: 1 0.000153 7.803e-08 -0.000153 1 0.00051 7.803e-08 -0.00051 1 -0.0616095 0.0676836 0.048888
FixedParameters: 0 0 0

#Transform 4
Transform: AffineTransform_float_3_3
Parameters: 1 0.000253272 -0.000359808 -0.000252728 0.999999 0.000756091 0.000359191 -0.000755909 0.999999 -0.069345 0.0360569 0.077226
FixedParameters: 0 0 0

#Transform 5
Transform: AffineTransform_float_3_3
Parameters: 1 0.000513995 -6.30385e-05 -0.000514005 1 -7.49676e-05 6.29614e-05 7.50324e-05 1 -0.0724856 -0.0145924 -0.0415832
FixedParameters: 0 0 0

#Transform 6
Transform: AffineTransform_float_3_3
Parameters: 0.999999 -0.000245594 -0.000870833 0.000245406 0.999999 -0.000682214 0.000871168 0.000681786 1 -0.0518195 0.028007 -0.0387797
FixedParameters: 0 0 0

#Transform 7
Transform: AffineTransform_float_3_3
Parameters: 1 -0.000104426 0.000343871 0.000103573 0.999999 0.00124004 -0.000344129 -0.00123996 0.999999 -0.0219577 -0.0324507 0.00615615
FixedParameters: 0 0 0

#Transform 8
Transform: AffineTransform_float_3_3
Parameters: 1 -0.00012102 9.19735e-05 0.00012098 1 0.000219011 -9.20265e-05 -0.000218989 1 -0.0299907 0.0143078 -0.0412541
FixedParameters: 0 0 0

#Transform 9
Transform: AffineTransform_float_3_3
Parameters: 1 -0.00055498 0.000142077 0.00055502 1 -0.000138921 -0.000141923 0.000139079 1 -0.0203287 0.0165646 -0.0509917
FixedParameters: 0 0 0

#Transform 10
Transform: AffineTransform_float_3_3
Parameters: 1 -0.000555048 9.17058e-05 0.000554951 0.999999 0.000530051 -9.12941e-05 -0.000529949 1 -0.00896576 -0.0440936 -0.08057
FixedParameters: 0 0 0

#Transform 11
Transform: AffineTransform_float_3_3
Parameters: 1 -0.000323997 9.20107e-05 0.000324003 1 -3.29702e-05 -9.19893e-05 3.30298e-05 1 -0.0301648 0.0276932 -0.096428
FixedParameters: 0 0 0

#Transform 12
Transform: AffineTransform_float_3_3
Parameters: 1 -0.000554985 9.20893e-05 0.000555015 1 -0.000160949 -9.19106e-05 0.000161051 1 -0.0140472 -0.0379512 -0.0593632
FixedParameters: 0 0 0

#Transform 13
Transform: AffineTransform_float_3_3
Parameters: 1 -0.000554957 9.22586e-05 0.000555043 0.999999 -0.000465949 -9.17413e-05 0.000466051 1 -0.0177497 5.82465e-05 -0.0961129
FixedParameters: 0 0 0

#Transform 14
Transform: AffineTransform_float_3_3
Parameters: 1 -0.000554972 9.21698e-05 0.000555028 1 -0.000305949 -9.18301e-05 0.000306051 1 -0.0345243 0.00223263 -0.0782918
FixedParameters: 0 0 0

#Transform 15
Transform: AffineTransform_float_3_3
Parameters: 1 -0.000409884 -9.74891e-05 0.000410115 0.999999 0.00119296 9.65108e-05 -0.00119304 1 -0.0266963 -0.0255293 -0.0119425
FixedParameters: 0 0 0

#Transform 16
Transform: AffineTransform_float_3_3
Parameters: 1 -0.000555026 -0.000167913 0.000554973 1 -0.000157093 0.000168087 0.000156907 1 -0.0148816 0.0377739 -0.0584937
FixedParameters: 0 0 0

#Transform 17
Transform: AffineTransform_float_3_3
Parameters: 1 -0.000554632 -0.000376542 0.000555368 1 0.000976792 0.000376458 -0.00097721 1 -0.0317541 -0.0199369 -0.0246865
FixedParameters: 0 0 0

#Transform 18
Transform: AffineTransform_float_3_3
Parameters: 1 -0.000554834 -0.000396232 0.000555166 1 0.00041878 0.000396767 -0.00041922 1 -0.0316396 0.029741 -0.0812552
FixedParameters: 0 0 0

#Transform 19
Transform: AffineTransform_float_3_3
Parameters: 1 -0.000554779 -0.000253485 0.000555222 1 0.000873859 0.000253515 -0.000874141 0.999999 -0.0293699 0.0359188 -0.0163077
FixedParameters: 0 0 0

#Transform 20
Transform: AffineTransform_float_3_3
Parameters: 1 -0.000554691 -0.000354485 0.00055531 1 0.000873803 0.000354515 -0.000873197 0.999999 -0.0219077 -0.00872682 -0.0343256
FixedParameters: 0 0 0

#Transform 21
Transform: AffineTransform_float_3_3
Parameters: 1 -0.000555018 -0.000177943 0.000554981 1 -0.000103099 0.000178057 0.000102901 1 -0.0276781 0.0688669 -0.0754983
FixedParameters: 0 0 0

#Transform 22
Transform: AffineTransform_float_3_3
Parameters: 1 -0.000423094 0.000150737 0.000422907 0.999999 0.000621064 -0.000150263 -0.000620936 1 -0.0177175 -0.007354 -0.0519533
FixedParameters: 0 0 0

#Transform 23
Transform: AffineTransform_float_3_3
Parameters: 1 -0.00055488 -0.00037018 0.00055512 1 0.000323794 0.00036982 -0.000324205 1 -0.0261761 0.00988213 -0.078244
FixedParameters: 0 0 0

#Transform 24
Transform: AffineTransform_float_3_3
Parameters: 1 -0.000555113 -0.00019568 0.000554887 0.999999 -0.000577108 0.00019632 0.000576891 1 -0.0385025 0.03197 -0.0529596
FixedParameters: 0 0 0

#Transform 25
Transform: AffineTransform_float_3_3
Parameters: 1 -0.000554749 -0.000376369 0.000555251 0.999999 0.000665791 0.00037663 -0.000666209 0.999999 -0.0409044 -0.0277707 -0.0418119
FixedParameters: 0 0 0

#Transform 26
Transform: AffineTransform_float_3_3
Parameters: 0.999999 -0.000555324 -0.000586693 0.000555675 0.999999 -0.000552326 0.000587307 0.000552674 0.999999 -0.0437969 0.0496959 -0.0727361
FixedParameters: 0 0 0

#Transform 27
Transform: AffineTransform_float_3_3
Parameters: 0.999999 -0.000554674 -0.000587307 0.000555326 0.999999 0.000554674 0.000587691 -0.000555326 0.999999 -0.043812 0.00141624 -0.00146651
FixedParameters: 0 0 0

#Transform 28
Transform: AffineTransform_float_3_3
Parameters: 0.999999 -0.000554958 -0.000587039 0.000555041 1 7.06742e-05 0.00058696 -7.13257e-05 1 -0.0298531 0.00540192 -0.0612966
FixedParameters: 0 0 0

#Transform 29
Transform: AffineTransform_float_3_3
Parameters: 1 -0.000555013 -0.000351979 0.000554987 1 -3.71953e-05 0.00035202 3.68046e-05 1 -0.0268871 0.0341486 -0.0727172
FixedParameters: 0 0 0

#Transform 30
Transform: AffineTransform_float_3_3
Parameters: 0.999999 -0.000554409 -0.000519631 0.000555591 0.999999 0.00113771 0.000519368 -0.00113829 0.999999 -0.024708 -0.0124097 -0.0131103
FixedParameters: 0 0 0

#Transform 31
Transform: AffineTransform_float_3_3
Parameters: 1 -0.000555038 -0.000148859 0.000554962 1 -0.000254083 0.000148141 0.000253918 1 -0.0217473 0.037252 -0.0500679
FixedParameters: 0 0 0

#Transform 32
Transform: AffineTransform_float_3_3
Parameters: 1 -0.000554971 -7.42142e-05 0.000555029 1 0.000385959 7.47857e-05 -0.000386041 1 -0.0267316 0.00768363 -0.0128719
FixedParameters: 0 0 0

#Transform 33
Transform: AffineTransform_float_3_3
Parameters: 0.999999 -0.000555339 0.000530645 0.000555661 0.999999 0.000639295 -0.000530355 -0.000638705 0.999999 0.00388869 0.00275861 -0.0346601
FixedParameters: 0 0 0

#Transform 34
Transform: AffineTransform_float_3_3
Parameters: 1 -0.000554966 7.42497e-05 0.000555033 0.999999 -0.000449959 -7.37502e-05 0.000450041 1 -0.0189202 0.0309157 -0.0733861
FixedParameters: 0 0 0

#Transform 35
Transform: AffineTransform_float_3_3
Parameters: 1 -0.000380667 -0.000177715 0.000380333 0.999998 0.00187693 0.000177286 -0.00187707 0.999998 -0.0149761 -0.00402177 -4.36997e-05
FixedParameters: 0 0 0

#Transform 36
Transform: AffineTransform_float_3_3
Parameters: 1 -0.000554942 -0.00017718 0.000555057 1 0.000323902 0.00017682 -0.000324098 1 -0.0104928 0.0128846 -0.0633991
FixedParameters: 0 0 0

#Transform 37
Transform: AffineTransform_float_3_3
Parameters: 1 -0.00055491 0.000135366 0.000555089 0.999999 -0.000659925 -0.000134634 0.000660074 1 -0.0153126 -0.0062184 -0.0469647
FixedParameters: 0 0 0

#Transform 38
Transform: AffineTransform_float_3_3
Parameters: 1 -0.00055469 -0.000210818 0.000555309 0.999999 0.00147388 0.000209182 -0.00147412 0.999999 -0.00355313 -0.00846353 0.0133319
FixedParameters: 0 0 0

#Transform 39
Transform: AffineTransform_float_3_3
Parameters: 1 -0.000554988 0.000117054 0.000555011 1 -9.7935e-05 -0.000116946 9.80649e-05 1 -0.0155178 0.0376016 -0.0541301
FixedParameters: 0 0 0

#Transform 40
Transform: AffineTransform_float_3_3
Parameters: 1 -0.000555014 0.000116932 0.000554986 1 0.000122065 -0.000116068 -0.000121936 1 -0.00581201 -0.0345182 -0.0480059
FixedParameters: 0 0 0

#Transform 41
Transform: AffineTransform_float_3_3
Parameters: 1 -0.000555502 0.00036624 0.000555498 0.999999 0.0013692 -0.000366761 -0.0013688 0.999999 0.00543003 0.00305264 -0.0201986
FixedParameters: 0 0 0

#Transform 42
Transform: AffineTransform_float_3_3
Parameters: 1 -0.000555018 0.000116916 0.000554982 1 0.000152065 -0.000116084 -0.000151936 1 0.00127265 0.0419141 -0.0473782
FixedParameters: 0 0 0

#Transform 43
Transform: AffineTransform_float_3_3
Parameters: 1 -0.000555125 0.000116404 0.000554875 1 0.00107307 -0.000116595 -0.00107294 1 0.00871071 -0.0061914 0.0156202
FixedParameters: 0 0 0

#Transform 44
Transform: AffineTransform_float_3_3
Parameters: 1 -0.000554988 0.000183036 0.000555012 1 -6.48984e-05 -0.000182964 6.51015e-05 1 -0.00158538 0.0175559 -0.0572525
FixedParameters: 0 0 0

#Transform 45
Transform: AffineTransform_float_3_3
Parameters: 1 -0.000555253 0.000357606 0.000555746 0.999999 0.000709198 -0.000358394 -0.000708801 0.999999 -0.00768752 0.0143782 -0.00911099
FixedParameters: 0 0 0

#Transform 46
Transform: AffineTransform_float_3_3
Parameters: 1 -0.000328267 0.000163465 0.000327734 0.999998 0.00163005 -0.000163534 -0.00162995 0.999998 -0.00819013 0.00489174 0.00494609
FixedParameters: 0 0 0

#Transform 47
Transform: AffineTransform_float_3_3
Parameters: 1 -0.000554986 0.000164047 0.000555014 1 -8.3909e-05 -0.000163953 8.4091e-05 1 -0.0148921 0.0534101 -0.0426308
FixedParameters: 0 0 0

#Transform 48
Transform: AffineTransform_float_3_3
Parameters: 1 -0.000555046 0.000163843 0.000554954 1 0.000282091 -0.000164156 -0.000281909 1 0.00231379 -0.00256255 0.0417474
FixedParameters: 0 0 0

#Transform 49
Transform: AffineTransform_float_3_3
Parameters: 1 -0.000555144 0.000163511 0.000554855 1 0.000881091 -0.000164489 -0.000880909 0.999999 -0.0148601 0.00593828 -0.00824472
FixedParameters: 0 0 0

#Transform 50
Transform: AffineTransform_float_3_3
Parameters: 1 -0.000472895 0.000164303 0.000473105 0.999999 -0.000640922 -0.000163697 0.000641077 1 -0.0170948 0.00443922 -0.0590952
FixedParameters: 0 0 0

#Transform 51
Transform: AffineTransform_float_3_3
Parameters: 1 -0.000555195 0.000163341 0.000554806 0.999999 0.00118809 -0.00016366 -0.00118891 1 -0.00313005 -0.0194923 -0.00841792
FixedParameters: 0 0 0

#Transform 52
Transform: AffineTransform_float_3_3
Parameters: 1 -0.000554915 0.000164286 0.000555084 0.999999 -0.000514909 -0.000163714 0.000515091 1 -0.0148887 0.0433367 -0.0556996
FixedParameters: 0 0 0

#Transform 53
Transform: AffineTransform_float_3_3
Parameters: 1 -0.000555064 5.83995e-05 0.000554937 1 0.00108203 -5.86005e-05 -0.00108197 1 -0.00732361 -0.0152929 0.0155087
FixedParameters: 0 0 0

#Transform 54
Transform: AffineTransform_float_3_3
Parameters: 1 -0.000380038 0.000163912 0.000379962 1 0.000232062 -0.000164088 -0.000231938 1 -0.00804411 0.0192483 -0.0669565
FixedParameters: 0 0 0

#Transform 55
Transform: AffineTransform_float_3_3
Parameters: 1 -0.000370956 0.0001641 0.000371044 1 -0.000268939 -0.0001639 0.000269061 1 -0.0199053 0.00505451 -0.0517071
FixedParameters: 0 0 0

#Transform 56
Transform: AffineTransform_float_3_3
Parameters: 1 -0.000554732 -0.000165897 0.000555266 0.999998 0.00161691 0.000164102 -0.00161709 0.999998 0.00299771 0.00659516 0.0405132
FixedParameters: 0 0 0

#Transform 57
Transform: AffineTransform_float_3_3
Parameters: 1 -0.000433901 0.000117367 0.000434099 0.999999 -0.000846948 -0.000116632 0.00084705 0.999999 -0.00553335 0.0299022 -0.0439508
FixedParameters: 0 0 0

#Transform 58
Transform: AffineTransform_float_3_3
Parameters: 1 -0.00055471 -0.000233689 0.00055529 0.999999 0.00124187 0.00023331 -0.00124213 0.999999 -0.00921257 -0.00773827 0.040988
FixedParameters: 0 0 0

#Transform 59
Transform: AffineTransform_float_3_3
Parameters: 1 -0.000554997 -3.50472e-05 0.000555003 1 8.49805e-05 3.49528e-05 -8.50194e-05 1 -0.0175589 0.00865506 -0.0577011
FixedParameters: 0 0 0

#Transform 60
Transform: AffineTransform_float_3_3
Parameters: 1 -0.000555137 0.000137448 0.000554864 1 0.000995076 -0.000137552 -0.000994924 0.999999 -0.0152255 0.041763 0.0137613
FixedParameters: 0 0 0

#Transform 61
Transform: AffineTransform_float_3_3
Parameters: 1 -0.00055451 -0.000433627 0.00055549 0.999999 0.00113076 0.000433373 -0.00113024 1 -0.00883287 -0.00288407 0.0277284
FixedParameters: 0 0 0

#Transform 62
Transform: AffineTransform_float_3_3
Parameters: 1 -0.000554812 0.000169617 0.000555189 0.999999 -0.00111191 -0.000169383 0.00111209 1 -0.0148271 0.0328877 -0.0405927
FixedParameters: 0 0 0

#Transform 63
Transform: AffineTransform_float_3_3
Parameters: 1 -0.000284965 0.000146069 0.000285035 1 -0.000240958 -0.000145931 0.000241042 1 -0.00583561 0.00447353 -0.0600239
FixedParameters: 0 0 0

#Transform 64
Transform: AffineTransform_float_3_3
Parameters: 1 -0.000555234 0.000374653 0.000555766 0.999999 0.000624208 -0.000375347 -0.000623791 0.999999 0.00678081 0.0168819 -0.0530319
FixedParameters: 0 0 0

#Transform 65
Transform: AffineTransform_float_3_3
Parameters: 1 -0.000554975 0.000128106 0.000555024 1 -0.000190929 -0.000127895 0.000190071 1 -0.0153736 0.0367313 -0.0554919
FixedParameters: 0 0 0

#Transform 66
Transform: AffineTransform_float_3_3
Parameters: 1 -0.000555685 0.000373984 0.000555315 0.999998 0.00183021 -0.000375017 -0.00182979 0.999999 0.0127654 -0.0129415 0.0483677
FixedParameters: 0 0 0

#Transform 67
Transform: AffineTransform_float_3_3
Parameters: 1 -0.000415149 0.000215712 0.000414851 0.999999 0.000693089 -0.000215287 -0.00069291 0.999999 -0.0137531 0.02837 -0.0179313
FixedParameters: 0 0 0

#Transform 68
Transform: AffineTransform_float_3_3
Parameters: 0.999999 -0.000555633 0.000592407 0.000555367 1 0.00106833 -0.000592593 -0.00106767 1 -0.00907324 0.0522108 0.0264574
FixedParameters: 0 0 0

#Transform 69
Transform: AffineTransform_float_3_3
Parameters: 1 -0.000555119 8.72468e-05 0.000554881 0.999999 0.00135705 -8.7753e-05 -0.00135695 0.999999 -0.0158706 0.00276479 0.0082584
FixedParameters: 0 0 0

#Transform 70
Transform: AffineTransform_float_3_3
Parameters: 1 -0.000554897 0.000371155 0.000555103 1 -0.000278794 -0.000370846 0.000278206 1 -0.0121232 0.0544707 -0.0513102
FixedParameters: 0 0 0

#Transform 71
Transform: AffineTransform_float_3_3
Parameters: 1 -0.000449294 0.000273519 0.000448706 1 0.00107212 -0.000274481 -0.00107188 1 -0.0315558 0.0159715 0.0364745
FixedParameters: 0 0 0

#Transform 72
Transform: AffineTransform_float_3_3
Parameters: 0.999998 0.00012774 0.00193469 -0.000123261 0.999997 -0.00244924 -0.00193531 0.00244976 0.999995 -0.0737762 -0.0734358 -0.116197
FixedParameters: 0 0 0

#Transform 73
Transform: AffineTransform_float_3_3
Parameters: 1 -0.000439263 0.000915836 0.000440738 0.999998 -0.0018976 -0.000915165 0.0018984 0.999998 -0.0481671 0.0314361 -0.0968128
FixedParameters: 0 0 0

#Transform 74
Transform: AffineTransform_float_3_3
Parameters: 0.999998 -0.00144927 0.000916147 0.00144972 0.999998 -0.000790673 -0.000914852 0.000792327 1 -2.27393e-05 -0.0123898 -0.0435003
FixedParameters: 0 0 0

#Transform 75
Transform: AffineTransform_float_3_3
Parameters: 1 -0.00110184 0.000184968 0.00110216 0.999999 -0.000878796 -0.000184032 0.000878203 0.999999 -0.039719 -0.0144577 -0.0636957
FixedParameters: 0 0 0

#Transform 76
Transform: AffineTransform_float_3_3
Parameters: 1 -0.0011667 0.000185902 0.0011673 0.999998 -0.00162978 -0.000184099 0.00162922 0.999998 -0.0213251 0.0525974 -0.0185545
FixedParameters: 0 0 0

#Transform 77
Transform: AffineTransform_float_3_3
Parameters: 1 -0.00103277 0.000185289 0.00103223 0.999998 -0.00124781 -0.000183712 0.00124819 0.999999 -0.0250736 -0.0729807 -0.00903036
FixedParameters: 0 0 0

#Transform 78
Transform: AffineTransform_float_3_3
Parameters: 0.999999 -0.000726042 -5.84736e-05 0.000725956 0.999999 -0.000725042 5.95263e-05 0.000724956 0.999999 -0.0338458 -0.0387497 -0.0492016
FixedParameters: 0 0 0

#Transform 79
Transform: AffineTransform_float_3_3
Parameters: 0.999999 -0.00131329 0.00043117 0.00131471 0.999998 -0.00165143 -0.000428829 0.00165156 0.999998 -0.030573 0.00633006 -0.0490771
FixedParameters: 0 0 0

#Transform 80
Transform: AffineTransform_float_3_3
Parameters: 0.999999 -0.000786031 5.85724e-05 0.000785968 0.999999 0.000544046 -5.84275e-05 -0.000543954 1 -0.0502 -0.010538 0.0780354
FixedParameters: 0 0 0

#Transform 81
Transform: AffineTransform_float_3_3
Parameters: 0.999999 0.000119493 0.000811075 -0.000119507 1 0.000624903 -0.000810926 -0.000625097 1 -0.0985038 0.0171786 0.0114014
FixedParameters: 0 0 0

#Transform 82
Transform: AffineTransform_float_3_3
Parameters: 0.999999 -0.000339062 0.000807395 0.000339939 1 -0.00116273 -0.000807605 0.00116227 0.999999 -0.0788955 0.0489976 -0.0692795
FixedParameters: 0 0 0

#Transform 83
Transform: AffineTransform_float_3_3
Parameters: 1 -0.00058148 0.000938704 0.00058052 0.999999 0.000511545 -0.000939298 -0.000511454 1 -0.0439293 0.0111122 0.0293387
FixedParameters: 0 0 0

#Transform 84
Transform: AffineTransform_float_3_3
Parameters: 0.999999 -0.000740841 0.000623188 0.000740158 0.999999 -0.000253539 -0.000623811 0.000254462 1 -0.0416643 0.0105654 -0.0269845
FixedParameters: 0 0 0

#Transform 85
Transform: AffineTransform_float_3_3
Parameters: 0.999999 -0.000741216 0.000622742 0.000740783 0.999999 0.000347461 -0.000623257 -0.000347538 0.999999 -0.0585867 0.0527243 0.0530157
FixedParameters: 0 0 0

#Transform 86
Transform: AffineTransform_float_3_3
Parameters: 0.999999 -0.000879147 0.000153159 0.000878852 0.999999 0.000956135 -0.000154841 -0.000956864 0.999999 -0.0349201 0.00172804 0.0252539
FixedParameters: 0 0 0

#Transform 87
Transform: AffineTransform_float_3_3
Parameters: 0.999999 -0.000741064 0.000253812 0.000740935 0.999999 0.000254188 -0.000253188 -0.000253812 1 -0.05373 0.0835846 0.0579385
FixedParameters: 0 0 0

#Transform 88
Transform: AffineTransform_float_3_3
Parameters: 0.999999 -0.000741106 0.000195597 0.000740893 0.999999 0.000543145 -0.000196403 -0.000543854 1 -0.0479686 0.0195211 0.0665626
FixedParameters: 0 0 0

#Transform 89
Transform: AffineTransform_float_3_3
Parameters: 0.999999 -0.000740984 0.000280041 0.000741015 0.999999 -5.57925e-05 -0.000279958 5.62074e-05 1 -0.0370025 0.0111128 -0.0475748
FixedParameters: 0 0 0

#Transform 90
Transform: AffineTransform_float_3_3
Parameters: 0.999999 -0.000803116 0.000237606 0.000802883 0.999999 0.000491191 -0.000237394 -0.000490809 1 -0.0358823 0.0429881 0.0488801
FixedParameters: 0 0 0

#Transform 91
Transform: AffineTransform_float_3_3
Parameters: 0.999999 -0.000741246 0.00016993 0.000740753 0.999998 0.00144313 -0.000171069 -0.00144287 0.999999 -0.0384737 -0.00724069 0.0258076
FixedParameters: 0 0 0

#Transform 92
Transform: AffineTransform_float_3_3
Parameters: 1 -0.000985888 0.000171651 0.000986114 1 -0.000659831 -0.000171349 0.000660169 1 -0.0454264 0.059187 -0.0441998
FixedParameters: 0 0 0

#Transform 93
Transform: AffineTransform_float_3_3
Parameters: 0.999999 -0.000942137 0.000170243 0.000941862 0.999999 0.000803161 -0.000171756 -0.000802838 0.999999 -0.0460169 0.00592373 0.0530029
FixedParameters: 0 0 0

#Transform 94
Transform: AffineTransform_float_3_3
Parameters: 0.999999 -0.000981947 0.000171307 0.000982054 1 -0.000312832 -0.000171693 0.000312169 1 -0.0318513 -0.00546403 -0.0524723
FixedParameters: 0 0 0

#Transform 95
Transform: AffineTransform_float_3_3
Parameters: 0.999999 -0.000879937 0.000171318 0.000880061 0.999999 -0.000360849 -0.000171682 0.000361151 1 -0.0575571 0.0234929 -0.0518545
FixedParameters: 0 0 0

#Transform 96
Transform: AffineTransform_float_3_3
Parameters: 0.999999 -0.00100582 -0.000199905 0.00100618 0.999999 0.000899799 0.000199094 -0.0009002 0.999999 -0.0483253 -0.017775 -0.0272038
FixedParameters: 0 0 0

#Transform 97
Transform: AffineTransform_float_3_3
Parameters: 1 -0.00116593 0.000171498 0.00116607 0.999999 -0.0004268 -0.000171502 0.0004272 1 -0.0412196 0.0312166 -0.081383
FixedParameters: 0 0 0

#Transform 98
Transform: AffineTransform_float_3_3
Parameters: 1 -0.000948258 0.000310216 0.000948744 0.999999 0.000827295 -0.000310785 -0.000826706 0.999999 -0.0307711 0.000235685 -0.0210382
FixedParameters: 0 0 0

#Transform 99
Transform: AffineTransform_float_3_3
Parameters: 1 -0.0010341 0.000170419 0.0010339 1 0.000562177 -0.000171581 -0.000561823 1 -0.0302824 0.0212903 -0.0190048
FixedParameters: 0 0 0

#Transform 100
Transform: AffineTransform_float_3_3
Parameters: 0.999999 -0.00095482 0.000338507 0.00095418 1 -0.000530677 -0.000338493 0.000531324 1 -0.0357836 0.0165081 -0.0496865
FixedParameters: 0 0 0

#Transform 101
Transform: AffineTransform_float_3_3
Parameters: 0.999999 -0.000770055 0.00017075 0.000769944 0.999999 0.000325131 -0.00017125 -0.000324868 1 -0.0376694 -0.0172371 -0.0447665
FixedParameters: 0 0 0

#Transform 102
Transform: AffineTransform_float_3_3
Parameters: 0.999999 -0.000977921 0.000171449 0.000978079 1 -0.000458833 -0.000171551 0.000459168 1 -0.0374606 0.0598234 -0.0474716
FixedParameters: 0 0 0

#Transform 103
Transform: AffineTransform_float_3_3
Parameters: 0.999999 -0.00127817 0.000169689 0.00127782 0.999998 0.00102622 -0.000171311 -0.00102578 1 -0.0235649 0.00533618 -0.0142816
FixedParameters: 0 0 0

#Transform 104
Transform: AffineTransform_float_3_3
Parameters: 1 -0.00105697 0.000171185 0.00105703 1 -0.000174819 -0.000171815 0.000175182 1 -0.0296566 0.00690069 -0.071314
FixedParameters: 0 0 0

#Transform 105
Transform: AffineTransform_float_3_3
Parameters: 0.999999 -0.000558292 0.000546701 0.000557707 0.999999 0.000535305 -0.000546298 -0.000534695 0.999999 -0.0384956 0.0455325 0.0102233
FixedParameters: 0 0 0

#Transform 106
Transform: AffineTransform_float_3_3
Parameters: 1 -0.00104025 0.000169499 0.00103975 0.999999 0.00144318 -0.000171502 -0.00144382 0.999999 -0.0222448 0.0050759 0.0249516
FixedParameters: 0 0 0

#Transform 107
Transform: AffineTransform_float_3_3
Parameters: 0.999999 -0.000920849 0.000287482 0.00092015 1 -0.000523736 -0.000286518 0.000524264 1 -0.0319433 0.0510129 -0.0381745
FixedParameters: 0 0 0

#Transform 108
Transform: AffineTransform_float_3_3
Parameters: 1 -0.000901564 0.000567104 0.000900436 0.999999 0.000994512 -0.000567896 -0.000993489 1 -0.0286142 0.00426659 -0.00791731
FixedParameters: 0 0 0

#Transform 109
Transform: AffineTransform_float_3_3
Parameters: 0.999999 -0.000989277 0.000169389 0.000988722 0.999998 0.00162817 -0.000171611 -0.00162883 0.999998 -0.0316903 0.0198063 -0.00564773
FixedParameters: 0 0 0

#Transform 110
Transform: AffineTransform_float_3_3
Parameters: 1 -0.000957274 0.000640592 0.000956727 1 0.000426613 -0.000641408 -0.000426386 0.999999 -0.0261399 0.0561806 -0.00458586
FixedParameters: 0 0 0

#Transform 111
Transform: AffineTransform_float_3_3
Parameters: 1 -0.000847425 0.000424154 0.000846577 0.999999 0.00099936 -0.000424847 -0.000999641 1 -0.0122067 0.000391535 0.0312099
FixedParameters: 0 0 0

#Transform 112
Transform: AffineTransform_float_3_3
Parameters: 0.999999 -0.000873013 0.000170928 0.000872985 0.999999 8.21492e-05 -0.000171071 -8.18507e-05 1 -0.0226696 0.0279923 -0.0388989
FixedParameters: 0 0 0

#Transform 113
Transform: AffineTransform_float_3_3
Parameters: 1 -0.0010214 0.000570292 0.00102061 0.999999 0.000693582 -0.000570707 -0.000692417 0.999999 -0.00772941 0.0390725 0.0170297
FixedParameters: 0 0 0

#Transform 114
Transform: AffineTransform_float_3_3
Parameters: 0.999999 -0.000711788 0.000529942 0.00071121 0.999998 0.00148738 -0.000531058 -0.00148662 0.999999 -0.006146 0.0210519 0.0410435
FixedParameters: 0 0 0

#Transform 115
Transform: AffineTransform_float_3_3
Parameters: 1 -0.000842408 0.000823606 0.000843593 1 -0.000718306 -0.000823394 0.000719695 1 -0.0187798 0.0452256 -0.00254564
FixedParameters: 0 0 0

#Transform 116
Transform: AffineTransform_float_3_3
Parameters: 0.999999 -0.000855212 0.000169934 0.000854787 0.999999 0.00124615 -0.000171065 -0.00124585 0.999999 -0.0250011 0.000348236 0.0350726
FixedParameters: 0 0 0

#Transform 117
Transform: AffineTransform_float_3_3
Parameters: 1 -0.000633227 0.000170155 0.000632771 0.999999 0.00133411 -0.000171844 -0.00133389 0.999999 -0.0554307 0.0296345 -0.0124094
FixedParameters: 0 0 0

#Transform 118
Transform: AffineTransform_float_3_3
Parameters: 0.999999 -0.00110416 0.00105083 0.00110384 1 0.00015116 -0.00105117 -0.00014984 1 -0.0537212 0.0716602 0.0557099
FixedParameters: 0 0 0

#Transform 119
Transform: AffineTransform_float_3_3
Parameters: 0.999998 -0.00110499 0.00115606 0.00110401 0.999999 0.000853277 -0.00115794 -0.000851722 0.999999 -0.0360743 -0.00737136 0.0562808
FixedParameters: 0 0 0

#Transform 120
Transform: AffineTransform_float_3_3
Parameters: 0.999999 -0.00110362 0.0010514 0.00110438 1 -0.00036484 -0.0010506 0.00036616 1 -0.0427754 0.0626498 0.00793314
FixedParameters: 0 0 0

#Transform 121
Transform: AffineTransform_float_3_3
Parameters: 1 -0.00105025 0.000319196 0.00104976 0.999999 0.000765335 -0.000319804 -0.000765664 0.999999 -0.0479523 0.024807 0.111781
FixedParameters: 0 0 0

#Transform 122
Transform: AffineTransform_float_3_3
Parameters: 1 -0.00110412 0.00050775 0.00110389 1 0.000226561 -0.000508249 -0.000225439 1 -0.0441581 0.023893 0.0637493
FixedParameters: 0 0 0

#Transform 123
Transform: AffineTransform_float_3_3
Parameters: 0.999999 -0.00110426 0.000690589 0.00110374 1 0.000372763 -0.000690411 -0.000372238 0.999999 -0.0426854 0.0550539 0.0804846
FixedParameters: 0 0 0

#Transform 124
Transform: AffineTransform_float_3_3
Parameters: 0.999999 -0.000953548 0.000318362 0.000953452 0.999998 0.00171831 -0.000319638 -0.0017177 0.999999 -0.041656 0.0177077 0.0747731
FixedParameters: 0 0 0

#Transform 125
Transform: AffineTransform_float_3_3
Parameters: 0.999999 -0.000914137 0.00089286 0.000913863 0.999999 0.000153816 -0.00089314 -0.000153184 0.999999 -0.0358171 0.0617947 0.0608699
FixedParameters: 0 0 0

#Transform 126
Transform: AffineTransform_float_3_3
Parameters: 0.999999 -0.000801143 0.00111618 0.000800858 0.999999 0.00102389 -0.00111682 -0.00102311 0.999999 -0.0194351 0.0171521 0.0549479
FixedParameters: 0 0 0

#Transform 127
Transform: AffineTransform_float_3_3
Parameters: 0.999998 -0.00110441 0.00162672 0.00110459 1 0.000252797 -0.00162728 -0.000250203 0.999998 -0.0439433 0.0217018 0.0348136
FixedParameters: 0 0 0

#Transform 128
Transform: AffineTransform_float_3_3
Parameters: 0.999999 -0.00110418 0.000783745 0.00110382 1 0.000230865 -0.000784254 -0.000230134 0.999999 -0.0417583 0.0330452 0.0736962
FixedParameters: 0 0 0

#Transform 129
Transform: AffineTransform_float_3_3
Parameters: 0.999999 -0.00110492 0.000782701 0.00110408 0.999998 0.00117686 -0.0007843 -0.00117613 0.999999 -0.0375829 0.00119154 0.0727147
FixedParameters: 0 0 0

#Transform 130
Transform: AffineTransform_float_3_3
Parameters: 0.999999 -0.00110398 0.000972026 0.00110402 1 -2.39269e-05 -0.000971972 2.50731e-05 0.999999 -0.0481229 0.0642729 0.0488277
FixedParameters: 0 0 0

#Transform 131
Transform: AffineTransform_float_3_3
Parameters: 0.999999 -0.00110451 0.000783281 0.00110449 0.999999 0.000651866 -0.00078472 -0.000651134 1 -0.0417419 0.0218171 0.0788262
FixedParameters: 0 0 0

#Transform 132
Transform: AffineTransform_float_3_3
Parameters: 0.999999 -0.00110406 0.00078391 0.00110394 1 8.18655e-05 -0.00078409 -8.11344e-05 0.999999 -0.0417633 0.0299462 0.0630178
FixedParameters: 0 0 0

#Transform 133
Transform: AffineTransform_float_3_3
Parameters: 0.999999 -0.00110429 0.000783597 0.00110371 1 0.000364865 -0.000784401 -0.000363134 0.999999 -0.0417739 0.05355 0.0878199
FixedParameters: 0 0 0

#Transform 134
Transform: AffineTransform_float_3_3
Parameters: 0.999999 -0.00110504 0.00078253 0.00110396 0.999998 0.00133086 -0.000784469 -0.00133013 0.999999 -0.0345331 0.0152241 0.107581
FixedParameters: 0 0 0

#Transform 135
Transform: AffineTransform_float_3_3
Parameters: 0.999999 -0.00110407 0.000712888 0.00110393 1 0.000101787 -0.000713112 -0.000101213 0.999999 -0.0427682 0.0735559 0.0694059
FixedParameters: 0 0 0

#Transform 136
Transform: AffineTransform_float_3_3
Parameters: 0.999999 -0.00110408 0.000675866 0.00110392 1 0.000121746 -0.000676134 -0.000121254 1 -0.0346835 0.00992882 0.0932765
FixedParameters: 0 0 0

#Transform 137
Transform: AffineTransform_float_3_3
Parameters: 1 -0.000947693 0.000727098 0.000946308 0.999999 0.000952689 -0.000727902 -0.000952311 1 -0.0467827 0.0500163 0.0850329
FixedParameters: 0 0 0

#Transform 138
Transform: AffineTransform_float_3_3
Parameters: 0.999999 -0.000865406 0.00092162 0.000865594 0.999999 0.000440798 -0.000922382 -0.000440202 1 -0.0646514 0.10005 0.130938
FixedParameters: 0 0 0

#Transform 139
Transform: AffineTransform_float_3_3
Parameters: 0.999999 -0.000172614 0.000938887 0.000171387 1 0.000653161 -0.000938112 -0.000653838 1 -0.0654094 0.0387035 0.176527
FixedParameters: 0 0 0

#Transform 140
Transform: AffineTransform_float_3_3
Parameters: 0.99912 0.032688 0.0262897 -0.032556 0.999455 -0.00543467 -0.0264533 0.00457332 0.999639 -0.122454 0.145719 -0.400412
FixedParameters: 0 0 0

#Transform 141
Transform: AffineTransform_float_3_3
Parameters: 0.999943 -0.00539615 0.00926874 0.00547886 0.999945 -0.00893673 -0.00922027 0.00898727 0.999917 0.362155 -0.0476794 -0.372613
FixedParameters: 0 0 0

#Transform 142
Transform: AffineTransform_float_3_3
Parameters: 0.999965 -0.0062538 0.00555444 0.00632021 0.999908 -0.0119823 -0.00547955 0.0120167 0.999913 0.447033 -0.125731 -0.335088
FixedParameters: 0 0 0

#Transform 143
Transform: AffineTransform_float_3_3
Parameters: 0.999977 -0.00433134 0.00520988 0.00439266 0.999919 -0.0118824 -0.00515812 0.0119056 0.999916 0.310266 -0.0600697 -0.287789
FixedParameters: 0 0 0

#Transform 144
Transform: AffineTransform_float_3_3
Parameters: 0.999982 -0.00387023 0.00455231 0.00391577 0.999942 -0.0100894 -0.00451269 0.0101066 0.999938 0.315241 -0.106646 -0.199014
FixedParameters: 0 0 0

#Transform 145
Transform: AffineTransform_float_3_3
Parameters: 0.999984 -0.0039075 0.00392269 0.0039425 0.999951 -0.00908367 -0.00388732 0.00909933 0.999951 0.281921 -0.0470213 -0.161196
FixedParameters: 0 0 0

#Transform 146
Transform: AffineTransform_float_3_3
Parameters: 0.999985 -0.0036408 0.00414519 0.0036762 0.999957 -0.00851689 -0.00411381 0.00853211 0.999955 0.275313 -0.0292766 -0.0957232
FixedParameters: 0 0 0

#Transform 147
Transform: AffineTransform_float_3_3
Parameters: 0.999985 -0.00394919 0.00374052 0.00397682 0.999967 -0.00718923 -0.00371148 0.00720377 0.999967 0.296807 -0.0532889 -0.15036
FixedParameters: 0 0 0

#Transform 148
Transform: AffineTransform_float_3_3
Parameters: 0.999985 -0.00305612 0.00452762 0.00310088 0.999946 -0.00993711 -0.00449739 0.00995189 0.999941 0.209701 0.00273933 0.224553
FixedParameters: 0 0 0

#Transform 149
Transform: AffineTransform_float_3_3
Parameters: 0.999987 -0.00340005 0.00363753 0.00342395 0.999973 -0.00659763 -0.00361546 0.00661037 0.999971 0.205629 -0.0662732 -0.0762879
FixedParameters: 0 0 0

#Transform 150
Transform: AffineTransform_float_3_3
Parameters: 0.999989 -0.00410162 0.00234369 0.00411938 0.999963 -0.00746043 -0.00231331 0.00746957 0.99997 0.127109 -0.0626504 -0.0539183
FixedParameters: 0 0 0

#Transform 151
Transform: AffineTransform_float_3_3
Parameters: 0.99999 -0.00351719 0.0027056 0.00353882 0.999961 -0.0081005 -0.00267741 0.00810949 0.999963 0.170689 -0.108982 -0.310713
FixedParameters: 0 0 0

#Transform 152
Transform: AffineTransform_float_3_3
Parameters: 0.999989 -0.00400287 0.00234081 0.00401913 0.999968 -0.00692767 -0.00231319 0.00693734 0.999974 0.2201 -0.120456 -0.294298
FixedParameters: 0 0 0

#Transform 153
Transform: AffineTransform_float_3_3
Parameters: 0.999988 -0.00429898 0.00234817 0.00431802 0.999958 -0.00815696 -0.00231283 0.00816704 0.999964 0.244442 -0.0421068 -0.202952
FixedParameters: 0 0 0

#Transform 154
Transform: AffineTransform_float_3_3
Parameters: 0.999991 -0.00354852 0.00261762 0.00356748 0.999965 -0.00747673 -0.00259038 0.00748626 0.999968 0.210688 -0.123209 -0.252417
FixedParameters: 0 0 0

#Transform 155
Transform: AffineTransform_float_3_3
Parameters: 0.999995 -0.00288709 0.00134559 0.00289191 0.999989 -0.00366313 -0.00133541 0.00366688 0.999993 0.132693 -0.119643 -0.175734
FixedParameters: 0 0 0

#Transform 156
Transform: AffineTransform_float_3_3
Parameters: 0.999995 -0.00336389 -0.000178972 0.00336311 0.999983 -0.00476563 0.00019503 0.00476537 0.999988 0.0949904 0.0418996 -0.161485
FixedParameters: 0 0 0

#Transform 157
Transform: AffineTransform_float_3_3
Parameters: 0.999997 -0.00252782 0.000309817 0.00252918 0.99999 -0.00388223 -0.000300183 0.00388277 0.999993 0.0687434 0.0265341 -0.0849506
FixedParameters: 0 0 0

#Transform 158
Transform: AffineTransform_float_3_3
Parameters: 0.999997 -0.0025289 3.77941e-05 0.0025291 0.999992 -0.00308192 -3.02053e-05 0.00308209 0.999996 0.0868737 -0.0547939 -0.111237
FixedParameters: 0 0 0

#Transform 159
Transform: AffineTransform_float_3_3
Parameters: 0.999993 -0.00354344 -0.000404601 0.00354156 0.999987 -0.00350045 0.000416399 0.00349954 0.999994 0.124685 0.0741762 -0.0690307
FixedParameters: 0 0 0

#Transform 160
Transform: AffineTransform_float_3_3
Parameters: 0.999995 -0.00308445 -0.000482836 0.00308255 0.999991 -0.0029725 0.000492161 0.00297049 0.999995 0.114154 -0.0391564 -0.0680105
FixedParameters: 0 0 0

#Transform 161
Transform: AffineTransform_float_3_3
Parameters: 0.999996 -0.0029759 -0.000754571 0.00297411 0.999993 -0.00249826 0.000762431 0.00249674 0.999996 0.100398 -0.0063463 -0.0674783
FixedParameters: 0 0 0

#Transform 162
Transform: AffineTransform_float_3_3
Parameters: 0.999995 -0.00318263 -0.00046702 0.00318137 0.999989 -0.0034515 0.000477982 0.0034505 0.999994 0.106222 0.027807 -0.0559182
FixedParameters: 0 0 0

#Transform 163
Transform: AffineTransform_float_3_3
Parameters: 0.999994 -0.00328569 -0.00086158 0.00328431 0.999992 -0.00195584 0.000868418 0.00195216 0.999997 0.120416 -0.03787 -0.0634911
FixedParameters: 0 0 0

#Transform 164
Transform: AffineTransform_float_3_3
Parameters: 0.999994 -0.00340466 -0.000578289 0.00340334 0.99999 -0.00285398 0.000587712 0.00285202 0.999996 0.106895 0.059297 -0.0503872
FixedParameters: 0 0 0

#Transform 165
Transform: AffineTransform_float_3_3
Parameters: 0.999995 -0.00310682 -0.000648356 0.00310519 0.999992 -0.00278403 0.000656644 0.00278197 0.999996 0.105452 -0.0141103 -0.0390234
FixedParameters: 0 0 0

#Transform 166
Transform: AffineTransform_float_3_3
Parameters: 0.999995 -0.00310633 -0.000513031 0.00310567 0.999992 -0.0025666 0.000520968 0.00256439 0.999996 0.107338 -0.0106796 -0.0823816
FixedParameters: 0 0 0

#Transform 167
Transform: AffineTransform_float_3_3
Parameters: 0.999993 -0.00359759 -0.000869368 0.00359442 0.999989 -0.00295815 0.000879634 0.00295586 0.999995 0.115972 0.047138 -0.0384841
FixedParameters: 0 0 0

#Transform 168
Transform: AffineTransform_float_3_3
Parameters: 0.999993 -0.00337835 -0.00106054 0.00337565 0.999992 -0.00220959 0.00106746 0.00220641 0.999997 0.107536 -0.0295786 -0.0446725
FixedParameters: 0 0 0

#Transform 169
Transform: AffineTransform_float_3_3
Parameters: 0.999996 -0.00284625 -0.00043282 0.00284474 0.999992 -0.00287524 0.000441179 0.00287376 0.999996 0.101028 0.044007 -0.068219
FixedParameters: 0 0 0

#Transform 170
Transform: AffineTransform_float_3_3
Parameters: 0.999997 -0.00220898 0.000125276 0.00220901 0.999997 -0.000124724 -0.000125724 0.000125278 1 0.086454 0.0841672 0.0759827
FixedParameters: 0 0 0

#Transform 171
Transform: AffineTransform_float_3_3
Parameters: 0.999998 -0.00221501 4.17408e-05 0.002215 0.999997 0.000117093 -4.22591e-05 -0.000116907 1 0.0750569 0.0458952 0.0817049
FixedParameters: 0 0 0

#Transform 172
Transform: AffineTransform_float_3_3
Parameters: 0.999995 -0.00314176 0.000130013 0.00314224 0.999993 -0.0019136 -0.000123988 0.0019134 0.999998 0.135741 0.0554363 0.0398616
FixedParameters: 0 0 0

#Transform 173
Transform: AffineTransform_float_3_3
Parameters: 0.999996 -0.00284996 -0.000289418 0.00285004 0.999996 0.000146176 0.000288583 -0.000146823 1 0.103153 0.0253613 0.097772
FixedParameters: 0 0 0

#Transform 174
Transform: AffineTransform_float_3_3
Parameters: 0.999994 -0.00366817 -0.000171316 0.00366783 0.999993 -0.00100463 0.000174685 0.00100437 0.999999 0.154173 0.0874607 0.0654368
FixedParameters: 0 0 0

#Transform 175
Transform: AffineTransform_float_3_3
Parameters: 0.999993 -0.00376427 -0.000238846 0.00376373 0.999993 -0.00110391 0.000243154 0.00110309 1 0.156001 0.0584868 0.0906868
FixedParameters: 0 0 0

#Transform 176
Transform: AffineTransform_float_3_3
Parameters: 0.999995 -0.00297299 -2.94804e-05 0.00297301 0.999996 0.000497915 2.75193e-05 -0.000498084 1 0.11471 0.0585874 0.0734148
FixedParameters: 0 0 0

#Transform 177
Transform: AffineTransform_float_3_3
Parameters: 0.999997 -0.00214 -5.29806e-06 0.00214 0.999997 -0.000328012 6.7019e-06 0.000327986 1 0.0501625 0.136374 0.0955539
FixedParameters: 0 0 0

#Transform 178
Transform: AffineTransform_float_3_3
Parameters: 0.999998 -0.00157606 0.00013635 0.00157594 0.999998 0.000412215 -0.000136649 -0.000411785 1 0.0495225 0.0672399 0.150782
FixedParameters: 0 0 0

#Transform 179
Transform: AffineTransform_float_3_3
Parameters: 0.999997 -0.00248579 0.000330585 0.00248621 0.999996 -0.00063718 -0.000329415 0.000637821 0.999999 0.0643949 0.129403 0.187854
FixedParameters: 0 0 0

#Transform 180
Transform: AffineTransform_float_3_3
Parameters: 0.999989 -0.00458396 0.000138342 0.00458404 0.99999 -0.000292369 -0.00013666 0.00029263 1 0.152451 0.114031 0.0968125
FixedParameters: 0 0 0

#Transform 181
Transform: AffineTransform_float_3_3
Parameters: 0.999991 -0.00413252 -0.000771414 0.00413748 0.999974 0.00590286 0.000746583 -0.00590614 0.999983 0.175929 -0.011119 -0.509732
FixedParameters: 0 0 0

#Transform 182
Transform: AffineTransform_float_3_3
Parameters: 0.999995 -0.00319462 -0.00111068 0.00319938 0.999987 0.00396547 0.00109732 -0.00396853 0.999991 0.235943 -0.0289419 -0.749757
FixedParameters: 0 0 0

#Transform 183
Transform: AffineTransform_float_3_3
Parameters: 0.999995 -0.00329209 -0.000337 0.00329291 0.999991 0.00273291 0.000328 -0.00273409 0.999996 0.169318 -0.0625411 -0.474235
FixedParameters: 0 0 0

#Transform 184
Transform: AffineTransform_float_3_3
Parameters: 0.999993 -0.0036261 -0.00100056 0.0036289 0.999989 0.00290939 0.000989441 -0.00291261 0.999996 0.1824 -0.0274994 -0.468504
FixedParameters: 0 0 0

#Transform 185
Transform: AffineTransform_float_3_3
Parameters: 0.99999 -0.00410997 -0.00127082 0.00411302 0.999988 0.0023868 0.00126018 -0.0023922 0.999997 0.193822 0.0548833 -0.460087
FixedParameters: 0 0 0

#Transform 186
Transform: AffineTransform_float_3_3
Parameters: 0.999995 -0.00304827 -0.000839987 0.00305073 0.99999 0.00327345 0.000830016 -0.00327555 0.999995 0.151532 -0.044747 -0.461071
FixedParameters: 0 0 0

#Transform 187
Transform: AffineTransform_float_3_3
Parameters: 0.999995 -0.00296131 -0.00112114 0.00296469 0.999992 0.00240769 0.00111386 -0.00241131 0.999996 0.135353 0.00709857 -0.398436
FixedParameters: 0 0 0

#Transform 188
Transform: AffineTransform_float_3_3
Parameters: 0.999993 -0.00361064 -0.00152997 0.00361437 0.999991 0.00220249 0.00152204 -0.00220751 0.999997 0.173348 0.0490456 -0.164549
FixedParameters: 0 0 0

#Transform 189
Transform: AffineTransform_float_3_3
Parameters: 0.999995 -0.00258418 -0.00145359 0.00258881 0.999991 0.00332025 0.00144441 -0.00332375 0.999994 0.100711 -0.0269798 -0.404008
FixedParameters: 0 0 0

#Transform 190
Transform: AffineTransform_float_3_3
Parameters: 0.999993 -0.00385893 -0.000714815 0.00386008 0.999992 0.00150525 0.000709186 -0.00150775 0.999998 0.186111 0.0211648 -0.660202
FixedParameters: 0 0 0

#Transform 191
Transform: AffineTransform_float_3_3
