#Insight Transform File V1.0
#Transform 0
Transform: AffineTransform_float_3_3
Parameters: 1 0.000324048 0.000964984 -0.000323952 1 -5.03126e-05 -0.000965016 4.96873e-05 0.999999 -0.100313 -0.0244255 -0.118392
FixedParameters: 0 0 0

#Transform 1
Transform: AffineTransform_float_3_3
Parameters: 0.999999 0.000299844 0.000653071 -0.000300156 1 0.000238804 -0.000652928 -0.000239196 1 -0.0767463 -0.0312039 -0.133464
FixedParameters: 0 0 0

#Transform 2
Transform: AffineTransform_float_3_3
Parameters: 0.999999 0.000252012 0.000741996 -0.000251988 1 -1.6187e-05 -0.000742004 1.5813e-05 0.999999 -0.0767329 0.0143465 -0.164619
FixedParameters: 0 0 0

#Transform 3
Transform: AffineTransform_float_3_3
Parameters: 0.999999 0.000166872 0.00070803 -0.000166128 1 0.000180882 -0.00070797 -0.000180118 0.999999 -0.0810019 -0.0192601 -0.142463
FixedParameters: 0 0 0

#Transform 4
Transform: AffineTransform_float_3_3
Parameters: 1 -1.3282e-07 0.000458 -1.3282e-07 1 0.00029 -0.000458 -0.00029 1 -0.0666501 -0.0140364 -0.110413
FixedParameters: 0 0 0

#Transform 5
Transform: AffineTransform_float_3_3
Parameters: 1 0.000209168 0.000520932 -0.000208832 1 -0.000323109 -0.000521067 0.000322891 1 -0.0582911 0.0386093 -0.159482
FixedParameters: 0 0 0

#Transform 6
Transform: AffineTransform_float_3_3
Parameters: 0.999999 -1.85496e-07 0.000708 -1.85496e-07 1 0.000262 -0.000708 -0.000262 0.999999 -0.0717822 -0.0368463 -0.113728
FixedParameters: 0 0 0

#Transform 7
Transform: AffineTransform_float_3_3
Parameters: 0.999999 1.85496e-07 0.000708 1.85496e-07 1 -0.000262 -0.000708 0.000262 0.999999 -0.061461 0.0373012 -0.151589
FixedParameters: 0 0 0

#Transform 8
Transform: AffineTransform_float_3_3
Parameters: 1 -4.05e-09 5e-05 -4.05e-09 1 8.1e-05 -5e-05 -8.1e-05 1 -0.0282162 -0.00658851 -0.0836745
FixedParameters: 0 0 0

#Transform 9
Transform: AffineTransform_float_3_3
Parameters: 1 -8.382e-09 0.000381 -8.382e-09 1 2.2e-05 -0.000381 -2.2e-05 1 -0.0449212 0.0326763 -0.116095
FixedParameters: 0 0 0

#Transform 10
Transform: AffineTransform_float_3_3
Parameters: 1 0.000128949 0.000405016 -0.000129051 1 0.000126948 -0.000404984 -0.000127052 1 -0.0473534 0.000334416 -0.0712702
FixedParameters: 0 0 0

#Transform 11
Transform: AffineTransform_float_3_3
Parameters: 1 0.000153995 0.000217004 -0.000153005 1 2.29668e-05 -0.000216996 -2.30334e-05 1 -0.0305973 0.00905257 -0.0719305
FixedParameters: 0 0 0

#Transform 12
Transform: AffineTransform_float_3_3
Parameters: 1 0.000158893 -0.00024207 -0.000159106 1 -0.000439961 0.00024193 0.000440038 1 0.0326103 0.0708213 -0.12959
FixedParameters: 0 0 0

#Transform 13
Transform: AffineTransform_float_3_3
Parameters: 1 -3.078e-09 1.8e-05 -3.078e-09 1 0.000171 -1.8e-05 -0.000171 1 -0.0213393 0.00013016 0.041814
FixedParameters: 0 0 0

#Transform 14
Transform: AffineTransform_float_3_3
Parameters: 1 3.93684e-07 0.000619 3.93684e-07 1 -0.000635999 -0.000619 0.000635999 0.999999 -0.0381232 0.0737103 -0.0783836
FixedParameters: 0 0 0

#Transform 15
Transform: AffineTransform_float_3_3
Parameters: 1 -9.10346e-05 0.000227986 9.09653e-05 1 0.000152021 -0.000228014 -0.000151979 1 -0.0165448 -0.00159121 -0.059533
FixedParameters: 0 0 0

#Transform 16
Transform: AffineTransform_float_3_3
Parameters: 1 8.40299e-05 7.09645e-05 -8.397e-05 1 -0.000422006 -7.10354e-05 0.000421994 1 -0.0104335 0.0406317 -0.0648532
FixedParameters: 0 0 0

#Transform 17
Transform: AffineTransform_float_3_3
Parameters: 1 6.032e-08 0.00013 6.032e-08 1 -0.000464 -0.00013 0.000464 1 0.0041471 0.0530867 -0.110908
FixedParameters: 0 0 0

#Transform 18
Transform: AffineTransform_float_3_3
Parameters: 1 -2.73e-09 0.00013 -2.73e-09 1 2.1e-05 -0.00013 -2.1e-05 1 0.00415058 0.0131918 -0.061031
FixedParameters: 0 0 0

#Transform 19
Transform: AffineTransform_float_3_3
Parameters: 1 8.58e-08 0.00013 8.58e-08 1 -0.00066 -0.00013 0.00066 1 0.00414509 0.0672084 -0.103313
FixedParameters: 0 0 0

#Transform 20
Transform: AffineTransform_float_3_3
Parameters: 1 -1.547e-08 0.00013 -1.547e-08 1 0.000119 -0.00013 -0.000119 1 -0.0134026 -0.00893082 0.0300926
FixedParameters: 0 0 0

#Transform 21
Transform: AffineTransform_float_3_3
Parameters: 1 4.784e-08 0.00013 4.784e-08 1 -0.000368 -0.00013 0.000368 1 0.00645205 0.0533746 -0.0959183
FixedParameters: 0 0 0

#Transform 22
Transform: AffineTransform_float_3_3
Parameters: 1 -2.9892e-08 5.3e-05 -2.9892e-08 1 0.000564 -5.3e-05 -0.000564 1 0.0103627 -0.0323164 0.0476307
FixedParameters: 0 0 0

#Transform 23
Transform: AffineTransform_float_3_3
Parameters: 1 6.272e-09 1.6e-05 6.272e-09 1 -0.000392 -1.6e-05 0.000392 1 0.0122195 0.0558672 -0.0616111
FixedParameters: 0 0 0

#Transform 24
Transform: AffineTransform_float_3_3
Parameters: 1 8.4269e-05 0.000348935 -8.37309e-05 0.999999 -0.000771029 -0.000349065 0.00077097 0.999999 -0.023283 0.0577037 -0.032934
FixedParameters: 0 0 0

#Transform 25
Transform: AffineTransform_float_3_3
Parameters: 1 1.1115e-07 0.00013 1.1115e-07 0.999999 -0.000854999 -0.00013 0.000854999 0.999999 -0.024557 0.0629503 -0.111573
FixedParameters: 0 0 0

#Transform 26
Transform: AffineTransform_float_3_3
Parameters: 1 2.2932e-07 0.00049 2.2932e-07 1 -0.000468 -0.00049 0.000468 1 -0.0283489 0.046881 -0.0804024
FixedParameters: 0 0 0

#Transform 27
Transform: AffineTransform_float_3_3
Parameters: 1 2.23746e-07 0.000419 2.23746e-07 1 -0.000534 -0.000419 0.000534 1 -0.0624977 0.0501729 -0.0600287
FixedParameters: 0 0 0

#Transform 28
Transform: AffineTransform_float_3_3
Parameters: 1 -4.732e-08 0.00013 -4.732e-08 1 0.000364 -0.00013 -0.000364 1 -0.0479448 0.0048969 0.0825601
FixedParameters: 0 0 0

#Transform 29
Transform: AffineTransform_float_3_3
Parameters: 1 -0.000248057 0.000512972 0.000247942 1 0.000112127 -0.000513028 -0.000111873 1 -0.0412223 0.0180652 0.0340056
FixedParameters: 0 0 0

#Transform 30
Transform: AffineTransform_float_3_3
Parameters: 1 -2.73e-08 0.00013 -2.73e-08 1 0.00021 -0.00013 -0.00021 1 -0.0378744 0.0100764 0.115882
FixedParameters: 0 0 0

#Transform 31
Transform: AffineTransform_float_3_3
Parameters: 1 -8.58e-09 0.00013 -8.58e-09 1 6.6e-05 -0.00013 -6.6e-05 1 -0.036727 0.0442561 -0.0811068
FixedParameters: 0 0 0

#Transform 32
Transform: AffineTransform_float_3_3
Parameters: 0.999997 -0.000891027 0.00200721 0.000895973 0.999997 -0.00247821 -0.00200478 0.00247979 0.999995 -0.0842222 0.123839 -0.0450955
FixedParameters: 0 0 0

#Transform 33
Transform: AffineTransform_float_3_3
Parameters: 0.999998 -0.000755081 0.00188857 0.00075892 0.999997 -0.00207557 -0.00188743 0.00207643 0.999996 -0.0593459 0.189845 -0.151748
FixedParameters: 0 0 0

#Transform 34
Transform: AffineTransform_float_3_3
Parameters: 0.999998 -0.000485506 0.0018124 0.000486494 0.999999 -0.000824119 -0.0018116 0.000824881 0.999998 -0.0812069 0.0586075 -0.202844
FixedParameters: 0 0 0

#Transform 35
Transform: AffineTransform_float_3_3
Parameters: 0.999999 -0.000950232 0.00123336 0.000951768 0.999999 -0.00143383 -0.00123164 0.00143517 0.999998 -0.0421684 0.105684 -0.202357
FixedParameters: 0 0 0

#Transform 36
Transform: AffineTransform_float_3_3
Parameters: 0.999999 -0.000757678 0.00106494 0.000759323 0.999999 -0.00124219 -0.00106406 0.00124281 0.999998 -0.0356194 0.0863194 -0.204421
FixedParameters: 0 0 0

#Transform 37
Transform: AffineTransform_float_3_3
Parameters: 1 -0.000757646 0.000827243 0.000759355 0.999999 -0.00163837 -0.000825758 0.00163863 0.999999 -0.0235416 0.115452 -0.132456
FixedParameters: 0 0 0

#Transform 38
Transform: AffineTransform_float_3_3
Parameters: 1 -0.000692167 0.000827538 0.000693835 0.999998 -0.00221743 -0.000826464 0.00221757 0.999997 -0.0456026 0.151654 -0.176718
FixedParameters: 0 0 0

#Transform 39
Transform: AffineTransform_float_3_3
Parameters: 0.999999 -0.000233788 0.000973533 0.000236213 0.999998 -0.00227277 -0.000973465 0.00227323 0.999997 -0.0698302 0.156462 -0.133179
FixedParameters: 0 0 0

#Transform 40
Transform: AffineTransform_float_3_3
Parameters: 0.999999 -8.37119e-05 0.00134514 8.6289e-05 0.999998 -0.00170188 -0.00134485 0.00170111 0.999997 -0.0995513 0.130259 -0.17261
FixedParameters: 0 0 0

#Transform 41
Transform: AffineTransform_float_3_3
Parameters: 1 -0.000414019 0.00103879 0.000415983 0.999998 -0.00190857 -0.00103821 0.00190843 0.999997 -0.0644535 0.14889 -0.17406
FixedParameters: 0 0 0

#Transform 42
Transform: AffineTransform_float_3_3
Parameters: 0.999999 -0.000872314 0.00107718 0.000874685 0.999996 -0.00249506 -0.00107482 0.00249594 0.999997 -0.0472459 0.159463 -0.22222
FixedParameters: 0 0 0

#Transform 43
Transform: AffineTransform_float_3_3
Parameters: 0.999999 -0.000576071 0.00123537 0.000578929 0.999997 -0.00237229 -0.00123363 0.00237271 0.999997 -0.0590955 0.150861 -0.202554
FixedParameters: 0 0 0

#Transform 44
Transform: AffineTransform_float_3_3
Parameters: 0.999999 -0.000576831 0.00117407 0.00057817 0.999998 -0.00184832 -0.00117293 0.00184868 0.999997 -0.0584974 0.120049 -0.224072
FixedParameters: 0 0 0

#Transform 45
Transform: AffineTransform_float_3_3
Parameters: 0.999999 -0.000111029 0.00154214 0.000112972 0.999999 -0.00127783 -0.00154286 0.00127817 0.999998 -0.10736 0.0944916 -0.161483
FixedParameters: 0 0 0

#Transform 46
Transform: AffineTransform_float_3_3
Parameters: 1 -0.000332162 0.00108656 0.00033384 0.999998 -0.00169264 -0.00108644 0.00169236 0.999998 -0.0738693 0.13267 -0.177242
FixedParameters: 0 0 0

#Transform 47
Transform: AffineTransform_float_3_3
Parameters: 0.999998 -0.000576951 0.00154277 0.000579048 0.999999 -0.00132711 -0.00154223 0.00132889 0.999998 -0.114553 0.0829482 -0.0475341
FixedParameters: 0 0 0

#Transform 48
Transform: AffineTransform_float_3_3
Parameters: 0.999999 -0.000576093 0.00124335 0.000578908 0.999997 -0.00233828 -0.00124265 0.00233972 0.999997 -0.0866868 0.180332 -0.117489
FixedParameters: 0 0 0

#Transform 49
Transform: AffineTransform_float_3_3
Parameters: 0.999999 -0.00057405 0.00176262 0.000578948 0.999996 -0.00280898 -0.00176038 0.00281001 0.999994 -0.132866 0.183541 -0.0886044
FixedParameters: 0 0 0

#Transform 50
Transform: AffineTransform_float_3_3
Parameters: 0.999998 -0.00070897 0.00154432 0.000714032 0.999995 -0.00325891 -0.00154268 0.0032601 0.999994 -0.1204 0.208744 -0.154552
FixedParameters: 0 0 0

#Transform 51
Transform: AffineTransform_float_3_3
Parameters: 0.999998 -0.000904363 0.00141034 0.000907639 0.999997 -0.00258072 -0.00140866 0.00258128 0.999995 -0.0981116 0.150092 -0.220498
FixedParameters: 0 0 0

#Transform 52
Transform: AffineTransform_float_3_3
Parameters: 0.999999 -0.000919651 0.00117085 0.000921348 0.999997 -0.00200692 -0.00116915 0.00200808 0.999998 -0.072262 0.13661 -0.257424
FixedParameters: 0 0 0

#Transform 53
Transform: AffineTransform_float_3_3
Parameters: 0.999999 -0.000986725 0.000894407 0.000987274 0.999998 -0.00142512 -0.000893592 0.00142688 0.999998 -0.0421649 0.0694857 -0.139951
FixedParameters: 0 0 0

#Transform 54
Transform: AffineTransform_float_3_3
Parameters: 0.999999 -0.000941277 0.000894816 0.000942723 0.999997 -0.00192716 -0.000893185 0.00192784 0.999997 -0.0468159 0.126396 -0.184683
FixedParameters: 0 0 0

#Transform 55
Transform: AffineTransform_float_3_3
Parameters: 1 -0.000771873 0.000893975 0.000773127 0.999999 -0.00126131 -0.000893026 0.00126169 0.999999 -0.0312523 0.0854059 -0.146089
FixedParameters: 0 0 0

#Transform 56
Transform: AffineTransform_float_3_3
Parameters: 1 -0.000819626 0.000824368 0.000821374 0.999999 -0.00166732 -0.000822631 0.00166868 0.999999 -0.0325674 0.0945671 -0.0352134
FixedParameters: 0 0 0

#Transform 57
Transform: AffineTransform_float_3_3
Parameters: 0.999999 -0.000931321 0.000822904 0.000932679 0.999997 -0.00204223 -0.000821097 0.00204276 0.999997 -0.0214108 0.151517 -0.0690598
FixedParameters: 0 0 0

#Transform 58
Transform: AffineTransform_float_3_3
Parameters: 0.999999 -0.000934791 0.000972164 0.000936209 0.999999 -0.00124409 -0.000970836 0.00124491 0.999999 -0.0313413 0.0788796 0.0417554
FixedParameters: 0 0 0

#Transform 59
Transform: AffineTransform_float_3_3
Parameters: 0.999999 -0.000992129 0.00089508 0.000993872 0.999998 -0.00209311 -0.000892922 0.00209389 0.999998 -0.0210549 0.170774 -0.063333
FixedParameters: 0 0 0

#Transform 60
Transform: AffineTransform_float_3_3
Parameters: 0.999999 -0.00104048 0.000894768 0.00104252 0.999998 -0.00169707 -0.000893232 0.00169793 0.999998 -0.0476114 0.0993427 0.0407667
FixedParameters: 0 0 0

#Transform 61
Transform: AffineTransform_float_3_3
Parameters: 0.999999 -0.00104527 0.000895018 0.00104672 0.999997 -0.00192906 -0.000892982 0.00192993 0.999997 -0.0319368 0.151049 0.0308655
FixedParameters: 0 0 0

#Transform 62
Transform: AffineTransform_float_3_3
Parameters: 0.999999 -0.00103819 0.000893938 0.00103881 0.999999 -0.000902072 -0.000893063 0.000902928 0.999999 -0.0274075 0.0932516 0.134965
FixedParameters: 0 0 0

#Transform 63
Transform: AffineTransform_float_3_3
Parameters: 0.999999 -0.00107748 0.000894837 0.00107952 0.999998 -0.00170304 -0.000893162 0.00170396 0.999998 0.00120644 0.152356 0.0419162
FixedParameters: 0 0 0

#Transform 64
Transform: AffineTransform_float_3_3
Parameters: 0.999999 -0.000981604 0.00113421 0.000983395 0.999999 -0.00123089 -0.00113279 0.00123211 0.999998 -0.0264282 0.0801395 0.0655384
FixedParameters: 0 0 0

#Transform 65
Transform: AffineTransform_float_3_3
Parameters: 0.999999 -0.00104478 0.00107317 0.00104722 0.999998 -0.00207088 -0.00107083 0.00207212 0.999998 -0.00376488 0.150256 -0.0452246
FixedParameters: 0 0 0

#Transform 66
Transform: AffineTransform_float_3_3
Parameters: 0.999999 -0.00116241 0.000895072 0.00116359 0.999997 -0.00178096 -0.000892928 0.00178204 0.999998 0.00722872 0.115111 -0.000781448
FixedParameters: 0 0 0

#Transform 67
Transform: AffineTransform_float_3_3
Parameters: 0.999999 -0.00116211 0.000895464 0.0011639 0.999997 -0.00211796 -0.000893537 0.00211904 0.999998 0.0129872 0.163419 -0.014498
FixedParameters: 0 0 0

#Transform 68
Transform: AffineTransform_float_3_3
Parameters: 0.999999 -0.0011626 0.000894824 0.0011634 0.999998 -0.00156696 -0.000893178 0.00156804 0.999999 -0.000959023 0.0903135 0.0231863
FixedParameters: 0 0 0

#Transform 69
Transform: AffineTransform_float_3_3
Parameters: 0.999998 -0.00116058 0.00164042 0.00116342 0.999997 -0.00208409 -0.00163758 0.0020859 0.999996 -0.0538145 0.19015 -0.133949
FixedParameters: 0 0 0

#Transform 70
Transform: AffineTransform_float_3_3
Parameters: 0.999999 -0.00116273 0.0013501 0.00116327 0.999999 -0.000942431 -0.0013489 0.000943569 0.999998 -0.0346295 0.0572077 -0.0758259
FixedParameters: 0 0 0

#Transform 71
Transform: AffineTransform_float_3_3
Parameters: 0.999999 -0.00107214 0.0013952 0.00107586 0.999998 -0.0020485 -0.0013928 0.0020495 0.999997 -0.0378992 0.164485 -0.0652911
FixedParameters: 0 0 0

#Transform 72
Transform: AffineTransform_float_3_3
Parameters: 0.999998 -0.00116221 0.00152936 0.00116379 0.999998 -0.00116922 -0.00152764 0.00117078 0.999998 -0.0459119 0.0852699 -0.0436648
FixedParameters: 0 0 0

#Transform 73
Transform: AffineTransform_float_3_3
Parameters: 0.999997 -0.00116116 0.00180982 0.00116384 0.999998 -0.0015679 -0.00180818 0.0015701 0.999997 -0.0578325 0.110561 -0.0488121
FixedParameters: 0 0 0

#Transform 74
Transform: AffineTransform_float_3_3
Parameters: 0.999999 -0.0011622 0.00142047 0.0011638 0.999998 -0.00126535 -0.00141953 0.00126665 0.999998 -0.0382874 0.102388 -0.100729
FixedParameters: 0 0 0

#Transform 75
Transform: AffineTransform_float_3_3
Parameters: 0.999997 -0.00116161 0.00177557 0.00116339 0.999999 -0.00134694 -0.00177343 0.00134906 0.999997 -0.0433634 0.0826479 -0.0672384
FixedParameters: 0 0 0

#Transform 76
Transform: AffineTransform_float_3_3
Parameters: 0.999998 -0.00116086 0.00162924 0.00116314 0.999997 -0.00192411 -0.00162776 0.00192689 0.999997 -0.0403461 0.142219 -0.125317
FixedParameters: 0 0 0

#Transform 77
Transform: AffineTransform_float_3_3
Parameters: 0.999998 -0.00116272 0.00177484 0.00116327 0.999999 -0.000717937 -0.00177316 0.000720063 0.999998 -0.0722431 0.0378078 -0.00174146
FixedParameters: 0 0 0

#Transform 78
Transform: AffineTransform_float_3_3
Parameters: 0.999998 -0.00116153 0.00126128 0.00116347 0.999998 -0.00195654 -0.00125972 0.00195847 0.999998 -0.0203742 0.154372 -0.110555
FixedParameters: 0 0 0

#Transform 79
Transform: AffineTransform_float_3_3
Parameters: 0.999998 -0.00116173 0.00165959 0.00116327 0.999999 -0.00136707 -0.00165741 0.00136893 0.999997 -0.0555889 0.0689071 -0.0201024
FixedParameters: 0 0 0

#Transform 80
Transform: AffineTransform_float_3_3
Parameters: 0.999997 -0.00116047 0.00181027 0.00116353 0.999998 -0.0019499 -0.00180873 0.00195211 0.999997 -0.0463224 0.15559 -0.087841
FixedParameters: 0 0 0

#Transform 81
Transform: AffineTransform_float_3_3
Parameters: 0.999999 -0.0011086 0.00141289 0.0011114 0.999998 -0.00170143 -0.00141111 0.00170357 0.999997 -0.0285332 0.0897198 -0.0666898
FixedParameters: 0 0 0

#Transform 82
Transform: AffineTransform_float_3_3
Parameters: 0.999998 -0.00107936 0.00116645 0.00108164 0.999997 -0.00226574 -0.00116355 0.00226726 0.999997 0.00277525 0.140236 -0.0774956
FixedParameters: 0 0 0

#Transform 83
Transform: AffineTransform_float_3_3
Parameters: 0.999999 -0.00116214 0.000985195 0.00116386 0.999997 -0.00188685 -0.000982804 0.00188814 0.999997 0.0127561 0.0997978 -0.0842922
FixedParameters: 0 0 0

#Transform 84
Transform: AffineTransform_float_3_3
Parameters: 0.999998 -0.00109834 0.00124347 0.00110066 0.999998 -0.00133463 -0.00124253 0.00133537 0.999999 -0.00453098 0.0947395 -0.0419226
FixedParameters: 0 0 0

#Transform 85
Transform: AffineTransform_float_3_3
Parameters: 0.999998 -0.00116185 0.00111126 0.00116315 0.999998 -0.00193971 -0.00110875 0.00194029 0.999998 -0.00842906 0.127408 -0.0139976
FixedParameters: 0 0 0

#Transform 86
Transform: AffineTransform_float_3_3
Parameters: 0.999999 -0.00116226 0.000993042 0.00116374 0.999998 -0.00175485 -0.000990958 0.00175615 0.999998 0.0197115 0.117482 -0.00769549
FixedParameters: 0 0 0

#Transform 87
Transform: AffineTransform_float_3_3
Parameters: 0.999998 -0.00116246 0.00116354 0.00116354 0.999999 -0.00132665 -0.00116146 0.00132835 0.999999 -0.000973409 0.0917423 0.0288087
FixedParameters: 0 0 0

#Transform 88
Transform: AffineTransform_float_3_3
Parameters: 0.999999 -0.00116226 0.000916207 0.00116374 0.999997 -0.00189693 -0.000913793 0.00189806 0.999998 0.0186962 0.129187 -0.00545101
FixedParameters: 0 0 0

#Transform 89
Transform: AffineTransform_float_3_3
Parameters: 0.999998 -0.00136937 0.000986878 0.00136963 0.999999 -0.000640649 -0.000986121 0.000642351 1 0.0299693 0.0612168 0.0465303
FixedParameters: 0 0 0

#Transform 90
Transform: AffineTransform_float_3_3
Parameters: 0.999998 -0.00131432 0.00155542 0.00131568 0.999998 -0.00108096 -0.00155458 0.00108305 0.999998 -0.00342423 0.0954103 -0.000344337
FixedParameters: 0 0 0

#Transform 91
Transform: AffineTransform_float_3_3
Parameters: 0.999998 -0.00136947 0.000991725 0.00137052 0.999999 -0.000528642 -0.000991274 0.000530358 1 0.0152382 0.0516559 0.0192024
FixedParameters: 0 0 0

#Transform 92
Transform: AffineTransform_float_3_3
Parameters: 0.999998 -0.00152062 0.00132743 0.00152138 0.999999 -0.000283981 -0.00132657 0.000286018 0.999999 0.0184243 0.0666775 0.0321855
FixedParameters: 0 0 0

#Transform 93
Transform: AffineTransform_float_3_3
Parameters: 0.999999 -0.00140168 0.00109842 0.00140133 0.999999 -0.000295461 -0.00109859 0.00029654 1 0.0103345 0.034295 0.0310811
FixedParameters: 0 0 0

#Transform 94
Transform: AffineTransform_float_3_3
Parameters: 0.999998 -0.00116306 0.00149773 0.00116394 0.999999 -0.000625258 -0.00149727 0.000626742 0.999998 -0.00606742 0.0441957 0.00744813
FixedParameters: 0 0 0

#Transform 95
Transform: AffineTransform_float_3_3
Parameters: 0.999998 -0.00116321 0.00118278 0.00116379 0.999999 -0.000667625 -0.00118222 0.000668376 0.999999 0.00363576 0.0547393 0.039068
FixedParameters: 0 0 0

#Transform 96
Transform: AffineTransform_float_3_3
Parameters: 0.999998 -0.00116359 0.00108145 0.00116341 0.999999 -0.000381743 -0.00108156 0.000383259 1 -0.0064209 0.0581558 0.0880283
FixedParameters: 0 0 0

#Transform 97
Transform: AffineTransform_float_3_3
Parameters: 0.999999 -0.00116288 0.00103126 0.00116312 0.999998 -0.0010848 -0.00102974 0.0010862 0.999999 -0.00739495 0.0999994 -0.0393119
FixedParameters: 0 0 0

#Transform 98
Transform: AffineTransform_float_3_3
Parameters: 0.999998 -0.00110087 0.00119904 0.00110213 0.999999 -0.00094468 -0.00119796 0.00094532 0.999999 -0.0238447 0.0587198 0.00512031
FixedParameters: 0 0 0

#Transform 99
Transform: AffineTransform_float_3_3
Parameters: 0.999998 -0.00122691 0.00110521 0.00122809 0.999999 -0.000985644 -0.00110379 0.000987355 0.999999 -0.0103114 0.0877811 -0.0569905
FixedParameters: 0 0 0

#Transform 100
Transform: AffineTransform_float_3_3
Parameters: 0.999999 -0.00116233 0.00143236 0.00116367 0.999998 -0.00116734 -0.00143064 0.00116866 0.999999 -0.0220151 0.0608095 -0.0116299
FixedParameters: 0 0 0

#Transform 101
Transform: AffineTransform_float_3_3
Parameters: 0.999999 -0.00116292 0.000956312 0.00116308 0.999998 -0.00112689 -0.000955689 0.00112811 0.999999 0.0162683 0.106102 -0.0315937
FixedParameters: 0 0 0

#Transform 102
Transform: AffineTransform_float_3_3
Parameters: 0.999999 -0.00116317 0.00104492 0.00116383 0.999999 -0.000793785 -0.00104408 0.000794216 0.999999 0.00109167 0.0509186 0.0468569
FixedParameters: 0 0 0

#Transform 103
Transform: AffineTransform_float_3_3
Parameters: 0.999999 -0.00116319 0.000994945 0.00116381 0.999999 -0.000811843 -0.000994055 0.000813157 0.999999 0.0146938 0.08992 0.0205364
FixedParameters: 0 0 0

#Transform 104
Transform: AffineTransform_float_3_3
Parameters: 0.999998 -0.00116304 0.00110201 0.00116396 0.999999 -0.000868718 -0.00110099 0.000869282 0.999999 0.000444228 0.0579431 0.0287466
FixedParameters: 0 0 0

#Transform 105
Transform: AffineTransform_float_3_3
Parameters: 0.999999 -0.00116334 0.000809947 0.00116366 0.999999 -0.000813059 -0.000809054 0.000813942 1 0.0330805 0.0963294 -0.12287
FixedParameters: 0 0 0

#Transform 106
Transform: AffineTransform_float_3_3
Parameters: 0.999999 -0.00100659 0.000897456 0.00100741 1 -0.000452097 -0.000896545 0.000452903 1 0.00135367 0.0397209 -0.1634
FixedParameters: 0 0 0

#Transform 107
Transform: AffineTransform_float_3_3
Parameters: 0.999999 -0.00116342 0.000630079 0.00116358 0.999999 -0.000926268 -0.000628923 0.000926733 1 0.0637197 0.121357 -0.341226
FixedParameters: 0 0 0

#Transform 108
Transform: AffineTransform_float_3_3
Parameters: 0.999999 -0.00116366 0.000860458 0.00116334 0.999999 -0.000392999 -0.000859542 0.000394001 0.999999 0.0539208 0.0122806 -0.273962
FixedParameters: 0 0 0

#Transform 109
Transform: AffineTransform_float_3_3
Parameters: 0.999999 -0.00116377 0.000629431 0.00116323 1 -0.000370268 -0.000629569 0.000370733 0.999999 0.047425 0.0326613 -0.174101
FixedParameters: 0 0 0

#Transform 110
Transform: AffineTransform_float_3_3
Parameters: 0.999999 -0.00116358 0.000629772 0.00116342 0.999999 -0.000663268 -0.000629228 0.000663733 0.999999 0.0473795 0.0567829 -0.201817
FixedParameters: 0 0 0

#Transform 111
Transform: AffineTransform_float_3_3
Parameters: 0.999999 -0.00116335 0.00132357 0.00116365 0.999999 -0.000489461 -0.00132343 0.00049054 0.999999 -0.00737048 0.0267561 -0.135329
FixedParameters: 0 0 0

#Transform 112
Transform: AffineTransform_float_3_3
Parameters: 0.999999 -0.00107917 0.000856045 0.00107983 0.999999 -0.000967077 -0.000854956 0.000967924 0.999999 0.0167858 0.07071 -0.214627
FixedParameters: 0 0 0

#Transform 113
Transform: AffineTransform_float_3_3
Parameters: 0.999999 -0.00107086 0.000629236 0.00107114 1 -0.000220326 -0.000629763 0.000221675 1 0.0304357 0.0110323 -0.109808
FixedParameters: 0 0 0

#Transform 114
Transform: AffineTransform_float_3_3
Parameters: 0.999999 -0.00116293 0.00101822 0.00116306 0.999999 -0.00104582 -0.00101678 0.00104718 0.999999 0.0291998 0.0920458 -0.163854
FixedParameters: 0 0 0

#Transform 115
Transform: AffineTransform_float_3_3
Parameters: 0.999999 -0.00116335 0.000955786 0.00116365 0.999999 -0.000674889 -0.000955214 0.000676112 1 0.0245236 0.0459955 -0.115087
FixedParameters: 0 0 0

#Transform 116
Transform: AffineTransform_float_3_3
Parameters: 0.999999 -0.00116281 0.000881572 0.00116319 0.999999 -0.00135098 -0.000879428 0.00135202 0.999998 0.0372099 0.122959 -0.220475
FixedParameters: 0 0 0

#Transform 117
Transform: AffineTransform_float_3_3
Parameters: 0.999999 -0.00110273 0.00107028 0.00110227 1 -0.000250821 -0.00107072 0.000252181 1 0.0189554 0.00342564 -0.157287
FixedParameters: 0 0 0

#Transform 118
Transform: AffineTransform_float_3_3
Parameters: 0.999999 -0.00116305 0.00099511 0.00116395 0.999999 -0.000953843 -0.000993889 0.000955157 0.999999 0.0151236 0.113189 -0.197918
FixedParameters: 0 0 0

#Transform 119
Transform: AffineTransform_float_3_3
Parameters: 0.999998 -0.00116369 0.00116331 0.00116331 1 -0.000266647 -0.00116269 0.000268354 1 -0.0100966 0.0227087 -0.18207
FixedParameters: 0 0 0

#Transform 120
Transform: AffineTransform_float_3_3
Parameters: 0.999999 -0.00116316 0.000978 0.00116384 0.999999 -0.000858863 -0.000977 0.000860137 0.999999 0.0192931 0.091221 -0.220598
FixedParameters: 0 0 0

#Transform 121
Transform: AffineTransform_float_3_3
Parameters: 0.999999 -0.00116358 0.000911537 0.00116342 0.999999 -0.00046094 -0.000911463 0.000462061 1 0.0132416 0.0320298 -0.162936
FixedParameters: 0 0 0

#Transform 122
Transform: AffineTransform_float_3_3
Parameters: 0.999998 -0.00116304 0.00107205 0.00116396 0.999999 -0.000897753 -0.00107096 0.000898247 0.999999 0.0184102 0.0846733 -0.189253
FixedParameters: 0 0 0

#Transform 123
Transform: AffineTransform_float_3_3
Parameters: 0.999999 -0.00116344 0.000855763 0.00116356 0.999999 -0.000655005 -0.000854238 0.000655995 1 0.0433434 0.0329392 -0.186393
FixedParameters: 0 0 0

#Transform 124
Transform: AffineTransform_float_3_3
Parameters: 0.999999 -0.00109388 0.000928326 0.00109512 0.999998 -0.00121098 -0.000926674 0.00121201 0.999999 0.03266 0.0959264 -0.204621
FixedParameters: 0 0 0

#Transform 125
Transform: AffineTransform_float_3_3
Parameters: 0.999999 -0.00116347 0.000629981 0.00116353 0.999999 -0.000842268 -0.000629019 0.000843733 1 0.044501 0.0460524 -0.162046
FixedParameters: 0 0 0

#Transform 126
Transform: AffineTransform_float_3_3
Parameters: 0.999999 -0.001163 0.000963203 0.001164 0.999999 -0.00103388 -0.000961797 0.00103412 0.999999 0.0295743 0.112418 -0.174581
FixedParameters: 0 0 0

#Transform 127
Transform: AffineTransform_float_3_3
Parameters: 0.999999 -0.00107377 0.000629388 0.00107423 1 -0.000361324 -0.000629611 0.000362676 0.999999 0.0395485 0.0191289 -0.131026
FixedParameters: 0 0 0

#Transform 128
Transform: AffineTransform_float_3_3
Parameters: 0.999998 -0.00116255 0.00115646 0.00116345 0.999999 -0.00125666 -0.00115554 0.00125835 0.999998 0.00237996 0.122125 -0.173816
FixedParameters: 0 0 0

#Transform 129
Transform: AffineTransform_float_3_3
Parameters: 0.999997 -0.00116324 0.00213341 0.00116376 1 -0.000355518 -0.00213258 0.000358482 0.999997 -0.0459002 0.0284555 -0.0250223
FixedParameters: 0 0 0

#Transform 130
Transform: AffineTransform_float_3_3
Parameters: 0.999998 -0.00116292 0.001257 0.00116308 0.999999 -0.000858539 -0.001256 0.000860462 0.999999 0.00946981 0.0961928 -0.0953501
FixedParameters: 0 0 0

#Transform 131
Transform: AffineTransform_float_3_3
Parameters: 0.999999 -0.00116368 0.00101637 0.00116332 1 -0.000312818 -0.00101664 0.000314184 1 0.027021 0.047573 -0.114744
FixedParameters: 0 0 0

#Transform 132
Transform: AffineTransform_float_3_3
Parameters: 0.999999 -0.00116229 0.00133949 0.00116372 0.999999 -0.00128044 -0.00133851 0.00128156 0.999999 -0.000590201 0.0907 -0.0920298
FixedParameters: 0 0 0

#Transform 133
Transform: AffineTransform_float_3_3
Parameters: 0.999999 -0.000965597 0.000917479 0.000967403 0.999999 -0.00153011 -0.000915521 0.00153089 0.999999 0.0690403 0.188154 -0.221928
FixedParameters: 0 0 0

#Transform 134
Transform: AffineTransform_float_3_3
Parameters: 0.999999 -0.000572836 0.000541234 0.000573163 0.999997 -0.00215269 -0.000539767 0.00215331 0.999997 0.00817312 0.136144 -0.76721
FixedParameters: 0 0 0

#Transform 135
Transform: AffineTransform_float_3_3
Parameters: 0.999998 -0.00109069 0.00173897 0.00109731 0.999993 -0.0036301 -0.00173503 0.0036319 0.999992 -0.0283709 0.146844 -1.32329
FixedParameters: 0 0 0

#Transform 136
Transform: AffineTransform_float_3_3
Parameters: 0.999995 -0.00159967 0.00295244 0.00160533 0.999997 -0.00214327 -0.00294856 0.00214773 0.999994 -0.110727 0.0549075 -0.829129
FixedParameters: 0 0 0

#Transform 137
Transform: AffineTransform_float_3_3
Parameters: 0.999995 -0.00117734 0.00291489 0.00118166 0.999998 -0.00159956 -0.00291211 0.00160244 0.999995 -0.0899491 0.0628229 -0.676259
FixedParameters: 0 0 0

#Transform 138
Transform: AffineTransform_float_3_3
Parameters: 0.999996 -0.00110588 0.00234442 0.00111112 0.999997 -0.0021844 -0.00234258 0.0021876 0.999995 0.00725547 0.198397 -1.09413
FixedParameters: 0 0 0

#Transform 139
Transform: AffineTransform_float_3_3
Parameters: 0.999998 -0.00103066 0.00204073 0.00103834 0.999993 -0.00359889 -0.00203728 0.00360111 0.999992 0.0660437 0.199265 -1.37749
FixedParameters: 0 0 0

#Transform 140
Transform: AffineTransform_float_3_3
Parameters: 0.999998 -0.000957225 0.00175652 0.000959777 0.999999 -0.00158032 -0.00175549 0.00158168 0.999997 0.0534538 0.047617 -0.978526
FixedParameters: 0 0 0

#Transform 141
Transform: AffineTransform_float_3_3
Parameters: 0.999998 -0.000954566 0.00180988 0.000959433 0.999995 -0.00300327 -0.00180712 0.00300573 0.999994 0.0665352 0.189503 -1.13121
FixedParameters: 0 0 0

#Transform 142
Transform: AffineTransform_float_3_3
Parameters: 0.999999 -0.000955675 0.00154069 0.000959324 0.999995 -0.00280953 -0.00153731 0.00281047 0.999995 0.0966732 0.130759 -1.10605
FixedParameters: 0 0 0

#Transform 143
Transform: AffineTransform_float_3_3
Parameters: 0.999998 -0.00129894 0.00150079 0.00130106 0.999998 -0.00137305 -0.00149921 0.00137495 0.999998 0.0861706 0.0220648 -0.820514
FixedParameters: 0 0 0

#Transform 144
Transform: AffineTransform_float_3_3
Parameters: 0.999998 -0.000955768 0.00172335 0.000960231 0.999997 -0.00245635 -0.00172065 0.00245865 0.999996 0.08354 0.184271 -0.991554
FixedParameters: 0 0 0

#Transform 145
Transform: AffineTransform_float_3_3
Parameters: 0.999998 -0.00135503 0.00187315 0.00135897 0.999998 -0.00158346 -0.00187185 0.00158654 0.999997 0.082253 0.0570972 -0.893245
FixedParameters: 0 0 0

#Transform 146
Transform: AffineTransform_float_3_3
Parameters: 0.999998 -0.00112283 0.00199023 0.00112517 0.999999 -0.00108876 -0.00198878 0.00109124 0.999998 0.055681 0.0424405 -0.82068
FixedParameters: 0 0 0

#Transform 147
Transform: AffineTransform_float_3_3
Parameters: 0.999998 -0.0011305 0.00165871 0.0011325 0.999998 -0.00150613 -0.0016563 0.00150788 0.999998 0.0644249 0.0847135 -0.78288
FixedParameters: 0 0 0

#Transform 148
Transform: AffineTransform_float_3_3
Parameters: 0.999999 -0.00134427 0.001168 0.00134673 0.999998 -0.00148443 -0.001166 0.00148557 0.999998 0.0881576 0.0866168 -0.775379
FixedParameters: 0 0 0

#Transform 149
Transform: AffineTransform_float_3_3
Parameters: 0.999998 -0.0013049 0.00164326 0.0013091 0.999996 -0.00249485 -0.00163974 0.00249714 0.999995 0.0939813 0.179603 -0.988582
FixedParameters: 0 0 0

#Transform 150
Transform: AffineTransform_float_3_3
Parameters: 0.999998 -0.00106101 0.00170087 0.00106399 0.999998 -0.00176019 -0.00169913 0.00176181 0.999997 0.104512 0.0999332 -0.936335
FixedParameters: 0 0 0

#Transform 151
Transform: AffineTransform_float_3_3
Parameters: 0.999997 -0.00137631 0.00176909 0.00137869 0.999998 -0.00151957 -0.00176691 0.00152144 0.999998 0.0841472 0.063996 -0.739301
FixedParameters: 0 0 0

#Transform 152
Transform: AffineTransform_float_3_3
Parameters: 0.999997 -0.00140633 0.00192369 0.00141067 0.999997 -0.00190929 -0.00192031 0.00191171 0.999997 0.0780506 0.162359 -0.852743
FixedParameters: 0 0 0

#Transform 153
Transform: AffineTransform_float_3_3
Parameters: 0.999998 -0.00138377 0.00132333 0.00138523 0.999997 -0.00168517 -0.00132067 0.00168683 0.999997 0.110053 0.0819474 -0.822085
FixedParameters: 0 0 0

#Transform 154
Transform: AffineTransform_float_3_3
Parameters: 0.999997 -0.00138269 0.00206522 0.00138531 0.999998 -0.00160114 -0.00206278 0.00160386 0.999996 0.0785938 0.0985464 -0.795283
FixedParameters: 0 0 0

#Transform 155
Transform: AffineTransform_float_3_3
Parameters: 0.999997 -0.0017523 0.00202383 0.00175871 0.999993 -0.00331545 -0.00201818 0.00331955 0.999993 0.0673067 0.184601 -0.890747
FixedParameters: 0 0 0

#Transform 156
Transform: AffineTransform_float_3_3
Parameters: 0.999995 -0.00162107 0.00272394 0.00163094 0.999992 -0.00364957 -0.00271806 0.00365342 0.999989 0.030744 0.22127 -0.793647
FixedParameters: 0 0 0

#Transform 157
Transform: AffineTransform_float_3_3
Parameters: 0.999995 -0.00137667 0.00280759 0.00138534 0.999994 -0.00332513 -0.00280341 0.00332888 0.99999 0.0421015 0.234695 -0.848932
FixedParameters: 0 0 0

#Transform 158
Transform: AffineTransform_float_3_3
Parameters: 0.999995 -0.00175923 0.00262954 0.00176577 0.999995 -0.00257337 -0.00262446 0.00257763 0.999993 0.0385257 0.13763 -0.809129
FixedParameters: 0 0 0

#Transform 159
Transform: AffineTransform_float_3_3
Parameters: 0.999995 -0.00198845 0.0024214 0.00199455 0.999995 -0.00270719 -0.00241561 0.00271182 0.999994 0.0453595 0.174561 -0.788816
FixedParameters: 0 0 0

#Transform 160
Transform: AffineTransform_float_3_3
Parameters: 0.999996 -0.00179779 0.00245256 0.00180421 0.999995 -0.00253159 -0.00244744 0.00253641 0.999994 0.0608296 0.183068 -0.780599
FixedParameters: 0 0 0

#Transform 161
Transform: AffineTransform_float_3_3
Parameters: 0.999996 -0.0018473 0.00238943 0.00185271 0.999996 -0.00238859 -0.00238558 0.00239242 0.999995 0.0706086 0.139189 -0.703141
FixedParameters: 0 0 0

#Transform 162
Transform: AffineTransform_float_3_3
Parameters: 0.999995 -0.00184628 0.00231238 0.00185272 0.999994 -0.00290573 -0.00230762 0.00290927 0.999993 0.0812204 0.220129 -0.839657
FixedParameters: 0 0 0

#Transform 163
Transform: AffineTransform_float_3_3
Parameters: 0.999995 -0.00221928 0.00216582 0.00222272 0.999996 -0.00171819 -0.00216218 0.00172381 0.999996 0.092553 0.100149 -0.697905
FixedParameters: 0 0 0

#Transform 164
Transform: AffineTransform_float_3_3
Parameters: 0.999996 -0.00184682 0.00216628 0.00185318 0.999994 -0.002854 -0.00216072 0.002858 0.999993 0.090025 0.21856 -0.803036
FixedParameters: 0 0 0

#Transform 165
Transform: AffineTransform_float_3_3
Parameters: 0.999995 -0.00191407 0.00222239 0.00191793 0.999996 -0.00176974 -0.00221961 0.00177326 0.999996 0.0600455 0.111658 -0.671955
FixedParameters: 0 0 0

#Transform 166
Transform: AffineTransform_float_3_3
Parameters: 0.999996 -0.00184855 0.00178561 0.00185344 0.999995 -0.0024917 -0.00178038 0.0024953 0.999996 0.0859124 0.195097 -0.733874
FixedParameters: 0 0 0

#Transform 167
Transform: AffineTransform_float_3_3
Parameters: 0.999996 -0.00184805 0.00212632 0.00185295 0.999995 -0.00233007 -0.00212168 0.00233393 0.999995 0.0834551 0.185412 -0.732162
FixedParameters: 0 0 0

#Transform 168
Transform: AffineTransform_float_3_3
Parameters: 0.999995 -0.00202505 0.00212278 0.00202895 0.999996 -0.0018607 -0.00211922 0.0018643 0.999996 0.0842256 0.129299 -0.69174
FixedParameters: 0 0 0

#Transform 169
Transform: AffineTransform_float_3_3
Parameters: 0.999995 -0.00225612 0.00224692 0.00226188 0.999994 -0.00261593 -0.00224108 0.00262107 0.999994 0.0962114 0.219948 -0.794414
FixedParameters: 0 0 0

#Transform 170
Transform: AffineTransform_float_3_3
Parameters: 0.999995 -0.00207921 0.00240927 0.00208279 0.999996 -0.00157099 -0.00240673 0.00157601 0.999996 0.0684767 0.10716 -0.667638
FixedParameters: 0 0 0

#Transform 171
Transform: AffineTransform_float_3_3
Parameters: 0.999995 -0.00223808 0.00230576 0.00224492 0.999994 -0.00256584 -0.00230024 0.00257116 0.999994 0.0834815 0.203696 -0.803051
FixedParameters: 0 0 0

#Transform 172
Transform: AffineTransform_float_3_3
Parameters: 0.999994 -0.00225768 0.0026136 0.00226332 0.999996 -0.0020341 -0.00260839 0.0020399 0.999994 0.0560034 0.124019 -0.73028
FixedParameters: 0 0 0

#Transform 173
Transform: AffineTransform_float_3_3
Parameters: 0.999995 -0.00225771 0.00230619 0.00226328 0.999995 -0.00229179 -0.00230081 0.00229721 0.999994 0.0753575 0.177895 -0.769569
FixedParameters: 0 0 0

#Transform 174
Transform: AffineTransform_float_3_3
Parameters: 0.999995 -0.00225748 0.00229344 0.00226351 0.999994 -0.00240482 -0.00228856 0.00241018 0.999995 0.0700195 0.140497 -0.728598
FixedParameters: 0 0 0

#Transform 175
Transform: AffineTransform_float_3_3
Parameters: 0.999994 -0.00236387 0.00229326 0.00236813 0.999995 -0.00179958 -0.00228873 0.00180542 0.999996 0.0881955 0.129549 -0.636633
FixedParameters: 0 0 0

#Transform 176
Transform: AffineTransform_float_3_3
Parameters: 0.999994 -0.0021965 0.00245304 0.0022015 0.999996 -0.00183361 -0.00244896 0.00183939 0.999996 0.0593566 0.135983 -0.67801
FixedParameters: 0 0 0

#Transform 177
Transform: AffineTransform_float_3_3
Parameters: 0.999995 -0.00225899 0.00230293 0.002263 0.999996 -0.0017378 -0.00229906 0.0017432 0.999996 0.0650198 0.133131 -0.667836
FixedParameters: 0 0 0

#Transform 178
Transform: AffineTransform_float_3_3
Parameters: 0.999993 -0.00225606 0.00281757 0.00226294 0.999995 -0.00246264 -0.00281243 0.00246936 0.999993 0.031815 0.187599 -0.801488
FixedParameters: 0 0 0

#Transform 179
Transform: AffineTransform_float_3_3
Parameters: 0.999993 -0.00226081 0.00276879 0.00226319 0.999997 -0.000789739 -0.00276721 0.000795261 0.999996 -0.000140752 0.0592876 -0.595702
FixedParameters: 0 0 0

#Transform 180
Transform: AffineTransform_float_3_3
Parameters: 0.999995 -0.00142995 0.00283005 0.00143406 0.999998 -0.00143095 -0.00282895 0.00143505 0.999995 -0.00641214 0.158534 -0.656747
FixedParameters: 0 0 0

#Transform 181
Transform: AffineTransform_float_3_3
Parameters: 0.999994 -0.00206432 0.00255716 0.00206667 0.999998 -0.00104372 -0.00255484 0.00104928 0.999996 0.00525029 0.0826308 -0.529261
FixedParameters: 0 0 0

#Transform 182
Transform: AffineTransform_float_3_3
Parameters: 0.999995 -0.00193919 0.00255865 0.00194381 0.999997 -0.00187804 -0.00255435 0.00188296 0.999995 0.00957345 0.191316 -0.651573
FixedParameters: 0 0 0

#Transform 183
Transform: AffineTransform_float_3_3
Parameters: 0.999993 -0.00200233 0.00292683 0.00200566 0.999997 -0.000908135 -0.00292517 0.000913863 0.999996 -0.0181813 0.0822093 -0.579106
FixedParameters: 0 0 0

#Transform 184
Transform: AffineTransform_float_3_3
Parameters: 0.999993 -0.00189055 0.00304777 0.00189545 0.999997 -0.00145923 -0.00304423 0.00146477 0.999995 -0.00636732 0.156552 -0.647035
FixedParameters: 0 0 0

#Transform 185
Transform: AffineTransform_float_3_3
Parameters: 0.999993 -0.00220973 0.00285209 0.00221527 0.999996 -0.00184569 -0.00284791 0.00185231 0.999994 0.0175627 0.133676 -0.598653
FixedParameters: 0 0 0

#Transform 186
Transform: AffineTransform_float_3_3
Parameters: 0.999994 -0.00208169 0.00279596 0.00208631 0.999996 -0.00189718 -0.00279204 0.00190282 0.999995 0.0330063 0.170084 -0.6207
FixedParameters: 0 0 0

#Transform 187
Transform: AffineTransform_float_3_3
Parameters: 0.999995 -0.00209263 0.00260632 0.00209737 0.999995 -0.00205955 -0.00260168 0.00206446 0.999995 0.0446781 0.150639 -0.625367
FixedParameters: 0 0 0

#Transform 188
Transform: AffineTransform_float_3_3
Parameters: 0.999994 -0.00224843 0.00256713 0.00225157 0.999996 -0.00138723 -0.00256487 0.00139277 0.999995 0.0479992 0.117101 -0.540691
FixedParameters: 0 0 0

#Transform 189
Transform: AffineTransform_float_3_3
Parameters: 0.999994 -0.00213114 0.00281493 0.00213486 0.999997 -0.001369 -0.00281207 0.001375 0.999995 0.0242006 0.14223 -0.625415
FixedParameters: 0 0 0

#Transform 190
Transform: AffineTransform_float_3_3
