# transform file /out/sourcedata/freesurfer/sub-v2s17x50038_ses-1/mri/transforms/cc_up.lta
# created by oesteban on Wed Mar 11 14:59:08 2026

type      = 0 # LINEAR_VOX_TO_VOX
nxforms   = 1
mean      = 129.0000 130.0000 119.0000
sigma     = 10000.0000
1 4 4
9.941943287849426e-01 1.074567362666130e-01 -5.543122999370098e-03 -1.341891574859619e+01 
-1.074550673365593e-01 9.942098259925842e-01 5.991149228066206e-04 3.555366516113281e+01 
5.575405899435282e-03 0.000000000000000e+00 9.999845027923584e-01 1.427525615692139e+01 
0.000000000000000e+00 0.000000000000000e+00 0.000000000000000e+00 1.000000000000000e+00 
src volume info
valid = 1  # volume info valid
filename = /out/sourcedata/freesurfer/sub-v2s17x50038_ses-1/mri/norm.mgz
volume = 256 256 256
voxelsize = 1.000000000000000e+00 1.000000000000000e+00 1.000000000000000e+00
xras   = -9.999999403953552e-01 0.000000000000000e+00 0.000000000000000e+00
yras   = 0.000000000000000e+00 0.000000000000000e+00 -9.999999403953552e-01
zras   = 0.000000000000000e+00 9.999999403953552e-01 0.000000000000000e+00
cras   = -1.485328674316406e+00 -3.317321777343750e+00 -1.218507385253906e+01
dst volume info
valid = 1  # volume info valid
filename = /out/sourcedata/freesurfer/sub-v2s17x50038_ses-1/mri/norm.mgz
volume = 256 256 256
voxelsize = 1.000000000000000e+00 1.000000000000000e+00 1.000000000000000e+00
xras   = -9.999999403953552e-01 0.000000000000000e+00 0.000000000000000e+00
yras   = 0.000000000000000e+00 0.000000000000000e+00 -9.999999403953552e-01
zras   = 0.000000000000000e+00 9.999999403953552e-01 0.000000000000000e+00
cras   = -1.485328674316406e+00 -3.317321777343750e+00 -1.218507385253906e+01
