# transform file /out/sourcedata/freesurfer/sub-v2s17x50029_ses-1/mri/transforms/cc_up.lta
# created by oesteban on Wed Mar 11 14:47:31 2026

type      = 0 # LINEAR_VOX_TO_VOX
nxforms   = 1
mean      = 127.0000 115.0000 118.0000
sigma     = 10000.0000
1 4 4
9.995217919349670e-01 -5.792613141238689e-03 -3.037219308316708e-02 6.034054279327393e+00 
5.789940711110830e-03 9.999831914901733e-01 -1.759373262757435e-04 3.229189300537109e+01 
3.037270344793797e-02 0.000000000000000e+00 9.995386004447937e-01 6.222603797912598e+00 
0.000000000000000e+00 0.000000000000000e+00 0.000000000000000e+00 1.000000000000000e+00 
src volume info
valid = 1  # volume info valid
filename = /out/sourcedata/freesurfer/sub-v2s17x50029_ses-1/mri/norm.mgz
volume = 256 256 256
voxelsize = 1.000000000000000e+00 1.000000000000000e+00 1.000000000000000e+00
xras   = -9.999999403953552e-01 0.000000000000000e+00 0.000000000000000e+00
yras   = 0.000000000000000e+00 0.000000000000000e+00 -9.999999403953552e-01
zras   = 0.000000000000000e+00 9.999999403953552e-01 0.000000000000000e+00
cras   = -2.380561828613281e+00 -1.738571166992188e+00 -3.394729614257812e+00
dst volume info
valid = 1  # volume info valid
filename = /out/sourcedata/freesurfer/sub-v2s17x50029_ses-1/mri/norm.mgz
volume = 256 256 256
voxelsize = 1.000000000000000e+00 1.000000000000000e+00 1.000000000000000e+00
xras   = -9.999999403953552e-01 0.000000000000000e+00 0.000000000000000e+00
yras   = 0.000000000000000e+00 0.000000000000000e+00 -9.999999403953552e-01
zras   = 0.000000000000000e+00 9.999999403953552e-01 0.000000000000000e+00
cras   = -2.380561828613281e+00 -1.738571166992188e+00 -3.394729614257812e+00
