#Insight Transform File V1.0
#Transform 0
Transform: AffineTransform_float_3_3
Parameters: 0.999997 0.000160949 0.00238921 -0.00016405 0.999999 0.00127661 -0.00238879 -0.00127739 0.999997 0.0813241 -0.15559 -0.207122
FixedParameters: 0 0 0

#Transform 1
Transform: AffineTransform_float_3_3
Parameters: 0.999998 -2.52052e-06 0.002066 4.79471e-07 1 0.00122 -0.002066 -0.00122 0.999997 0.124061 -0.119402 -0.325211
FixedParameters: 0 0 0

#Transform 2
Transform: AffineTransform_float_3_3
Parameters: 1 -2.69937e-06 0.001121 3.0062e-07 0.999997 0.002408 -0.001121 -0.002408 0.999997 0.0818628 -0.0878517 -0.094483
FixedParameters: 0 0 0

#Transform 3
Transform: AffineTransform_float_3_3
Parameters: 1 9.56585e-05 0.00109321 -9.83409e-05 0.999997 0.00214189 -0.00109279 -0.00214211 0.999997 0.0655631 -0.0343155 -0.0218989
FixedParameters: 0 0 0

#Transform 4
Transform: AffineTransform_float_3_3
Parameters: 0.999999 0.000371903 0.00122633 -0.000373098 1 0.000894544 -0.00122667 -0.000895457 0.999999 0.0909552 -0.0566902 -0.177142
FixedParameters: 0 0 0

#Transform 5
Transform: AffineTransform_float_3_3
Parameters: 0.999999 -2.53685e-06 0.001422 4.63143e-07 0.999999 0.001784 -0.001422 -0.001784 0.999998 0.103292 -0.0454824 -0.120645
FixedParameters: 0 0 0

#Transform 6
Transform: AffineTransform_float_3_3
Parameters: 1 -1.94379e-06 0.000552996 5.6193e-08 0.999994 0.003515 -0.000553003 -0.003515 0.999993 0.0760372 -0.0355649 -0.078118
FixedParameters: 0 0 0

#Transform 7
Transform: AffineTransform_float_3_3
Parameters: 0.999998 -0.000611448 -0.00157716 0.000616551 0.999993 0.00352203 0.00157484 -0.00352297 0.999992 0.0424073 -0.0686685 -0.104952
FixedParameters: 0 0 0

#Transform 8
Transform: AffineTransform_float_3_3
Parameters: 1 7.0057e-05 -6.29365e-05 -6.99429e-05 0.999999 0.000906004 6.30634e-05 -0.000905995 0.999999 0.0662856 -0.0638642 -0.235587
FixedParameters: 0 0 0

#Transform 9
Transform: AffineTransform_float_3_3
Parameters: 1 0.000141512 0.00101307 -0.000141488 1 0.000481857 -0.00101293 -0.000482144 1 0.0914547 -0.0931064 -0.314853
FixedParameters: 0 0 0

#Transform 10
Transform: AffineTransform_float_3_3
Parameters: 1 0.000193554 0.000211409 -0.000193447 0.999998 0.00211096 -0.000211592 -0.00211104 0.999997 0.0561877 -0.0751375 -0.0385282
FixedParameters: 0 0 0

#Transform 11
Transform: AffineTransform_float_3_3
Parameters: 1 0.00019358 0.000224363 -0.000193422 0.999998 0.00187496 -0.000224638 -0.00187504 0.999998 0.0235006 -0.000786674 0.070143
FixedParameters: 0 0 0

#Transform 12
Transform: AffineTransform_float_3_3
Parameters: 1 0.000139764 0.000258128 -0.000140236 0.999999 0.000915963 -0.000257872 -0.000916035 0.999999 0.0277142 0.0405253 0.149524
FixedParameters: 0 0 0

#Transform 13
Transform: AffineTransform_float_3_3
Parameters: 1 0.000270007 -4.49563e-05 -0.000269993 1 0.000162012 4.50437e-05 -0.000161988 1 -0.0107291 0.082804 0.24796
FixedParameters: 0 0 0

#Transform 14
Transform: AffineTransform_float_3_3
Parameters: 1 0.000321966 0.000286038 -0.000322034 1 0.000118908 -0.000285962 -0.000119092 1 -0.0420193 0.148833 0.325826
FixedParameters: 0 0 0

#Transform 15
Transform: AffineTransform_float_3_3
Parameters: 1 0.000251789 -0.000182292 -0.000252211 1 -0.00115995 0.000181708 0.00116005 1 -0.0177608 0.0557239 -0.127896
FixedParameters: 0 0 0

#Transform 16
Transform: AffineTransform_float_3_3
Parameters: 1 0.000194022 5.09156e-05 -0.000193978 1 -0.00043501 -5.10844e-05 0.00043499 1 0.0274094 -0.0896056 -0.351396
FixedParameters: 0 0 0

#Transform 17
Transform: AffineTransform_float_3_3
Parameters: 1 0.000193958 5.3154e-05 -0.000194042 0.999999 0.000793989 -5.28459e-05 -0.00079401 0.999999 0.0238593 -0.110425 -0.137401
FixedParameters: 0 0 0

#Transform 18
Transform: AffineTransform_float_3_3
Parameters: 0.999999 -0.000343189 -0.000677412 0.000343813 0.999999 0.00119877 0.000677588 -0.00119823 0.999999 0.034793 -0.00750641 0.0777689
FixedParameters: 0 0 0

#Transform 19
Transform: AffineTransform_float_3_3
Parameters: 1 -0.00034394 -0.000205101 0.00034406 1 0.000292929 0.000204899 -0.00029307 1 0.0273948 0.0159969 0.0569469
FixedParameters: 0 0 0

#Transform 20
Transform: AffineTransform_float_3_3
Parameters: 1 -0.00034398 -8.60781e-05 0.000344019 1 0.00022697 8.59219e-05 -0.00022703 1 0.00313422 0.00318327 -0.0577169
FixedParameters: 0 0 0

#Transform 21
Transform: AffineTransform_float_3_3
Parameters: 1 5.00101e-05 -3.59859e-05 -4.99899e-05 1 0.000281002 3.6014e-05 -0.000280998 1 -0.0529554 0.0204808 0.127795
FixedParameters: 0 0 0

#Transform 22
Transform: AffineTransform_float_3_3
Parameters: 1 0.00050195 -0.000261095 -0.000502049 1 -0.000188869 0.000260905 0.000189131 1 -0.135639 0.0646928 0.200735
FixedParameters: 0 0 0

#Transform 23
Transform: AffineTransform_float_3_3
Parameters: 1 0.000353988 -3.612e-05 -0.000354012 1 -0.000338987 3.588e-05 0.000339013 1 -0.12136 0.089165 0.118477
FixedParameters: 0 0 0

#Transform 24
Transform: AffineTransform_float_3_3
Parameters: 1 0.000251433 0.000384717 -0.000251567 1 -0.0011251 -0.000385283 0.0011249 1 -0.0753884 0.0256466 -0.0160795
FixedParameters: 0 0 0

#Transform 25
Transform: AffineTransform_float_3_3
Parameters: 1 0.000515989 3.11775e-05 -0.00051601 1 0.000343984 -3.08225e-05 -0.000344016 1 -0.153872 0.0934842 0.239453
FixedParameters: 0 0 0

#Transform 26
Transform: AffineTransform_float_3_3
Parameters: 0.999999 0.00124407 0.000672877 -0.00124393 0.999999 -9.88371e-05 -0.000673122 9.81627e-05 1 -0.222992 0.118723 0.124251
FixedParameters: 0 0 0

#Transform 27
Transform: AffineTransform_float_3_3
Parameters: 1 0.000696989 0.000921009 -0.000697012 1 1.2358e-05 -0.000920991 -1.26419e-05 0.999999 -0.149626 0.0320793 0.0265353
FixedParameters: 0 0 0

#Transform 28
Transform: AffineTransform_float_3_3
Parameters: 0.999999 0.000575184 0.00046077 -0.000574815 1 -0.000400265 -0.00046123 0.000399735 1 -0.137631 0.0397958 0.106661
FixedParameters: 0 0 0

#Transform 29
Transform: AffineTransform_float_3_3
Parameters: 0.999997 0.000974589 0.0018857 -0.000974412 1 -0.000312838 -0.0018853 0.000311164 0.999998 -0.0457531 0.0621847 0.0337276
FixedParameters: 0 0 0

#Transform 30
Transform: AffineTransform_float_3_3
Parameters: 0.999997 0.000702787 0.00230676 -0.000702214 0.999999 -0.000341621 -0.00230724 0.000340379 0.999998 -0.0533215 0.142816 0.274869
FixedParameters: 0 0 0

#Transform 31
Transform: AffineTransform_float_3_3
Parameters: 0.999998 0.000720218 0.00154951 -0.000716781 0.999997 -0.00207711 -0.00155049 0.00207588 0.999996 -0.0545193 0.119415 0.0530341
FixedParameters: 0 0 0

#Transform 32
Transform: AffineTransform_float_3_3
Parameters: 1 0.00056311 0.000942934 -0.00056289 1 -0.000117531 -0.000943066 0.000116469 0.999999 -0.0552266 0.0690609 0.197524
FixedParameters: 0 0 0

#Transform 33
Transform: AffineTransform_float_3_3
Parameters: 1 0.000243182 0.000309857 -0.000243818 1 -0.000587075 -0.000310143 0.000586924 1 -0.0743263 0.179362 0.325276
FixedParameters: 0 0 0

#Transform 34
Transform: AffineTransform_float_3_3
Parameters: 1 0.000563303 0.000311453 -0.000562697 1 -0.000972176 -0.000312547 0.000971825 1 -0.0783725 0.136826 0.0916538
FixedParameters: 0 0 0

#Transform 35
Transform: AffineTransform_float_3_3
Parameters: 0.999999 0.000735495 0.00071549 -0.000735504 1 -0.000692527 -0.000716508 0.000691473 0.999999 -0.127313 0.125763 0.3416
FixedParameters: 0 0 0

#Transform 36
Transform: AffineTransform_float_3_3
Parameters: 0.999999 0.00103743 0.00117974 -0.00103557 0.999998 -0.00121222 -0.00118026 0.00121178 0.999998 -0.171374 0.227408 0.346227
FixedParameters: 0 0 0

#Transform 37
Transform: AffineTransform_float_3_3
Parameters: 0.999999 0.00101381 0.000810987 -0.00101319 0.999999 -0.000999823 -0.000812013 0.000999178 0.999999 -0.10215 0.142791 0.14028
FixedParameters: 0 0 0

#Transform 38
Transform: AffineTransform_float_3_3
Parameters: 0.999999 0.000944315 0.00034614 -0.000943684 0.999999 -0.000910327 -0.000346859 0.000910673 0.999999 -0.150298 0.179051 0.369531
FixedParameters: 0 0 0

#Transform 39
Transform: AffineTransform_float_3_3
Parameters: 0.999999 0.00101464 0.0010384 -0.00101336 0.999998 -0.00158305 -0.00103961 0.00158195 0.999998 -0.176418 0.239555 0.313877
FixedParameters: 0 0 0

#Transform 40
Transform: AffineTransform_float_3_3
Parameters: 0.999998 0.00122411 0.00111078 -0.00122289 0.999999 -0.00100036 -0.00111222 0.00099864 0.999999 -0.182186 0.178679 0.265757
FixedParameters: 0 0 0

#Transform 41
Transform: AffineTransform_float_3_3
Parameters: 0.999998 0.00128314 0.00113872 -0.00128186 0.999998 -0.00100046 -0.00114028 0.000998538 0.999999 -0.190355 0.210837 0.251471
FixedParameters: 0 0 0

#Transform 42
Transform: AffineTransform_float_3_3
Parameters: 0.999999 0.0010926 0.00103937 -0.0010924 0.999999 -0.000576136 -0.00103963 0.000574865 1 -0.198559 0.140799 0.278506
FixedParameters: 0 0 0

#Transform 43
Transform: AffineTransform_float_3_3
Parameters: 0.999999 0.00109265 0.000650909 -0.00109235 0.999999 -0.000999712 -0.000652092 0.000998288 1 -0.250775 0.212536 0.242987
FixedParameters: 0 0 0

#Transform 44
Transform: AffineTransform_float_3_3
Parameters: 0.999998 0.00135989 0.000891641 -0.00135911 0.999998 -0.00100021 -0.000893359 0.000998786 0.999999 -0.250288 0.160807 0.271465
FixedParameters: 0 0 0

#Transform 45
Transform: AffineTransform_float_3_3
Parameters: 0.999999 0.00144773 0.00103898 -0.00144727 0.999998 -0.000702505 -0.00104002 0.000701495 0.999999 -0.253171 0.194765 0.247949
FixedParameters: 0 0 0

#Transform 46
Transform: AffineTransform_float_3_3
Parameters: 0.999998 0.00124444 0.00160989 -0.00124256 0.999999 -0.000895002 -0.00161111 0.000892997 0.999999 -0.172674 0.140692 0.136584
FixedParameters: 0 0 0

#Transform 47
Transform: AffineTransform_float_3_3
Parameters: 0.999999 0.00116746 0.00104449 -0.00116754 0.999999 -0.00043822 -0.00104451 0.000437781 1 -0.140442 0.114022 0.267537
FixedParameters: 0 0 0

#Transform 48
Transform: AffineTransform_float_3_3
Parameters: 0.999998 0.00111854 0.00175438 -0.00111546 0.999999 -0.00144896 -0.00175562 0.00144704 0.999998 -0.120074 0.162138 0.127126
FixedParameters: 0 0 0

#Transform 49
Transform: AffineTransform_float_3_3
Parameters: 0.999998 0.00111672 0.00151447 -0.00111528 1 -0.00047569 -0.00151553 0.000474308 0.999998 -0.0959928 0.121581 0.180672
FixedParameters: 0 0 0

#Transform 50
Transform: AffineTransform_float_3_3
Parameters: 0.999998 0.00111648 0.00169868 -0.00111552 1 -0.000285895 -0.00169932 0.000284103 0.999998 -0.0930698 0.15575 0.32953
FixedParameters: 0 0 0

#Transform 51
Transform: AffineTransform_float_3_3
Parameters: 0.999998 0.000969622 0.00137386 -0.000967377 0.999999 -0.00118133 -0.00137514 0.00117967 0.999999 -0.112966 0.175931 0.220115
FixedParameters: 0 0 0

#Transform 52
Transform: AffineTransform_float_3_3
Parameters: 0.999998 0.00136193 0.00155619 -0.00136107 0.999999 -0.000598119 -0.00155681 0.000595881 0.999998 -0.169671 0.206228 0.431169
FixedParameters: 0 0 0

#Transform 53
Transform: AffineTransform_float_3_3
Parameters: 0.999998 0.00147349 0.00178195 -0.00147151 0.999998 -0.00139563 -0.00178406 0.00139338 0.999998 -0.229064 0.303799 0.529421
FixedParameters: 0 0 0

#Transform 54
Transform: AffineTransform_float_3_3
Parameters: 0.999997 0.00174505 0.00176098 -0.00174195 0.999997 -0.00173407 -0.00176402 0.00173093 0.999997 -0.20467 0.253859 0.31933
FixedParameters: 0 0 0

#Transform 55
Transform: AffineTransform_float_3_3
Parameters: 0.999998 0.00111869 0.00170524 -0.00111531 0.999998 -0.00157691 -0.00170676 0.00157509 0.999998 -0.200948 0.281252 0.521608
FixedParameters: 0 0 0

#Transform 56
Transform: AffineTransform_float_3_3
Parameters: 0.999998 0.00111959 0.00178475 -0.00111541 0.999998 -0.002012 -0.00178725 0.00201 0.999997 -0.195637 0.364245 0.598789
FixedParameters: 0 0 0

#Transform 57
Transform: AffineTransform_float_3_3
Parameters: 0.999997 0.00145893 0.0015955 -0.00145407 0.999994 -0.00308733 -0.0015995 0.00308567 0.999994 -0.203597 0.334662 0.506828
FixedParameters: 0 0 0

#Transform 58
Transform: AffineTransform_float_3_3
Parameters: 0.999998 0.000564395 0.0018841 -0.000558602 0.999994 -0.00339306 -0.00188691 0.00339194 0.999993 -0.137035 0.418423 0.718526
FixedParameters: 0 0 0

#Transform 59
Transform: AffineTransform_float_3_3
Parameters: 0.999998 0.00103198 0.00184356 -0.00102402 0.99999 -0.0043229 -0.00184844 0.0043211 0.999989 -0.127894 0.409463 0.61926
FixedParameters: 0 0 0

#Transform 60
Transform: AffineTransform_float_3_3
Parameters: 0.999997 0.000925165 0.0023404 -0.000915832 0.999992 -0.00391415 -0.0023446 0.00391184 0.999989 -0.112893 0.414029 0.716874
FixedParameters: 0 0 0

#Transform 61
Transform: AffineTransform_float_3_3
Parameters: 0.999996 0.00134894 0.00241993 -0.00133806 0.999989 -0.00451825 -0.00242607 0.00451474 0.999987 -0.123261 0.456847 0.727688
FixedParameters: 0 0 0

#Transform 62
Transform: AffineTransform_float_3_3
Parameters: 0.999995 0.00180365 0.00253245 -0.00179236 0.99999 -0.00419856 -0.00254054 0.00419444 0.999988 -0.193492 0.368574 0.491559
FixedParameters: 0 0 0

#Transform 63
Transform: AffineTransform_float_3_3
Parameters: 0.999996 0.00132273 0.0025089 -0.00131227 0.999991 -0.00387531 -0.0025141 0.00387269 0.99999 -0.15883 0.384368 0.705774
FixedParameters: 0 0 0

#Transform 64
Transform: AffineTransform_float_3_3
Parameters: 0.999997 0.00123681 0.00240096 -0.00122519 0.999987 -0.00491296 -0.00240705 0.00491004 0.999985 -0.128439 0.45086 0.633018
FixedParameters: 0 0 0

#Transform 65
Transform: AffineTransform_float_3_3
Parameters: 0.999997 0.0015233 0.0022397 -0.00151371 0.999991 -0.00414741 -0.00224529 0.0041436 0.999989 -0.156164 0.376886 0.570584
FixedParameters: 0 0 0

#Transform 66
Transform: AffineTransform_float_3_3
Parameters: 0.999998 0.00112913 0.00157563 -0.00112287 0.999992 -0.00388478 -0.00157937 0.00388322 0.999991 -0.177409 0.38272 0.588417
FixedParameters: 0 0 0

#Transform 67
Transform: AffineTransform_float_3_3
Parameters: 0.999995 0.00140033 0.00274725 -0.00138967 0.99999 -0.00412183 -0.00275275 0.00411816 0.999987 -0.0671453 0.351181 0.426783
FixedParameters: 0 0 0

#Transform 68
Transform: AffineTransform_float_3_3
Parameters: 0.99999 0.00145588 0.00425659 -0.00143713 0.999989 -0.00443416 -0.00426241 0.00442784 0.999981 -0.0261191 0.425632 0.768449
FixedParameters: 0 0 0

#Transform 69
Transform: AffineTransform_float_3_3
Parameters: 0.999983 0.00174698 0.0054655 -0.00171702 0.999984 -0.00548548 -0.00547449 0.00547553 0.99997 -0.0330947 0.512309 0.781703
FixedParameters: 0 0 0

#Transform 70
Transform: AffineTransform_float_3_3
Parameters: 0.99999 0.00180049 0.00407858 -0.00177951 0.999985 -0.00526731 -0.00408742 0.00525969 0.999978 -0.0600011 0.456435 0.619425
FixedParameters: 0 0 0

#Transform 71
Transform: AffineTransform_float_3_3
Parameters: 0.999987 0.00172515 0.00483946 -0.00170085 0.999986 -0.0049903 -0.00484754 0.0049817 0.999976 -0.0468813 0.47242 0.845325
FixedParameters: 0 0 0

#Transform 72
Transform: AffineTransform_float_3_3
Parameters: 0.99999 0.00172353 0.00412165 -0.00170047 0.999983 -0.00546406 -0.00413135 0.00545693 0.999976 -0.0691324 0.465828 0.657914
FixedParameters: 0 0 0

#Transform 73
Transform: AffineTransform_float_3_3
Parameters: 0.99999 0.00156799 0.00415288 -0.00154901 0.999989 -0.00457248 -0.00416012 0.00456652 0.999981 -0.0496144 0.474655 0.832163
FixedParameters: 0 0 0

#Transform 74
Transform: AffineTransform_float_3_3
Parameters: 0.999987 0.00166992 0.00483845 -0.00164208 0.999982 -0.00576902 -0.00484755 0.00576098 0.999971 -0.0656186 0.4921 0.768864
FixedParameters: 0 0 0

#Transform 75
Transform: AffineTransform_float_3_3
Parameters: 0.999987 0.00171509 0.00483848 -0.00168791 0.999983 -0.00559724 -0.00484751 0.00558876 0.999972 -0.0516987 0.492637 0.851598
FixedParameters: 0 0 0

#Transform 76
Transform: AffineTransform_float_3_3
Parameters: 0.999987 0.00145365 0.00483978 -0.00142535 0.999982 -0.00571097 -0.00484822 0.00570402 0.999972 -0.0457587 0.489067 0.827718
FixedParameters: 0 0 0

#Transform 77
Transform: AffineTransform_float_3_3
Parameters: 0.999987 0.00195898 0.00470846 -0.00193103 0.999981 -0.00593917 -0.00471955 0.00593084 0.999972 -0.0884875 0.460272 0.664673
FixedParameters: 0 0 0

#Transform 78
Transform: AffineTransform_float_3_3
Parameters: 0.99999 0.00125652 0.00441181 -0.00123049 0.999982 -0.00578148 -0.00441819 0.0057765 0.999973 -0.0501987 0.460363 0.853722
FixedParameters: 0 0 0

#Transform 79
Transform: AffineTransform_float_3_3
Parameters: 0.999987 0.00158598 0.00482428 -0.00155301 0.999976 -0.00683258 -0.00483572 0.00682542 0.999965 -0.0411901 0.512211 0.768381
FixedParameters: 0 0 0

#Transform 80
Transform: AffineTransform_float_3_3
Parameters: 0.999989 0.00125767 0.00457274 -0.00123133 0.999982 -0.00583069 -0.00458025 0.0058253 0.999972 -0.0539543 0.478562 0.865261
FixedParameters: 0 0 0

#Transform 81
Transform: AffineTransform_float_3_3
Parameters: 0.999984 0.00171577 0.00551831 -0.00168023 0.999979 -0.00629838 -0.00552969 0.00628962 0.999965 -0.0488357 0.505401 0.823031
FixedParameters: 0 0 0

#Transform 82
Transform: AffineTransform_float_3_3
Parameters: 0.999986 0.00177599 0.00497801 -0.00174202 0.999975 -0.00682277 -0.00499 0.00681424 0.999965 -0.0369371 0.474553 0.669958
FixedParameters: 0 0 0

#Transform 83
Transform: AffineTransform_float_3_3
Parameters: 0.999984 0.0016505 0.0055191 -0.00161649 0.999981 -0.00606903 -0.00552991 0.00605998 0.999967 -0.0389103 0.450686 0.773363
FixedParameters: 0 0 0

#Transform 84
Transform: AffineTransform_float_3_3
Parameters: 0.999986 0.00176104 0.00513546 -0.00172996 0.99998 -0.00604297 -0.00514554 0.00603403 0.999968 -0.081618 0.487811 0.834552
FixedParameters: 0 0 0

#Transform 85
Transform: AffineTransform_float_3_3
Parameters: 0.999986 0.00118868 0.00512298 -0.00115832 0.999982 -0.00598802 -0.00513003 0.00598199 0.999969 -0.0670833 0.506981 0.85783
FixedParameters: 0 0 0

#Transform 86
Transform: AffineTransform_float_3_3
Parameters: 0.999986 0.00141774 0.00509882 -0.00138826 0.999982 -0.00583116 -0.00510718 0.00582384 0.99997 -0.064571 0.476042 0.799444
FixedParameters: 0 0 0

#Transform 87
Transform: AffineTransform_float_3_3
Parameters: 0.99999 0.00128985 0.00433426 -0.00126715 0.999986 -0.00527055 -0.00434173 0.00526445 0.999976 -0.0573302 0.429607 0.73999
FixedParameters: 0 0 0

#Transform 88
Transform: AffineTransform_float_3_3
Parameters: 0.999989 0.00139897 0.00436476 -0.00137302 0.999982 -0.00594806 -0.00437324 0.00594195 0.999973 -0.0384025 0.448831 0.523684
FixedParameters: 0 0 0

#Transform 89
Transform: AffineTransform_float_3_3
Parameters: 0.999992 0.00142828 0.00389107 -0.00141273 0.999991 -0.00418153 -0.00389694 0.00417647 0.999983 -0.0311395 0.339418 0.557863
FixedParameters: 0 0 0

#Transform 90
Transform: AffineTransform_float_3_3
Parameters: 0.999992 0.00128334 0.00378583 -0.00126766 0.999991 -0.00405083 -0.00379116 0.00404617 0.999984 -0.00967296 0.330906 0.570576
FixedParameters: 0 0 0

#Transform 91
Transform: AffineTransform_float_3_3
Parameters: 0.999992 0.00128695 0.00378461 -0.00126805 0.999986 -0.00500484 -0.00379039 0.00500016 0.999981 -0.00785154 0.365333 0.43176
FixedParameters: 0 0 0

#Transform 92
Transform: AffineTransform_float_3_3
Parameters: 0.999992 0.0016749 0.00378401 -0.0016591 0.99999 -0.00420031 -0.003791 0.00419469 0.999984 -0.0180298 0.28172 0.523655
FixedParameters: 0 0 0

#Transform 93
Transform: AffineTransform_float_3_3
Parameters: 0.999992 0.00155712 0.00369667 -0.00154188 0.999991 -0.00408973 -0.00370233 0.00408427 0.999985 -0.0213591 0.293055 0.575152
FixedParameters: 0 0 0

#Transform 94
Transform: AffineTransform_float_3_3
Parameters: 0.999993 0.00157278 0.00358812 -0.00155722 0.999989 -0.00439662 -0.00359588 0.00439138 0.999984 -0.0270732 0.34177 0.485218
FixedParameters: 0 0 0

#Transform 95
Transform: AffineTransform_float_3_3
Parameters: 0.999993 0.00156899 0.00333285 -0.00155801 0.999994 -0.00329622 -0.00333815 0.00329079 0.999989 -0.0311091 0.319699 0.58928
FixedParameters: 0 0 0

#Transform 96
Transform: AffineTransform_float_3_3
Parameters: 0.999993 0.0014317 0.00351645 -0.0014183 0.999992 -0.00389602 -0.00352155 0.00389099 0.999986 -0.0260014 0.338807 0.595171
FixedParameters: 0 0 0

#Transform 97
Transform: AffineTransform_float_3_3
Parameters: 0.999992 0.00118844 0.00378557 -0.00117056 0.999988 -0.00460547 -0.00379043 0.00460153 0.999982 -0.00427059 0.366017 0.508291
FixedParameters: 0 0 0

#Transform 98
Transform: AffineTransform_float_3_3
Parameters: 0.999992 0.00118612 0.0037863 -0.00117089 0.999992 -0.00399147 -0.0037907 0.00398754 0.999985 0.0272631 0.339621 0.628944
FixedParameters: 0 0 0

#Transform 99
Transform: AffineTransform_float_3_3
Parameters: 0.999988 0.00119227 0.0047437 -0.00117073 0.99999 -0.00448461 -0.00474829 0.00447839 0.999978 0.0201361 0.390778 0.7262
FixedParameters: 0 0 0

#Transform 100
Transform: AffineTransform_float_3_3
Parameters: 0.999989 0.00163976 0.0045148 -0.00161724 0.999986 -0.00504036 -0.0045222 0.00503264 0.999977 0.00760389 0.413058 0.620386
FixedParameters: 0 0 0

#Transform 101
Transform: AffineTransform_float_3_3
Parameters: 0.999987 0.00157985 0.00474177 -0.00155815 0.999988 -0.00460945 -0.00474822 0.00460156 0.999978 0.00464171 0.390644 0.738022
FixedParameters: 0 0 0

#Transform 102
Transform: AffineTransform_float_3_3
Parameters: 0.999988 0.00155801 0.00479495 -0.00153299 0.999985 -0.00521442 -0.00480305 0.00520658 0.999975 0.00088021 0.43966 0.77555
FixedParameters: 0 0 0

#Transform 103
Transform: AffineTransform_float_3_3
Parameters: 0.999988 0.0011962 0.00470567 -0.00117081 0.999985 -0.00535357 -0.00471133 0.00534843 0.999974 0.0214333 0.433951 0.739413
FixedParameters: 0 0 0

#Transform 104
Transform: AffineTransform_float_3_3
Parameters: 0.999986 0.00110596 0.00517869 -0.00107603 0.999982 -0.00578565 -0.00518531 0.00577934 0.99997 0.0256441 0.471862 0.826121
FixedParameters: 0 0 0

#Transform 105
Transform: AffineTransform_float_3_3
Parameters: 0.999987 0.00151887 0.00484535 -0.00149112 0.999983 -0.0057513 -0.00485465 0.0057437 0.999971 0.0204668 0.451536 0.728032
FixedParameters: 0 0 0

#Transform 106
Transform: AffineTransform_float_3_3
Parameters: 0.999985 0.00144058 0.00517713 -0.00141242 0.999984 -0.00552039 -0.00518487 0.00551261 0.999972 0.00690369 0.463272 0.831961
FixedParameters: 0 0 0

#Transform 107
Transform: AffineTransform_float_3_3
Parameters: 0.999987 0.00151855 0.00485817 -0.00149044 0.999981 -0.00587631 -0.00486784 0.00586868 0.999971 -0.0100968 0.481699 0.82087
FixedParameters: 0 0 0

#Transform 108
Transform: AffineTransform_float_3_3
Parameters: 0.999987 0.00155529 0.00483436 -0.00152471 0.999979 -0.00626245 -0.00484464 0.00625455 0.999968 0.019591 0.450723 0.62846
FixedParameters: 0 0 0

#Transform 109
Transform: AffineTransform_float_3_3
Parameters: 0.999988 0.00130914 0.00467458 -0.00128586 0.999987 -0.00495007 -0.00468042 0.00494393 0.999977 0.0180778 0.415878 0.788342
FixedParameters: 0 0 0

#Transform 110
Transform: AffineTransform_float_3_3
Parameters: 0.999983 0.00153634 0.00552064 -0.00150566 0.999984 -0.0054954 -0.00552835 0.00548659 0.999969 -9.58593e-05 0.472092 0.821937
FixedParameters: 0 0 0

#Transform 111
Transform: AffineTransform_float_3_3
Parameters: 0.999989 0.00159774 0.00453737 -0.00157327 0.999984 -0.0054502 -0.00454564 0.0054428 0.999975 0.0137603 0.440999 0.623475
FixedParameters: 0 0 0

#Transform 112
Transform: AffineTransform_float_3_3
Parameters: 0.999986 0.00119914 0.0052759 -0.00117185 0.999986 -0.00514526 -0.0052821 0.00513874 0.999973 0.0532352 0.438733 0.840067
FixedParameters: 0 0 0

#Transform 113
Transform: AffineTransform_float_3_3
Parameters: 0.999984 0.00161742 0.00530081 -0.00158658 0.999983 -0.0057385 -0.00531019 0.0057295 0.99997 0.0431288 0.492245 0.801651
FixedParameters: 0 0 0

#Transform 114
Transform: AffineTransform_float_3_3
Parameters: 0.999985 0.00167094 0.00508022 -0.00164405 0.999984 -0.00530343 -0.00508978 0.00529457 0.999973 0.0144707 0.455955 0.677877
FixedParameters: 0 0 0

#Transform 115
Transform: AffineTransform_float_3_3
Parameters: 0.999985 0.00178705 0.00529596 -0.00175696 0.999983 -0.00567239 -0.00530605 0.00566361 0.99997 0.0217259 0.447718 0.808393
FixedParameters: 0 0 0

#Transform 116
Transform: AffineTransform_float_3_3
Parameters: 0.999985 0.00186193 0.00501672 -0.00183406 0.999983 -0.00556728 -0.00502728 0.00555772 0.999972 -0.00196225 0.421464 0.569362
FixedParameters: 0 0 0

#Transform 117
Transform: AffineTransform_float_3_3
Parameters: 0.999983 0.00183025 0.00550303 -0.00179975 0.999984 -0.005497 -0.00551297 0.005487 0.999969 0.0133506 0.452084 0.833352
FixedParameters: 0 0 0

#Transform 118
Transform: AffineTransform_float_3_3
Parameters: 0.99998 0.001936 0.00600778 -0.00190399 0.999984 -0.00532854 -0.00601822 0.00531645 0.999968 -0.00494606 0.521998 0.793503
FixedParameters: 0 0 0

#Transform 119
Transform: AffineTransform_float_3_3
Parameters: 0.999981 0.00188945 0.00586 -0.00185455 0.999981 -0.00587898 -0.00587099 0.00586802 0.999965 -0.00265589 0.507795 0.871137
FixedParameters: 0 0 0

#Transform 120
Transform: AffineTransform_float_3_3
Parameters: 0.999981 0.0019175 0.00589926 -0.0018815 0.999979 -0.00618622 -0.00591174 0.00617478 0.999963 -0.0334074 0.531462 0.901382
FixedParameters: 0 0 0

#Transform 121
Transform: AffineTransform_float_3_3
Parameters: 0.999983 0.00174738 0.00568555 -0.00171262 0.999981 -0.00604584 -0.00569645 0.00603615 0.999965 0.0103164 0.466746 0.661428
FixedParameters: 0 0 0

#Transform 122
Transform: AffineTransform_float_3_3
Parameters: 0.999977 0.00176389 0.00666208 -0.00172611 0.999983 -0.00568863 -0.00667192 0.00567737 0.999961 -0.0102236 0.520684 0.940945
FixedParameters: 0 0 0

#Transform 123
Transform: AffineTransform_float_3_3
Parameters: 0.99998 0.00195064 0.00599953 -0.00191436 0.999981 -0.00594061 -0.00601047 0.0059284 0.999965 -0.0355785 0.51403 0.689483
FixedParameters: 0 0 0

#Transform 124
Transform: AffineTransform_float_3_3
Parameters: 0.999982 0.00139064 0.00585604 -0.00136036 0.999987 -0.00506206 -0.00586296 0.00505394 0.99997 0.0288138 0.451751 0.729436
FixedParameters: 0 0 0

#Transform 125
Transform: AffineTransform_float_3_3
Parameters: 0.999982 0.00175981 0.00585383 -0.00172819 0.999984 -0.00526421 -0.00586317 0.00525378 0.999969 0.0221055 0.502843 0.81377
FixedParameters: 0 0 0

#Transform 126
Transform: AffineTransform_float_3_3
Parameters: 0.999984 0.0015486 0.00545496 -0.00152039 0.999985 -0.00524438 -0.00546304 0.00523563 0.999972 0.0417575 0.480988 0.689931
FixedParameters: 0 0 0

#Transform 127
Transform: AffineTransform_float_3_3
Parameters: 0.999981 0.00175762 0.00589897 -0.00172639 0.999985 -0.00519028 -0.00590803 0.00518071 0.999969 -0.0159156 0.534725 0.96856
FixedParameters: 0 0 0

#Transform 128
Transform: AffineTransform_float_3_3
Parameters: 0.999983 0.00168051 0.00571268 -0.00164549 0.99998 -0.00621451 -0.00572333 0.0062045 0.999965 0.000519552 0.523974 0.754136
FixedParameters: 0 0 0

#Transform 129
Transform: AffineTransform_float_3_3
Parameters: 0.999983 0.00143505 0.00554831 -0.00140495 0.999985 -0.00541689 -0.00555568 0.00540912 0.99997 0.013391 0.471731 0.828666
FixedParameters: 0 0 0

#Transform 130
Transform: AffineTransform_float_3_3
Parameters: 0.999984 0.00150337 0.00536758 -0.00147263 0.999983 -0.00565699 -0.00537641 0.005649 0.999969 0.0113176 0.471536 0.656483
FixedParameters: 0 0 0

#Transform 131
Transform: AffineTransform_float_3_3
Parameters: 0.999985 0.000974711 0.00540543 -0.00094929 0.999988 -0.0047572 -0.00540957 0.0047518 0.999974 0.068207 0.475423 0.80371
FixedParameters: 0 0 0

#Transform 132
Transform: AffineTransform_float_3_3
Parameters: 0.999978 0.00176764 0.00638424 -0.00173136 0.999983 -0.00558418 -0.00639376 0.00557282 0.999964 -0.017222 0.558903 0.95782
FixedParameters: 0 0 0

#Transform 133
Transform: AffineTransform_float_3_3
Parameters: 0.999981 0.00183565 0.00600913 -0.00180335 0.999983 -0.00543394 -0.00601888 0.00542306 0.999967 0.0131691 0.50818 0.682329
FixedParameters: 0 0 0

#Transform 134
Transform: AffineTransform_float_3_3
Parameters: 0.999983 0.00150165 0.00550981 -0.00147535 0.999987 -0.00483721 -0.00551719 0.0048288 0.999973 0.023662 0.480262 0.818934
FixedParameters: 0 0 0

#Transform 135
Transform: AffineTransform_float_3_3
Parameters: 0.99998 0.00162023 0.00608852 -0.00158777 0.999984 -0.00529477 -0.00609749 0.00528523 0.999968 -0.0090592 0.531052 0.94772
FixedParameters: 0 0 0

#Transform 136
Transform: AffineTransform_float_3_3
Parameters: 0.999983 0.00166294 0.00548642 -0.00163106 0.999981 -0.00582204 -0.00549558 0.00581296 0.999968 -0.000505081 0.516979 0.722309
FixedParameters: 0 0 0

#Transform 137
Transform: AffineTransform_float_3_3
Parameters: 0.999984 0.00133007 0.0055934 -0.00130193 0.999986 -0.00501936 -0.0055996 0.00501163 0.999972 0.0615788 0.478548 0.79389
FixedParameters: 0 0 0

#Transform 138
Transform: AffineTransform_float_3_3
Parameters: 0.999979 0.0013871 0.00644255 -0.00135291 0.999984 -0.00544884 -0.00644947 0.00544018 0.999965 0.0881514 0.506956 0.945211
FixedParameters: 0 0 0

#Transform 139
Transform: AffineTransform_float_3_3
Parameters: 0.999976 0.00177594 0.00667023 -0.00173506 0.999979 -0.00613872 -0.00668077 0.00612628 0.999959 0.0194145 0.56059 0.879849
FixedParameters: 0 0 0

#Transform 140
Transform: AffineTransform_float_3_3
Parameters: 0.99998 0.0018201 0.00617619 -0.0017829 0.999981 -0.00600714 -0.00618781 0.00599586 0.999963 0.0211068 0.546389 0.910026
FixedParameters: 0 0 0

#Transform 141
Transform: AffineTransform_float_3_3
Parameters: 0.999973 0.00192236 0.00717605 -0.00188064 0.999981 -0.00576565 -0.00718695 0.00575234 0.999957 -0.0136917 0.581826 1.05192
FixedParameters: 0 0 0

#Transform 142
Transform: AffineTransform_float_3_3
Parameters: 0.999972 0.00202305 0.00718063 -0.00197594 0.999975 -0.00669337 -0.00719437 0.00667863 0.999952 0.0149196 0.605033 0.885412
FixedParameters: 0 0 0

#Transform 143
Transform: AffineTransform_float_3_3
Parameters: 0.999978 0.00172559 0.0064353 -0.00168941 0.999983 -0.005687 -0.0064447 0.00567601 0.999963 0.0444446 0.547465 0.841943
FixedParameters: 0 0 0

#Transform 144
Transform: AffineTransform_float_3_3
Parameters: 0.999974 0.00153411 0.00702136 -0.00149489 0.999982 -0.00571464 -0.00702965 0.00570336 0.999959 0.0646301 0.537452 0.991493
FixedParameters: 0 0 0

#Transform 145
Transform: AffineTransform_float_3_3
Parameters: 0.999975 0.0017909 0.00685894 -0.00174811 0.999979 -0.00625415 -0.00687006 0.00624285 0.999957 0.0239034 0.599712 0.90657
FixedParameters: 0 0 0

#Transform 146
Transform: AffineTransform_float_3_3
Parameters: 0.999978 0.00165749 0.00642143 -0.00161551 0.999978 -0.00646051 -0.00643256 0.00645048 0.999958 0.0284041 0.536255 0.854206
FixedParameters: 0 0 0

#Transform 147
Transform: AffineTransform_float_3_3
Parameters: 0.999973 0.00181607 0.00702826 -0.00177393 0.99998 -0.00598762 -0.00703874 0.00597537 0.999958 0.031053 0.573548 1.03594
FixedParameters: 0 0 0

#Transform 148
Transform: AffineTransform_float_3_3
Parameters: 0.999972 0.00200874 0.00728428 -0.00196227 0.999978 -0.00641748 -0.00729673 0.00640353 0.999953 0.0143104 0.602359 0.928062
FixedParameters: 0 0 0

#Transform 149
Transform: AffineTransform_float_3_3
Parameters: 0.999975 0.00183287 0.00683839 -0.00178914 0.999978 -0.00641539 -0.00684961 0.00640361 0.999956 0.0496366 0.558138 0.881068
FixedParameters: 0 0 0

#Transform 150
Transform: AffineTransform_float_3_3
Parameters: 0.999971 0.00187751 0.00737106 -0.00183449 0.999981 -0.00590569 -0.00738195 0.00589131 0.999956 0.0364946 0.582178 1.01683
FixedParameters: 0 0 0

#Transform 151
Transform: AffineTransform_float_3_3
Parameters: 0.999973 0.00211309 0.0071212 -0.00206592 0.999976 -0.00661289 -0.0071348 0.0065981 0.999953 0.0290523 0.567475 0.803435
FixedParameters: 0 0 0

#Transform 152
Transform: AffineTransform_float_3_3
Parameters: 0.999975 0.00201129 0.00685045 -0.0019747 0.999984 -0.00530066 -0.00686155 0.00528633 0.999962 0.060408 0.521939 0.827709
FixedParameters: 0 0 0

#Transform 153
Transform: AffineTransform_float_3_3
Parameters: 0.999974 0.00195441 0.00685906 -0.00191259 0.999979 -0.00618428 -0.00687095 0.00617073 0.999958 0.0575587 0.538187 0.798563
FixedParameters: 0 0 0

#Transform 154
Transform: AffineTransform_float_3_3
Parameters: 0.999973 0.00204351 0.00707001 -0.0019975 0.999978 -0.0064373 -0.00708299 0.0064237 0.999955 0.0405731 0.498073 0.882536
FixedParameters: 0 0 0

#Transform 155
Transform: AffineTransform_float_3_3
Parameters: 0.999971 0.00202454 0.00732438 -0.00198146 0.999981 -0.00581068 -0.00733662 0.00579532 0.999957 0.00748173 0.583589 0.904328
FixedParameters: 0 0 0

#Transform 156
Transform: AffineTransform_float_3_3
Parameters: 0.999975 0.00188782 0.0067418 -0.00185118 0.999984 -0.00546362 -0.0067512 0.00545039 0.999963 0.0622957 0.526836 0.840526
FixedParameters: 0 0 0

#Transform 157
Transform: AffineTransform_float_3_3
Parameters: 0.999973 0.00202671 0.00705815 -0.00198429 0.99998 -0.00591216 -0.00706984 0.00589783 0.999957 0.0561317 0.55127 0.991167
FixedParameters: 0 0 0

#Transform 158
Transform: AffineTransform_float_3_3
Parameters: 0.999971 0.00211016 0.00722081 -0.00206084 0.999974 -0.00680907 -0.00723418 0.00679392 0.999951 0.0418148 0.542543 0.790378
FixedParameters: 0 0 0

#Transform 159
Transform: AffineTransform_float_3_3
Parameters: 0.99997 0.00221936 0.00739601 -0.00217864 0.999982 -0.00546027 -0.00740799 0.00544472 0.999957 0.0378665 0.553581 1.02551
FixedParameters: 0 0 0

#Transform 160
Transform: AffineTransform_float_3_3
Parameters: 0.99997 0.00232141 0.00746573 -0.00227559 0.999978 -0.00621918 -0.00748028 0.00620182 0.999953 0.0261533 0.594936 0.933908
FixedParameters: 0 0 0

#Transform 161
Transform: AffineTransform_float_3_3
Parameters: 0.999973 0.00215031 0.00712119 -0.00210369 0.999976 -0.00650416 -0.00713482 0.00648884 0.999954 0.0509979 0.563635 0.921981
FixedParameters: 0 0 0

#Transform 162
Transform: AffineTransform_float_3_3
Parameters: 0.999965 0.00224198 0.00799487 -0.00219102 0.999977 -0.00637974 -0.00800912 0.00636226 0.999947 0.0103659 0.582682 1.07043
FixedParameters: 0 0 0

#Transform 163
Transform: AffineTransform_float_3_3
Parameters: 0.999968 0.00215005 0.00770466 -0.00209796 0.999975 -0.00675638 -0.00771933 0.00674062 0.999947 0.0259321 0.627459 0.891604
FixedParameters: 0 0 0

#Transform 164
Transform: AffineTransform_float_3_3
Parameters: 0.99997 0.00172267 0.00764808 -0.00167833 0.999982 -0.00584302 -0.00765793 0.00582999 0.999953 0.0885202 0.590042 1.01523
FixedParameters: 0 0 0

#Transform 165
Transform: AffineTransform_float_3_3
Parameters: 0.99997 0.00202283 0.00740103 -0.00197118 0.999974 -0.0070028 -0.00741497 0.00698821 0.999948 0.0416048 0.616187 0.885993
FixedParameters: 0 0 0

#Transform 166
Transform: AffineTransform_float_3_3
Parameters: 0.999969 0.00198954 0.00752759 -0.00194146 0.999978 -0.00631681 -0.0075404 0.00630219 0.999951 0.0472554 0.578054 0.990107
FixedParameters: 0 0 0

#Transform 167
Transform: AffineTransform_float_3_3
Parameters: 0.999968 0.00226444 0.0076846 -0.00221456 0.999977 -0.00643622 -0.00769839 0.00641877 0.99995 0.0114587 0.603736 1.06611
FixedParameters: 0 0 0

#Transform 168
Transform: AffineTransform_float_3_3
Parameters: 0.999971 0.00182745 0.00737144 -0.00177555 0.999974 -0.00698029 -0.00738457 0.00696671 0.999949 0.0444308 0.619986 0.90423
FixedParameters: 0 0 0

#Transform 169
Transform: AffineTransform_float_3_3
Parameters: 0.999967 0.00211716 0.00786967 -0.00206784 0.999977 -0.00637648 -0.00788333 0.00636052 0.999948 0.0433566 0.586403 1.07248
FixedParameters: 0 0 0

#Transform 170
Transform: AffineTransform_float_3_3
Parameters: 0.999969 0.00203888 0.00770071 -0.00198812 0.999976 -0.00660952 -0.00771429 0.00659348 0.999948 0.032246 0.635104 1.08269
FixedParameters: 0 0 0

#Transform 171
Transform: AffineTransform_float_3_3
Parameters: 0.999969 0.00214345 0.00766744 -0.00208755 0.99997 -0.00736323 -0.00768256 0.00734676 0.999943 0.0651865 0.609004 0.961466
FixedParameters: 0 0 0

#Transform 172
Transform: AffineTransform_float_3_3
Parameters: 0.999967 0.00216554 0.00782072 -0.00211746 0.999979 -0.00620977 -0.00783328 0.00619324 0.99995 0.083287 0.612064 1.03539
FixedParameters: 0 0 0

#Transform 173
Transform: AffineTransform_float_3_3
Parameters: 0.999966 0.00213127 0.00789645 -0.00206873 0.999967 -0.0078856 -0.00791254 0.0078694 0.999937 0.0551442 0.601051 0.820905
FixedParameters: 0 0 0

#Transform 174
Transform: AffineTransform_float_3_3
Parameters: 0.999967 0.00219982 0.00790457 -0.00215118 0.999978 -0.00618021 -0.00791743 0.00616279 0.999949 0.0904968 0.53955 0.957456
FixedParameters: 0 0 0

#Transform 175
Transform: AffineTransform_float_3_3
Parameters: 0.999968 0.00202485 0.007662 -0.00197515 0.999977 -0.00650834 -0.007675 0.00649267 0.99995 0.0774709 0.585541 1.07209
FixedParameters: 0 0 0

#Transform 176
Transform: AffineTransform_float_3_3
Parameters: 0.999969 0.00218891 0.00759667 -0.0021351 0.999972 -0.00709644 -0.00761132 0.00708056 0.999946 0.0709818 0.610796 0.912871
FixedParameters: 0 0 0

#Transform 177
Transform: AffineTransform_float_3_3
Parameters: 0.999969 0.0019067 0.00765455 -0.0018563 0.999977 -0.00662542 -0.00766745 0.00661059 0.999949 0.101882 0.568563 1.0329
FixedParameters: 0 0 0

#Transform 178
Transform: AffineTransform_float_3_3
Parameters: 0.999968 0.00190644 0.00778658 -0.00185455 0.999977 -0.00660865 -0.00779941 0.00659334 0.999948 0.0903309 0.598238 1.01894
FixedParameters: 0 0 0

#Transform 179
Transform: AffineTransform_float_3_3
Parameters: 0.999968 0.00199734 0.00777324 -0.00194366 0.999973 -0.00699233 -0.00778677 0.00697667 0.999946 0.0953862 0.601529 1.03992
FixedParameters: 0 0 0

#Transform 180
Transform: AffineTransform_float_3_3
Parameters: 0.99997 0.00206429 0.00745326 -0.00201371 0.999975 -0.00674821 -0.00746775 0.00673279 0.99995 0.0734867 0.625436 1.0546
FixedParameters: 0 0 0

#Transform 181
Transform: AffineTransform_float_3_3
Parameters: 0.999967 0.00200514 0.00780579 -0.00194886 0.999972 -0.00719345 -0.0078202 0.00717755 0.999943 0.0967733 0.605991 1.01704
FixedParameters: 0 0 0

#Transform 182
Transform: AffineTransform_float_3_3
Parameters: 0.999969 0.00193295 0.00760449 -0.00187805 0.999973 -0.0070955 -0.0076175 0.00708049 0.999946 0.0748622 0.596614 1.08682
FixedParameters: 0 0 0

#Transform 183
Transform: AffineTransform_float_3_3
Parameters: 0.999968 0.00206121 0.00763926 -0.00200178 0.999968 -0.00775153 -0.00765473 0.00773546 0.999941 0.0860146 0.624481 0.99783
FixedParameters: 0 0 0

#Transform 184
Transform: AffineTransform_float_3_3
Parameters: 0.999966 0.00182171 0.00798616 -0.00176828 0.999976 -0.00660334 -0.00799784 0.00658865 0.999947 0.0884997 0.597851 1.10366
FixedParameters: 0 0 0

#Transform 185
Transform: AffineTransform_float_3_3
Parameters: 0.999965 0.00217739 0.00810305 -0.0021216 0.999973 -0.00696243 -0.00811795 0.00694456 0.999943 0.0635035 0.614002 1.11547
FixedParameters: 0 0 0

#Transform 186
Transform: AffineTransform_float_3_3
Parameters: 0.999966 0.00212569 0.00789264 -0.00206431 0.999968 -0.00781556 -0.00790936 0.00779945 0.999939 0.072971 0.627647 0.959039
FixedParameters: 0 0 0

#Transform 187
Transform: AffineTransform_float_3_3
Parameters: 0.999964 0.0021617 0.00818976 -0.0021073 0.999976 -0.0066815 -0.00820425 0.00666451 0.999944 0.0872628 0.596726 1.08656
FixedParameters: 0 0 0

#Transform 188
Transform: AffineTransform_float_3_3
Parameters: 0.999963 0.0020934 0.00832407 -0.0020296 0.999968 -0.00773718 -0.00833994 0.00771983 0.999936 0.0512432 0.629054 1.07218
FixedParameters: 0 0 0

#Transform 189
Transform: AffineTransform_float_3_3
Parameters: 0.999967 0.00222689 0.0079041 -0.00216611 0.999968 -0.00770438 -0.00792091 0.00768662 0.999939 0.0746831 0.634595 0.993362
FixedParameters: 0 0 0

#Transform 190
Transform: AffineTransform_float_3_3
Parameters: 0.999964 0.00217169 0.00817241 -0.00211631 0.999975 -0.00681755 -0.0081866 0.00679947 0.999944 0.0566669 0.616901 1.14295
FixedParameters: 0 0 0

