# transform file /out/sourcedata/freesurfer/sub-v2s17x50027_ses-1/mri/transforms/cc_up.lta
# created by oesteban on Wed Mar 11 14:38:24 2026

type      = 0 # LINEAR_VOX_TO_VOX
nxforms   = 1
mean      = 130.0000 121.0000 113.0000
sigma     = 10000.0000
1 4 4
9.936224222183228e-01 -1.021643951535225e-01 4.771718382835388e-02 7.334945678710938e+00 
1.020467951893806e-01 9.947674870491028e-01 4.900639876723289e-03 1.397352695465088e+01 
-4.796817898750305e-02 0.000000000000000e+00 9.988489151000977e-01 2.524603462219238e+01 
0.000000000000000e+00 0.000000000000000e+00 0.000000000000000e+00 1.000000000000000e+00 
src volume info
valid = 1  # volume info valid
filename = /out/sourcedata/freesurfer/sub-v2s17x50027_ses-1/mri/norm.mgz
volume = 256 256 256
voxelsize = 1.000000000000000e+00 1.000000000000000e+00 1.000000000000000e+00
xras   = -9.999999403953552e-01 0.000000000000000e+00 0.000000000000000e+00
yras   = 0.000000000000000e+00 0.000000000000000e+00 -9.999999403953552e-01
zras   = 0.000000000000000e+00 9.999999403953552e-01 0.000000000000000e+00
cras   = 3.430580139160156e+00 -5.457702636718750e+00 -2.498310852050781e+01
dst volume info
valid = 1  # volume info valid
filename = /out/sourcedata/freesurfer/sub-v2s17x50027_ses-1/mri/norm.mgz
volume = 256 256 256
voxelsize = 1.000000000000000e+00 1.000000000000000e+00 1.000000000000000e+00
xras   = -9.999999403953552e-01 0.000000000000000e+00 0.000000000000000e+00
yras   = 0.000000000000000e+00 0.000000000000000e+00 -9.999999403953552e-01
zras   = 0.000000000000000e+00 9.999999403953552e-01 0.000000000000000e+00
cras   = 3.430580139160156e+00 -5.457702636718750e+00 -2.498310852050781e+01
