#Insight Transform File V1.0
#Transform 0
Transform: AffineTransform_float_3_3
Parameters: 1 -8.2688e-08 0.000323 -8.2688e-08 1 0.000256 -0.000323 -0.000256 1 -0.0757802 0.0227845 0.134638
FixedParameters: 0 0 0

#Transform 1
Transform: AffineTransform_float_3_3
Parameters: 1 0.000336331 -0.000363694 -0.000335668 0.999999 0.000910121 0.000364306 -0.000910877 0.999999 -0.0687532 -0.0555554 0.324435
FixedParameters: 0 0 0

#Transform 2
Transform: AffineTransform_float_3_3
Parameters: 1 9.06507e-06 0.000198997 -8.93493e-06 1 -0.000327002 -0.000199003 0.000326998 1 -0.0551153 0.0772225 0.213637
FixedParameters: 0 0 0

#Transform 3
Transform: AffineTransform_float_3_3
Parameters: 1 -0.000147266 0.000486919 0.000146735 1 0.000546071 -0.00048608 -0.000545928 0.999999 -0.0758844 -0.0320666 0.320831
FixedParameters: 0 0 0

#Transform 4
Transform: AffineTransform_float_3_3
Parameters: 1 0.00097402 0.000636969 -0.000973979 0.999999 -3.26204e-05 -0.000637031 3.13795e-05 1 -0.0960236 0.1091 0.0796267
FixedParameters: 0 0 0

#Transform 5
Transform: AffineTransform_float_3_3
Parameters: 0.999998 0.00138565 -0.00180627 -0.00138636 0.999999 -0.000195496 0.00180673 0.000197504 0.999999 -0.132632 0.030621 0.628208
FixedParameters: 0 0 0

#Transform 6
Transform: AffineTransform_float_3_3
Parameters: 0.999996 0.00201731 -0.00227908 -0.00201369 0.999997 0.0014536 0.00228193 -0.0014484 0.999997 -0.128988 0.130571 0.340595
FixedParameters: 0 0 0

#Transform 7
Transform: AffineTransform_float_3_3
Parameters: 0.999991 0.00212886 -0.00372322 -0.00213114 0.999998 -0.000571071 0.00372177 0.000578929 0.999993 -0.113435 0.112711 0.455951
FixedParameters: 0 0 0

#Transform 8
Transform: AffineTransform_float_3_3
Parameters: 0.999987 0.00237714 -0.00455436 -0.00237386 0.999997 0.000694821 0.00455664 -0.000684177 0.99999 -0.117428 0.124919 0.623959
FixedParameters: 0 0 0

#Transform 9
Transform: AffineTransform_float_3_3
Parameters: 0.999996 0.00147023 -0.00245086 -0.00147077 0.999999 9.3605e-05 0.00245114 -9.03966e-05 0.999997 -0.0799492 0.19415 0.397366
FixedParameters: 0 0 0

#Transform 10
Transform: AffineTransform_float_3_3
Parameters: 0.999999 0.000718175 -0.00105188 -0.000717825 0.999999 0.000166755 0.00105212 -0.000166245 1 -0.0743334 0.148204 0.578474
FixedParameters: 0 0 0

#Transform 11
Transform: AffineTransform_float_3_3
Parameters: 0.999999 0.000336543 -0.00105183 -0.000336456 1 0.000517354 0.00105217 -0.000516646 1 -0.00773295 0.117922 0.364699
FixedParameters: 0 0 0

#Transform 12
Transform: AffineTransform_float_3_3
Parameters: 1 0.000252241 -0.00105194 -0.000252759 1 0.000229266 0.00105206 -0.000228735 1 0.0179825 0.121122 0.196342
FixedParameters: 0 0 0

#Transform 13
Transform: AffineTransform_float_3_3
Parameters: 1 -0.000406644 -0.000401361 0.000406356 0.999999 0.000886836 0.00040164 -0.000886163 0.999999 0.0420421 0.0354564 0.304751
FixedParameters: 0 0 0

#Transform 14
Transform: AffineTransform_float_3_3
Parameters: 0.999999 -0.000720276 -0.000208046 0.000720724 0.999999 -0.00132415 0.000208954 0.00132385 0.999999 0.0854666 0.150396 0.104484
FixedParameters: 0 0 0

#Transform 15
Transform: AffineTransform_float_3_3
Parameters: 1 -0.00112699 3.02198e-05 0.00112701 1 -0.000194966 -3.07802e-05 0.000195035 1 0.0903392 0.0245204 0.156376
FixedParameters: 0 0 0

#Transform 16
Transform: AffineTransform_float_3_3
Parameters: 0.999999 -0.000712987 3.02866e-05 0.000713012 0.999999 -0.000401978 -3.07134e-05 0.000402022 1 0.0423831 0.0537177 -0.112938
FixedParameters: 0 0 0

#Transform 17
Transform: AffineTransform_float_3_3
Parameters: 1 -0.000173011 2.99384e-05 0.000172989 1 0.000356005 -3.00616e-05 -0.000355995 1 -0.0212354 0.0805978 -0.280827
FixedParameters: 0 0 0

#Transform 18
Transform: AffineTransform_float_3_3
Parameters: 1 -0.000246983 3.01376e-05 0.000247017 1 -0.000556992 -3.08624e-05 0.000557007 1 0.0275733 0.0446146 -0.26062
FixedParameters: 0 0 0

#Transform 19
Transform: AffineTransform_float_3_3
Parameters: 1 -0.00016901 2.99408e-05 0.000168989 1 0.000350005 -3.00591e-05 -0.000349995 1 0.0260897 0.0283148 -0.131251
FixedParameters: 0 0 0

#Transform 20
Transform: AffineTransform_float_3_3
Parameters: 1 -0.000137835 -0.00019012 0.000138165 0.999999 0.000867973 0.00018988 -0.000868026 0.999999 0.0129564 -0.00500725 -0.0236617
FixedParameters: 0 0 0

#Transform 21
Transform: AffineTransform_float_3_3
Parameters: 1 -0.00014798 3.00968e-05 0.00014802 1 -0.000653995 -3.09032e-05 0.000654004 1 -0.0113149 0.102563 -0.184234
FixedParameters: 0 0 0

#Transform 22
Transform: AffineTransform_float_3_3
Parameters: 1 0.000102231 0.000476165 -0.000102769 0.999998 0.00161495 -0.000475834 -0.00161505 0.999998 -0.0776575 -0.0346323 0.038522
FixedParameters: 0 0 0

#Transform 23
Transform: AffineTransform_float_3_3
Parameters: 1 -0.000167831 0.000328086 0.000168169 1 -0.000513945 -0.000327914 0.000514055 1 -0.0398628 0.0829193 -0.158482
FixedParameters: 0 0 0

#Transform 24
Transform: AffineTransform_float_3_3
Parameters: 1 0.000253477 0.000576791 -0.000252523 0.999999 -0.000827146 -0.000576209 0.000826854 1 -0.101831 0.0547939 0.207799
FixedParameters: 0 0 0

#Transform 25
Transform: AffineTransform_float_3_3
Parameters: 1 0.000253915 0.000570593 -0.000253084 0.999998 -0.00160414 -0.000571406 0.00160385 0.999998 -0.114647 0.105312 0.142716
FixedParameters: 0 0 0

#Transform 26
Transform: AffineTransform_float_3_3
Parameters: 0.999999 0.000981897 0.00077513 -0.000982103 0.999999 0.000132239 -0.00077487 -0.000132761 0.999999 -0.222029 0.082986 0.214835
FixedParameters: 0 0 0

#Transform 27
Transform: AffineTransform_float_3_3
Parameters: 1 0.000447427 0.00106124 -0.000448573 1 0.000539524 -0.00106176 -0.000540475 1 -0.176775 0.0687068 0.0859048
FixedParameters: 0 0 0

#Transform 28
Transform: AffineTransform_float_3_3
Parameters: 1 0.000685252 0.000786781 -0.000684748 0.999999 -0.000320539 -0.00078722 0.000320461 0.999999 -0.162167 0.0444567 -0.12005
FixedParameters: 0 0 0

#Transform 29
Transform: AffineTransform_float_3_3
Parameters: 0.999998 0.000293347 0.00157531 -0.000294653 1 0.00104854 -0.00157569 -0.00104946 0.999998 -0.137403 -0.0138395 0.0225163
FixedParameters: 0 0 0

#Transform 30
Transform: AffineTransform_float_3_3
Parameters: 0.999999 -0.000123629 0.00182009 0.000125372 0.999999 -0.000753773 -0.00181991 0.000753226 0.999998 -0.133919 0.0459681 0.0301606
FixedParameters: 0 0 0

#Transform 31
Transform: AffineTransform_float_3_3
Parameters: 0.999997 -0.000235004 0.00241 0.000234997 1 1.56635e-06 -0.00241 -1.43364e-06 0.999997 -0.143472 -0.00986755 -0.0150125
FixedParameters: 0 0 0

#Transform 32
Transform: AffineTransform_float_3_3
Parameters: 0.999999 -0.000701845 0.00170472 0.000706153 0.999997 -0.0024378 -0.00170228 0.0024392 0.999995 -0.0984316 0.085687 -0.0341936
FixedParameters: 0 0 0

#Transform 33
Transform: AffineTransform_float_3_3
Parameters: 1 0.000537942 7.14368e-05 -0.000538057 0.999999 0.000811961 -7.05631e-05 -0.000812037 0.999999 -0.1404 0.0847487 0.715499
FixedParameters: 0 0 0

#Transform 34
Transform: AffineTransform_float_3_3
Parameters: 1 0.000204964 0.00036802 -0.000205036 1 9.79245e-05 -0.00036798 -9.80754e-05 1 -0.1152 0.221381 0.466585
FixedParameters: 0 0 0

#Transform 35
Transform: AffineTransform_float_3_3
Parameters: 1 0.000204627 0.000549139 -0.000204373 0.999999 0.000679887 -0.000548861 -0.000680112 0.999999 -0.18107 0.10038 0.400393
FixedParameters: 0 0 0

#Transform 36
Transform: AffineTransform_float_3_3
Parameters: 1 0.000142975 -0.000101035 -0.000143025 1 -0.000243986 0.000100965 0.000244014 1 -0.124734 0.206002 -0.13662
FixedParameters: 0 0 0

#Transform 37
Transform: AffineTransform_float_3_3
Parameters: 0.999999 0.000475299 -0.000565282 -0.000478705 0.999989 -0.00478773 0.000563714 0.00478827 0.999989 -0.1388 0.119212 0.376359
FixedParameters: 0 0 0

#Transform 38
Transform: AffineTransform_float_3_3
Parameters: 0.999999 0.000118534 -0.000900328 -0.000120465 0.999996 -0.00273889 0.000899673 0.00273911 0.999996 -0.0771658 0.237784 0.22689
FixedParameters: 0 0 0

#Transform 39
Transform: AffineTransform_float_3_3
Parameters: 0.999995 0.000387656 -0.00288941 -0.000398345 0.999993 -0.00357986 0.00288859 0.00358113 0.99999 -0.0715035 0.158085 0.279141
FixedParameters: 0 0 0

#Transform 40
Transform: AffineTransform_float_3_3
Parameters: 0.999988 0.00123999 -0.00462443 -0.00124901 0.999998 -0.00194625 0.00462157 0.00195175 0.999988 -0.117371 0.15972 0.59518
FixedParameters: 0 0 0

#Transform 41
Transform: AffineTransform_float_3_3
Parameters: 0.999994 0.000891577 -0.00354437 -0.000896425 0.999999 -0.00152883 0.00354363 0.00153217 0.999992 -0.0841026 0.23983 0.618414
FixedParameters: 0 0 0

#Transform 42
Transform: AffineTransform_float_3_3
Parameters: 0.999997 0.000716352 -0.00227815 -0.000719649 0.999999 -0.00160137 0.00227685 0.00160264 0.999996 -0.130885 0.212877 0.24763
FixedParameters: 0 0 0

#Transform 43
Transform: AffineTransform_float_3_3
Parameters: 0.999997 0.00112017 -0.002149 -0.00112382 0.999998 -0.00177959 0.002147 0.00178241 0.999996 -0.178651 0.173222 0.374095
FixedParameters: 0 0 0

#Transform 44
Transform: AffineTransform_float_3_3
Parameters: 0.999997 0.000933693 -0.00199549 -0.000938305 0.999996 -0.00266013 0.00199251 0.00266187 0.999994 -0.157353 0.231681 0.37556
FixedParameters: 0 0 0

#Transform 45
Transform: AffineTransform_float_3_3
Parameters: 0.999996 0.00122275 -0.00231331 -0.00122925 0.999996 -0.00270217 0.00230968 0.00270483 0.999993 -0.17067 0.280855 0.471638
FixedParameters: 0 0 0

#Transform 46
Transform: AffineTransform_float_3_3
Parameters: 0.999999 0.00109667 -0.000942715 -0.00109933 0.999997 -0.00247297 0.000939283 0.00247403 0.999996 -0.144542 0.340523 0.239952
FixedParameters: 0 0 0

#Transform 47
Transform: AffineTransform_float_3_3
Parameters: 0.999998 0.00103135 -0.00200991 -0.00103665 0.999996 -0.00281393 0.00200709 0.00281608 0.999994 -0.142231 0.275766 0.329185
FixedParameters: 0 0 0

#Transform 48
Transform: AffineTransform_float_3_3
Parameters: 0.999998 0.00103294 -0.0016835 -0.00103706 0.999996 -0.00241426 0.0016815 0.00241574 0.999995 -0.181349 0.27893 0.342387
FixedParameters: 0 0 0

#Transform 49
Transform: AffineTransform_float_3_3
Parameters: 0.999998 0.000827352 -0.00204689 -0.000831649 0.999997 -0.0022713 0.00204512 0.0022727 0.999996 -0.104838 0.256141 -0.238427
FixedParameters: 0 0 0

#Transform 50
Transform: AffineTransform_float_3_3
Parameters: 0.999997 0.000880982 -0.00199078 -0.000885018 0.999997 -0.00201824 0.00198922 0.00201976 0.999996 -0.130047 0.126282 -0.0737535
FixedParameters: 0 0 0

#Transform 51
Transform: AffineTransform_float_3_3
Parameters: 0.999995 0.00103211 -0.00320558 -0.00103689 0.999999 -0.00152468 0.00320342 0.00152731 0.999993 -0.110904 0.184152 -0.0920479
FixedParameters: 0 0 0

#Transform 52
Transform: AffineTransform_float_3_3
Parameters: 0.999994 0.00162631 -0.00308501 -0.00163269 0.999997 -0.00184397 0.00308199 0.00184902 0.999993 -0.14436 0.172886 -0.051872
FixedParameters: 0 0 0

#Transform 53
Transform: AffineTransform_float_3_3
Parameters: 0.999994 0.00167908 -0.00283373 -0.00168192 0.999998 -0.00102824 0.00283227 0.00103276 0.999996 -0.133565 0.203083 0.020287
FixedParameters: 0 0 0

#Transform 54
Transform: AffineTransform_float_3_3
Parameters: 0.999998 0.000596461 -0.0019181 -0.000599539 0.999998 -0.00184485 0.0019169 0.00184615 0.999997 -0.118758 0.21861 -0.00939314
FixedParameters: 0 0 0

#Transform 55
Transform: AffineTransform_float_3_3
Parameters: 0.999997 0.000962149 -0.0021887 -0.000965851 0.999998 -0.00175889 0.0021873 0.00176111 0.999996 -0.176325 0.226866 -0.0903453
FixedParameters: 0 0 0

#Transform 56
Transform: AffineTransform_float_3_3
Parameters: 0.999996 0.00202986 -0.00166782 -0.00203314 0.999996 -0.00188162 0.00166417 0.00188538 0.999997 -0.266186 0.174339 0.355878
FixedParameters: 0 0 0

#Transform 57
Transform: AffineTransform_float_3_3
Parameters: 0.999995 0.000920325 -0.00295952 -0.000921675 1 -0.000564275 0.00295948 0.000567727 0.999996 -0.175035 0.143653 0.0899365
FixedParameters: 0 0 0

#Transform 58
Transform: AffineTransform_float_3_3
Parameters: 0.999997 0.000834583 -0.00250947 -0.000836419 1 -0.000563903 0.00250953 0.000566096 0.999996 -0.179506 0.102454 0.396437
FixedParameters: 0 0 0

#Transform 59
Transform: AffineTransform_float_3_3
Parameters: 0.999997 0.00121949 -0.00223083 -0.00122051 0.999999 -0.00067628 0.00223017 0.000678722 0.999998 -0.1623 0.214751 0.228868
FixedParameters: 0 0 0

#Transform 60
Transform: AffineTransform_float_3_3
Parameters: 0.99999 0.00121954 -0.00413991 -0.00122645 0.999998 -0.00155694 0.00413809 0.00156206 0.99999 -0.118359 0.183617 0.547511
FixedParameters: 0 0 0

#Transform 61
Transform: AffineTransform_float_3_3
Parameters: 0.999992 0.000683783 -0.0037494 -0.000686218 0.999999 -0.000590431 0.00374959 0.000592568 0.999993 -0.0959944 0.194461 0.317493
FixedParameters: 0 0 0

#Transform 62
Transform: AffineTransform_float_3_3
Parameters: 0.999992 0.00158097 -0.00380343 -0.00158203 0.999998 -0.000267985 0.00380357 0.000274016 0.999992 -0.123394 0.148359 0.22131
FixedParameters: 0 0 0

#Transform 63
Transform: AffineTransform_float_3_3
Parameters: 0.999994 0.00142849 -0.00313497 -0.00143551 0.999997 -0.00207551 0.00313202 0.00208049 0.999993 -0.149032 0.132571 0.481667
FixedParameters: 0 0 0

#Transform 64
Transform: AffineTransform_float_3_3
Parameters: 0.999992 0.000983303 -0.00382395 -0.000986698 0.999999 -0.000965235 0.00382305 0.000968767 0.999992 -0.0705396 0.163781 0.49123
FixedParameters: 0 0 0

#Transform 65
Transform: AffineTransform_float_3_3
Parameters: 0.999995 0.000958775 -0.00322266 -0.000960226 1 -0.000688909 0.00322234 0.000692093 0.999994 -0.0941398 0.110472 0.28782
FixedParameters: 0 0 0

#Transform 66
Transform: AffineTransform_float_3_3
Parameters: 0.999992 0.00102789 -0.00387103 -0.00102811 1 -2.60204e-05 0.00387097 2.99792e-05 0.999992 -0.149965 0.0946214 0.373946
FixedParameters: 0 0 0

#Transform 67
Transform: AffineTransform_float_3_3
Parameters: 0.999989 0.00118975 -0.00450886 -0.00119325 0.999999 -0.000718627 0.00450814 0.000723371 0.999989 -0.133888 0.142644 0.316537
FixedParameters: 0 0 0

#Transform 68
Transform: AffineTransform_float_3_3
Parameters: 0.999988 0.00119192 -0.00487227 -0.00119308 1 -0.00021919 0.00487174 0.00022481 0.999988 -0.140429 0.0913557 0.49462
FixedParameters: 0 0 0

#Transform 69
Transform: AffineTransform_float_3_3
Parameters: 0.99999 0.00118834 -0.00413734 -0.00119266 0.999998 -0.00112308 0.00413666 0.00112793 0.999991 -0.115212 0.165617 0.292098
FixedParameters: 0 0 0

#Transform 70
Transform: AffineTransform_float_3_3
Parameters: 0.99999 0.00129546 -0.00426886 -0.00129554 0.999999 0.000110532 0.00426914 -0.000105471 0.999991 -0.111831 0.0770542 0.457256
FixedParameters: 0 0 0

#Transform 71
Transform: AffineTransform_float_3_3
Parameters: 0.999993 0.000793741 -0.00370048 -0.000796258 0.999999 -0.000609057 0.00369951 0.000611941 0.999993 -0.109224 0.181908 0.419779
FixedParameters: 0 0 0

#Transform 72
Transform: AffineTransform_float_3_3
Parameters: 0.999994 0.0010157 -0.00328555 -0.0010113 0.999999 0.00143233 0.00328645 -0.00142867 0.999993 -0.0783426 0.100658 0.56458
FixedParameters: 0 0 0

#Transform 73
Transform: AffineTransform_float_3_3
Parameters: 0.999993 -0.000491991 -0.00355945 0.000488009 1 -0.00112174 0.00356055 0.00112026 0.999993 -0.00734618 0.189501 0.307272
FixedParameters: 0 0 0

#Transform 74
Transform: AffineTransform_float_3_3
Parameters: 0.999996 -0.000431425 -0.00288279 0.000430574 1 -0.000495243 0.00288321 0.000493758 0.999995 -0.0481899 0.173415 0.311677
FixedParameters: 0 0 0

#Transform 75
Transform: AffineTransform_float_3_3
Parameters: 0.999995 0.000421139 -0.00334573 -0.000418863 0.999999 0.000639405 0.00334627 -0.000638594 0.999994 -0.0821924 0.0885201 0.327947
FixedParameters: 0 0 0

#Transform 76
Transform: AffineTransform_float_3_3
Parameters: 0.99999 0.000414033 -0.00434247 -0.000418967 1 -0.00114319 0.00434152 0.00114481 0.99999 0.00916625 0.190309 -0.229428
FixedParameters: 0 0 0

#Transform 77
Transform: AffineTransform_float_3_3
Parameters: 0.999995 0.000414574 -0.00292063 -0.000419424 0.999999 -0.00151478 0.00291937 0.00151622 0.999994 -0.0645243 0.084196 0.272559
FixedParameters: 0 0 0

#Transform 78
Transform: AffineTransform_float_3_3
Parameters: 0.999995 -0.000134497 -0.00292684 0.000131502 1 -0.00119539 0.00292716 0.00119461 0.999995 -0.0275871 0.150934 0.206555
FixedParameters: 0 0 0

#Transform 79
Transform: AffineTransform_float_3_3
Parameters: 0.999994 0.000170756 -0.00339911 -0.000173246 1 -0.000660415 0.00339889 0.000660584 0.999994 -0.0506812 0.122434 0.277745
FixedParameters: 0 0 0

#Transform 80
Transform: AffineTransform_float_3_3
Parameters: 0.999995 0.000280578 -0.00309413 -0.000281422 1 -0.000459131 0.00309387 0.00045987 0.999995 -0.0675044 0.20476 0.299407
FixedParameters: 0 0 0

#Transform 81
Transform: AffineTransform_float_3_3
Parameters: 0.999995 0.000556476 -0.00310509 -0.000557525 1 -0.00016827 0.00310491 0.000169729 0.999995 -0.0839279 0.189798 0.232747
FixedParameters: 0 0 0

#Transform 82
Transform: AffineTransform_float_3_3
Parameters: 0.99999 0.00166387 -0.00419384 -0.00166513 0.999998 -0.000504022 0.00419316 0.000510982 0.999991 -0.145772 0.131559 0.335277
FixedParameters: 0 0 0

#Transform 83
Transform: AffineTransform_float_3_3
Parameters: 0.99999 0.00169079 -0.00400193 -0.00169322 0.999999 -0.000550229 0.00400106 0.00055677 0.999992 -0.140306 0.127676 0.463008
FixedParameters: 0 0 0

#Transform 84
Transform: AffineTransform_float_3_3
Parameters: 0.999995 0.000849746 -0.0030998 -0.000849251 0.999999 0.000242634 0.0031002 -0.000239367 0.999995 -0.0910651 0.0935088 0.234623
FixedParameters: 0 0 0

#Transform 85
Transform: AffineTransform_float_3_3
Parameters: 0.999997 0.000448933 -0.00263601 -0.000449067 1 -2.48163e-05 0.00263599 2.61835e-05 0.999996 -0.0525766 0.0484887 0.158281
FixedParameters: 0 0 0

#Transform 86
Transform: AffineTransform_float_3_3
Parameters: 0.999996 -0.000191911 -0.00277994 0.000191087 1 -0.000328532 0.00278006 0.000327468 0.999996 -0.0186616 0.0660148 0.141259
FixedParameters: 0 0 0

#Transform 87
Transform: AffineTransform_float_3_3
Parameters: 0.999995 -0.00014591 -0.00309605 0.000147092 1 0.000352546 0.00309595 -0.000352453 0.999995 0.0215136 0.0422986 0.194306
FixedParameters: 0 0 0

#Transform 88
Transform: AffineTransform_float_3_3
Parameters: 0.999992 0.00135745 -0.00369857 -0.00135855 0.999999 -0.000416979 0.00369743 0.000422022 0.999993 0.00612697 0.155264 0.183695
FixedParameters: 0 0 0

#Transform 89
Transform: AffineTransform_float_3_3
Parameters: 0.999996 0.00096801 -0.00283964 -0.000963991 0.999998 0.00141274 0.00284136 -0.00141026 0.999995 -0.0185536 0.0381159 0.236135
FixedParameters: 0 0 0

#Transform 90
Transform: AffineTransform_float_3_3
Parameters: 0.999996 0.000967884 -0.00292272 -0.000964117 0.999998 0.00132982 0.00292328 -0.00132718 0.999995 -0.000973177 0.0773264 0.0622672
FixedParameters: 0 0 0

#Transform 91
Transform: AffineTransform_float_3_3
Parameters: 0.999994 0.000634527 -0.00322792 -0.000628473 0.999999 0.00171304 0.00322908 -0.00171096 0.999994 0.0036093 -0.00607105 0.168375
FixedParameters: 0 0 0

#Transform 92
Transform: AffineTransform_float_3_3
Parameters: 0.999994 0.000560579 -0.00322804 -0.000554421 0.999999 0.0017288 0.00322896 -0.0017272 0.999994 -0.0279727 0.025681 0.047603
FixedParameters: 0 0 0

#Transform 93
Transform: AffineTransform_float_3_3
Parameters: 0.999997 0.000605777 -0.00216167 -0.000601223 0.999998 0.00220931 0.00216333 -0.0022087 0.999995 -0.0330335 -4.09939e-05 0.0682165
FixedParameters: 0 0 0

#Transform 94
Transform: AffineTransform_float_3_3
Parameters: 0.999996 0.000972515 -0.00285412 -0.000964487 0.999995 0.00298277 0.00285689 -0.00298024 0.999992 -0.0313685 -0.0810948 0.116134
FixedParameters: 0 0 0

#Transform 95
Transform: AffineTransform_float_3_3
Parameters: 0.999994 0.000972125 -0.00331463 -0.000964873 0.999996 0.00245221 0.00331737 -0.00244879 0.999991 -0.053935 -0.0544841 0.102881
FixedParameters: 0 0 0

#Transform 96
Transform: AffineTransform_float_3_3
Parameters: 0.999995 0.000881852 -0.00327183 -0.000870148 0.999993 0.00362187 0.00327517 -0.00361913 0.999988 0.00915848 -0.0673961 0.200131
FixedParameters: 0 0 0

#Transform 97
Transform: AffineTransform_float_3_3
Parameters: 0.999996 0.000372243 -0.0025694 -0.000360758 0.999991 0.00437494 0.0025706 -0.00437406 0.999987 -0.00896924 -0.139896 0.268993
FixedParameters: 0 0 0

#Transform 98
Transform: AffineTransform_float_3_3
Parameters: 0.999996 0.000502315 -0.00285555 -0.000493685 0.999995 0.00291142 0.00285745 -0.00291057 0.999991 0.00201099 -0.178081 0.156773
FixedParameters: 0 0 0

#Transform 99
Transform: AffineTransform_float_3_3
Parameters: 0.999996 0.00017399 -0.00257554 -0.00016701 0.999997 0.00271444 0.00257546 -0.00271356 0.999993 0.0457433 -0.0906196 0.223479
FixedParameters: 0 0 0

#Transform 100
Transform: AffineTransform_float_3_3
Parameters: 0.999996 0.000502976 -0.00255625 -0.000494026 0.999993 0.00351027 0.00255775 -0.00350972 0.99999 0.0460337 -0.10475 0.282035
FixedParameters: 0 0 0

#Transform 101
Transform: AffineTransform_float_3_3
Parameters: 0.999997 0.00112578 -0.00221956 -0.00111522 0.999987 0.00485349 0.00222444 -0.00485051 0.999986 0.0433239 -0.139237 0.381607
FixedParameters: 0 0 0

#Transform 102
Transform: AffineTransform_float_3_3
Parameters: 0.999996 0.000459633 -0.0027771 -0.000448363 0.999991 0.00418826 0.0027799 -0.00418674 0.999988 0.0806843 -0.219995 0.286543
FixedParameters: 0 0 0

#Transform 103
Transform: AffineTransform_float_3_3
Parameters: 0.999998 0.000878027 -0.00214633 -0.000868975 0.999991 0.00420287 0.00214967 -0.00420112 0.999989 0.0118554 -0.145956 0.303796
FixedParameters: 0 0 0

#Transform 104
Transform: AffineTransform_float_3_3
Parameters: 0.999996 0.00134073 -0.00224399 -0.00133326 0.999994 0.003 0.00224801 -0.002997 0.999993 -0.0306693 -0.116223 0.254441
FixedParameters: 0 0 0

#Transform 105
Transform: AffineTransform_float_3_3
Parameters: 0.999996 0.00122527 -0.00280654 -0.00121473 0.999992 0.00365843 0.00281146 -0.00365457 0.99999 -0.0463655 -0.0953497 0.184787
FixedParameters: 0 0 0

#Transform 106
Transform: AffineTransform_float_3_3
Parameters: 0.999994 0.00126618 -0.00301291 -0.00125382 0.999991 0.0040398 0.00301809 -0.0040362 0.999988 -0.0531676 -0.134182 0.433166
FixedParameters: 0 0 0

#Transform 107
Transform: AffineTransform_float_3_3
Parameters: 0.999995 0.00154126 -0.00248651 -0.00153374 0.999994 0.00291882 0.00249048 -0.00291517 0.999992 -0.0318823 -0.0220044 0.282524
FixedParameters: 0 0 0

#Transform 108
Transform: AffineTransform_float_3_3
Parameters: 0.999995 0.00159489 -0.00280484 -0.00158412 0.999991 0.00387846 0.00281116 -0.00387454 0.999988 -0.0628741 -0.145436 0.270631
FixedParameters: 0 0 0

#Transform 109
Transform: AffineTransform_float_3_3
Parameters: 0.999996 0.00144519 -0.00246622 -0.00143682 0.999994 0.00331756 0.00247078 -0.00331445 0.999992 -0.0593403 -0.0977325 0.127738
FixedParameters: 0 0 0

#Transform 110
Transform: AffineTransform_float_3_3
Parameters: 0.999995 0.00141641 -0.00301166 -0.00140559 0.999992 0.00378825 0.00301735 -0.00378375 0.999989 -0.0600559 -0.151506 0.177122
FixedParameters: 0 0 0

#Transform 111
Transform: AffineTransform_float_3_3
Parameters: 0.999995 0.00151642 -0.00301328 -0.00150858 0.999996 0.00246356 0.00301773 -0.00245944 0.999993 -0.0958408 -0.0512014 0.121248
FixedParameters: 0 0 0

#Transform 112
Transform: AffineTransform_float_3_3
Parameters: 0.999992 0.00185549 -0.00333564 -0.00184452 0.999993 0.00344218 0.00334136 -0.00343682 0.999988 -0.0961484 -0.126024 0.28903
FixedParameters: 0 0 0

#Transform 113
Transform: AffineTransform_float_3_3
Parameters: 0.999989 0.0029693 -0.00349512 -0.00295969 0.999992 0.00266437 0.00350288 -0.00265363 0.999991 -0.238065 0.00855268 0.261528
FixedParameters: 0 0 0

#Transform 114
Transform: AffineTransform_float_3_3
Parameters: 0.999989 0.00355281 -0.0030409 -0.00354519 0.999991 0.00256881 0.0030501 -0.00255819 0.999992 -0.329988 -0.0191194 0.509973
FixedParameters: 0 0 0

#Transform 115
Transform: AffineTransform_float_3_3
Parameters: 0.999991 0.00309729 -0.00271097 -0.00309271 0.999994 0.0019534 0.00271704 -0.0019456 0.999995 -0.265815 -0.00139997 0.341903
FixedParameters: 0 0 0

#Transform 116
Transform: AffineTransform_float_3_3
Parameters: 0.999992 0.00309751 -0.00222133 -0.00309249 0.999992 0.00248089 0.00222967 -0.00247411 0.999995 -0.248013 -0.044643 0.316634
FixedParameters: 0 0 0

#Transform 117
Transform: AffineTransform_float_3_3
Parameters: 0.999992 0.00337481 -0.00240065 -0.00337119 0.999993 0.00158911 0.00240635 -0.00158089 0.999996 -0.178461 0.0254415 -0.185737
FixedParameters: 0 0 0

#Transform 118
Transform: AffineTransform_float_3_3
Parameters: 0.999991 0.00309748 -0.00284004 -0.00309252 0.999994 0.0019308 0.00284596 -0.0019222 0.999994 -0.168639 -0.0812555 -0.109635
FixedParameters: 0 0 0

#Transform 119
Transform: AffineTransform_float_3_3
Parameters: 0.999987 0.00309729 -0.00401493 -0.00309172 0.999995 0.00132143 0.00401907 -0.00130957 0.999991 -0.176206 -0.0305992 0.00343033
FixedParameters: 0 0 0

#Transform 120
Transform: AffineTransform_float_3_3
Parameters: 0.999985 0.00379358 -0.00394341 -0.00379442 0.999993 -9.90386e-05 0.0039426 0.000113958 0.999992 -0.257793 0.0405348 0.778262
FixedParameters: 0 0 0

#Transform 121
Transform: AffineTransform_float_3_3
Parameters: 0.999991 0.00365214 -0.00178167 -0.00365086 0.999993 0.00064251 0.00178433 -0.000635489 0.999998 -0.28355 0.0999619 0.394181
FixedParameters: 0 0 0

#Transform 122
Transform: AffineTransform_float_3_3
Parameters: 0.999996 0.0024203 -0.00088989 -0.00242069 0.999997 -0.000779848 0.000888109 0.000782152 1 -0.293375 0.0469176 0.460861
FixedParameters: 0 0 0

#Transform 123
Transform: AffineTransform_float_3_3
Parameters: 0.999994 0.00303148 -0.001575 -0.00303152 0.999996 -0.000327227 0.001574 0.000331774 0.999998 -0.288336 0.104463 0.321008
FixedParameters: 0 0 0

#Transform 124
Transform: AffineTransform_float_3_3
Parameters: 0.999986 0.00420632 -0.00339361 -0.00420569 0.999991 0.000100274 0.00339439 -8.57234e-05 0.999994 -0.349084 0.00944017 0.780811
FixedParameters: 0 0 0

#Transform 125
Transform: AffineTransform_float_3_3
Parameters: 0.99999 0.00331716 -0.00301575 -0.00332584 0.99999 -0.00293 0.00300625 0.00294 0.999991 -0.262183 0.100603 0.252566
FixedParameters: 0 0 0

#Transform 126
Transform: AffineTransform_float_3_3
Parameters: 0.999998 0.00205092 -0.000301507 -0.00205308 0.999973 -0.0070694 0.000286493 0.0070696 0.999975 -0.264644 0.0926082 0.214232
FixedParameters: 0 0 0

#Transform 127
Transform: AffineTransform_float_3_3
Parameters: 0.999999 0.00123821 -0.000133563 -0.00123879 0.99998 -0.00610584 0.000126438 0.00610616 0.999982 -0.181743 0.19588 0.175666
FixedParameters: 0 0 0

#Transform 128
Transform: AffineTransform_float_3_3
Parameters: 0.999993 0.00264354 -0.00264149 -0.00265146 0.999992 -0.00282501 0.00263351 0.00283198 0.999992 -0.249014 0.173909 0.714312
FixedParameters: 0 0 0

#Transform 129
Transform: AffineTransform_float_3_3
Parameters: 0.999996 0.00158561 -0.00230003 -0.00159039 0.999997 -0.00190935 0.00229696 0.00191265 0.999995 -0.13403 0.17356 0.248997
FixedParameters: 0 0 0

#Transform 130
Transform: AffineTransform_float_3_3
Parameters: 0.999995 0.00174306 -0.00259271 -0.00175294 0.999991 -0.00383548 0.00258629 0.00383953 0.99999 -0.163427 0.0913237 0.367255
FixedParameters: 0 0 0

#Transform 131
Transform: AffineTransform_float_3_3
Parameters: 0.999992 0.00209417 -0.0032231 -0.00210182 0.999995 -0.00242624 0.0032179 0.00243276 0.999992 -0.141333 0.093518 0.315952
FixedParameters: 0 0 0

#Transform 132
Transform: AffineTransform_float_3_3
Parameters: 0.999994 0.0015851 -0.0030447 -0.0015959 0.999993 -0.00358116 0.0030393 0.00358584 0.999989 -0.12588 0.105201 0.081474
FixedParameters: 0 0 0

#Transform 133
Transform: AffineTransform_float_3_3
Parameters: 0.999994 0.00159785 -0.0030168 -0.00160515 0.999996 -0.00236917 0.0030132 0.00237383 0.999992 -0.138018 0.0593638 0.222502
FixedParameters: 0 0 0

#Transform 134
Transform: AffineTransform_float_3_3
Parameters: 0.999998 0.00107031 -0.00205902 -0.00107769 0.999993 -0.00373679 0.00205499 0.00373921 0.999991 -0.101272 0.132914 0.0325405
FixedParameters: 0 0 0

#Transform 135
Transform: AffineTransform_float_3_3
Parameters: 0.999996 0.00127706 -0.00223613 -0.00128595 0.999991 -0.00400314 0.00223187 0.00400587 0.99999 -0.117144 0.00397754 0.120779
FixedParameters: 0 0 0

#Transform 136
Transform: AffineTransform_float_3_3
Parameters: 0.999998 0.000868601 -0.00193298 -0.000873397 0.999997 -0.00227532 0.00193102 0.00227768 0.999995 -0.0786226 0.0254648 0.332369
FixedParameters: 0 0 0

#Transform 137
Transform: AffineTransform_float_3_3
Parameters: 0.999998 0.000554782 -0.00180992 -0.000561219 0.999994 -0.00343699 0.00180808 0.00343801 0.999993 -0.00109129 0.016677 0.0209975
FixedParameters: 0 0 0

#Transform 138
Transform: AffineTransform_float_3_3
Parameters: 0.999997 0.00111306 -0.0018129 -0.00112094 0.99999 -0.00438298 0.0018081 0.00438502 0.999989 -0.0179922 0.0476292 -0.055586
FixedParameters: 0 0 0

#Transform 139
Transform: AffineTransform_float_3_3
Parameters: 0.999997 0.00129402 -0.00181156 -0.00129898 0.999996 -0.00274965 0.00180843 0.00275235 0.999994 -0.0482698 -0.0230838 0.181244
FixedParameters: 0 0 0

#Transform 140
Transform: AffineTransform_float_3_3
Parameters: 0.999997 0.000716065 -0.0022459 -0.000721934 0.999996 -0.00264239 0.0022441 0.00264461 0.999994 -0.00450229 0.00199834 0.226375
FixedParameters: 0 0 0

#Transform 141
Transform: AffineTransform_float_3_3
Parameters: 0.999997 0.000746449 -0.00224585 -0.000751552 0.999996 -0.00247232 0.00224415 0.00247368 0.999995 -0.0280487 0.00698445 0.191798
FixedParameters: 0 0 0

#Transform 142
Transform: AffineTransform_float_3_3
Parameters: 0.999997 0.000558332 -0.00267956 -0.00056067 1 -0.000995502 0.00267944 0.0009965 0.999996 -0.0218797 -0.0504563 0.320109
FixedParameters: 0 0 0

#Transform 143
Transform: AffineTransform_float_3_3
Parameters: 0.999996 0.000852598 -0.00246757 -0.000859405 0.999995 -0.00300089 0.00246543 0.00300211 0.999993 -0.0743862 0.0681183 0.00899793
FixedParameters: 0 0 0

#Transform 144
Transform: AffineTransform_float_3_3
Parameters: 0.999993 0.00191258 -0.00341616 -0.00192042 0.999996 -0.00216946 0.00341184 0.00217554 0.999992 -0.0740769 -0.00885102 -0.0361486
FixedParameters: 0 0 0

#Transform 145
Transform: AffineTransform_float_3_3
Parameters: 0.99999 0.00147489 -0.00419944 -0.00147911 0.999999 -0.000975798 0.00419855 0.000982202 0.99999 -0.000460392 -0.105193 0.514364
FixedParameters: 0 0 0

#Transform 146
Transform: AffineTransform_float_3_3
Parameters: 0.999983 0.00170354 -0.00553323 -0.00171346 0.999997 -0.00188655 0.00552977 0.00189545 0.999983 -0.00865938 0.0109248 0.386726
FixedParameters: 0 0 0

#Transform 147
Transform: AffineTransform_float_3_3
Parameters: 0.999991 0.00140561 -0.00385923 -0.00140838 0.999998 -0.000874572 0.00385776 0.00088043 0.999992 0.00120746 0.0410311 0.51296
FixedParameters: 0 0 0

#Transform 148
Transform: AffineTransform_float_3_3
Parameters: 0.99999 0.000587344 -0.00427992 -0.000593653 0.999998 -0.00155347 0.00427908 0.00155653 0.999989 0.0204035 0.0193767 0.541343
FixedParameters: 0 0 0

#Transform 149
Transform: AffineTransform_float_3_3
Parameters: 0.999996 0.00115781 -0.00256854 -0.00115919 0.999999 -0.000462024 0.00256746 0.000464974 0.999996 -0.0459508 0.0157263 0.364267
FixedParameters: 0 0 0

#Transform 150
Transform: AffineTransform_float_3_3
Parameters: 0.999994 0.00176076 -0.00300455 -0.00176024 0.999999 0.000257291 0.00300545 -0.00025171 0.999996 -0.0902044 0.000259769 0.479602
FixedParameters: 0 0 0

#Transform 151
Transform: AffineTransform_float_3_3
Parameters: 0.999994 0.00164455 -0.00280103 -0.00164845 0.999998 -0.00122839 0.00279897 0.00123261 0.999996 -0.0551444 0.0511817 0.127604
FixedParameters: 0 0 0

#Transform 152
Transform: AffineTransform_float_3_3
Parameters: 0.999994 0.00120095 -0.00308858 -0.00120505 0.999999 -0.00131029 0.00308742 0.00131472 0.999995 -0.0739764 -0.0438298 0.337814
FixedParameters: 0 0 0

#Transform 153
Transform: AffineTransform_float_3_3
Parameters: 0.999992 0.00216102 -0.00329391 -0.00216998 0.999994 -0.00272387 0.00328809 0.00273113 0.999991 -0.116435 0.155662 0.309812
FixedParameters: 0 0 0

#Transform 154
Transform: AffineTransform_float_3_3
Parameters: 0.999995 0.00176656 -0.00260166 -0.00176844 0.999998 -0.000934404 0.00260034 0.000939598 0.999996 -0.187311 0.0712236 0.733268
FixedParameters: 0 0 0

#Transform 155
Transform: AffineTransform_float_3_3
Parameters: 0.999996 0.00173601 -0.00226929 -0.00173899 0.999997 -0.00131606 0.00226771 0.00131994 0.999996 -0.196157 0.140313 0.307207
FixedParameters: 0 0 0

#Transform 156
Transform: AffineTransform_float_3_3
Parameters: 0.999995 8.00969e-05 -0.00291538 -9.29036e-05 0.99999 -0.00442675 0.00291462 0.00442625 0.999986 -0.0859132 -0.00423883 -0.10144
FixedParameters: 0 0 0

#Transform 157
Transform: AffineTransform_float_3_3
Parameters: 0.999994 0.000915312 -0.0032837 -0.000931689 0.999986 -0.00508397 0.0032793 0.00508703 0.999981 -0.100057 0.056149 -0.0918188
FixedParameters: 0 0 0

#Transform 158
Transform: AffineTransform_float_3_3
Parameters: 0.999992 0.0016533 -0.00359148 -0.0016627 0.999995 -0.00269905 0.00358652 0.00270495 0.99999 -0.157937 0.00548248 0.260974
FixedParameters: 0 0 0

#Transform 159
Transform: AffineTransform_float_3_3
Parameters: 0.999991 0.00157471 -0.0038131 -0.00158729 0.999993 -0.00322198 0.0038089 0.00322803 0.999988 -0.147025 0.0900483 0.205676
FixedParameters: 0 0 0

#Transform 160
Transform: AffineTransform_float_3_3
Parameters: 0.999991 0.00143543 -0.003812 -0.00144557 0.999995 -0.00277251 0.003808 0.00277749 0.999989 -0.13911 0.0681992 0.198241
FixedParameters: 0 0 0

#Transform 161
Transform: AffineTransform_float_3_3
Parameters: 0.99999 0.00107522 -0.00448754 -0.00109378 0.99999 -0.00418414 0.00448346 0.00418886 0.999981 -0.109349 0.097627 0.233127
FixedParameters: 0 0 0

#Transform 162
Transform: AffineTransform_float_3_3
Parameters: 0.999961 0.00304576 -0.00831939 -0.00307323 0.999989 -0.00338356 0.0083086 0.00340944 0.999959 -0.144491 0.0464661 0.405888
FixedParameters: 0 0 0

#Transform 163
Transform: AffineTransform_float_3_3
Parameters: 0.999972 0.00166052 -0.00729164 -0.00169849 0.999986 -0.00513776 0.00728336 0.00514924 0.99996 -0.0640966 0.0979448 -0.0662325
FixedParameters: 0 0 0

#Transform 164
Transform: AffineTransform_float_3_3
Parameters: 0.999978 0.00165581 -0.00632464 -0.00168118 0.99999 -0.00397845 0.00631835 0.00398955 0.999972 -0.055918 0.00627541 0.00178491
FixedParameters: 0 0 0

#Transform 165
Transform: AffineTransform_float_3_3
Parameters: 0.999985 0.00128346 -0.00535097 -0.00130454 0.999992 -0.00383708 0.00534603 0.00384392 0.999979 -0.0265901 0.0497036 -0.113786
FixedParameters: 0 0 0

#Transform 166
Transform: AffineTransform_float_3_3
Parameters: 0.999986 0.00128962 -0.00500473 -0.00130437 0.999995 -0.00287051 0.00500027 0.00287749 0.999984 -0.0336719 -0.0559316 0.0116298
FixedParameters: 0 0 0

#Transform 167
Transform: AffineTransform_float_3_3
Parameters: 0.999983 0.000918266 -0.00564075 -0.00094073 0.999992 -0.00402876 0.00563625 0.00403424 0.999976 -0.00837321 0.034196 -0.137675
FixedParameters: 0 0 0

#Transform 168
Transform: AffineTransform_float_3_3
Parameters: 0.999984 0.00091002 -0.00549733 -0.000923981 0.999997 -0.00254096 0.00549566 0.00254604 0.999981 -0.0413477 -0.0722632 0.0962975
FixedParameters: 0 0 0

#Transform 169
Transform: AffineTransform_float_3_3
Parameters: 0.99999 0.00036267 -0.00429763 -0.000370333 0.999999 -0.00170543 0.00429737 0.00170658 0.99999 0.0303898 0.00904856 0.00615306
FixedParameters: 0 0 0

#Transform 170
Transform: AffineTransform_float_3_3
Parameters: 0.999983 -0.000944097 -0.0057499 0.000924904 0.999994 -0.00332337 0.0057521 0.00331763 0.999978 0.157425 0.0210518 -0.0613487
FixedParameters: 0 0 0

#Transform 171
Transform: AffineTransform_float_3_3
Parameters: 0.99998 -0.000628079 -0.00640769 0.000603921 0.999993 -0.00375895 0.00641032 0.00375505 0.999973 0.17139 -0.102196 0.191016
FixedParameters: 0 0 0

#Transform 172
Transform: AffineTransform_float_3_3
Parameters: 0.999988 0.000949924 -0.00484677 -0.000969078 0.999992 -0.00393535 0.00484322 0.00393965 0.99998 0.0129795 0.0386455 0.193511
FixedParameters: 0 0 0

#Transform 173
Transform: AffineTransform_float_3_3
Parameters: 0.999988 0.00142526 -0.00484007 -0.00143874 0.999995 -0.00283607 0.00483594 0.00284293 0.999985 -0.0273067 0.00328951 0.0134992
FixedParameters: 0 0 0

#Transform 174
Transform: AffineTransform_float_3_3
Parameters: 0.999983 0.00142596 -0.00576874 -0.00143705 0.999997 -0.00191074 0.00576626 0.00191926 0.999981 -0.0384173 -0.0131709 0.0404587
FixedParameters: 0 0 0

#Transform 175
Transform: AffineTransform_float_3_3
Parameters: 0.999984 0.00182925 -0.00532936 -0.00183975 0.999996 -0.00182622 0.00532564 0.00183577 0.999984 -0.0598677 0.00466462 -0.0407423
FixedParameters: 0 0 0

#Transform 176
Transform: AffineTransform_float_3_3
Parameters: 0.999988 0.00126696 -0.00484032 -0.00127204 0.999998 -0.00103886 0.00483868 0.00104514 0.999987 -0.0492359 -0.0656589 -0.0687958
FixedParameters: 0 0 0

#Transform 177
Transform: AffineTransform_float_3_3
Parameters: 0.999982 0.00176404 -0.00569568 -0.00176296 0.999999 0.000187045 0.00569632 -0.000176955 0.999984 -0.0418095 -0.125227 -0.085148
FixedParameters: 0 0 0

#Transform 178
Transform: AffineTransform_float_3_3
Parameters: 0.999983 0.00157631 -0.0056052 -0.00157769 0.999998 -0.000118159 0.00560481 0.000126837 0.999985 0.0109558 -0.0314174 -0.160454
FixedParameters: 0 0 0

#Transform 179
Transform: AffineTransform_float_3_3
Parameters: 0.999977 0.00214 -0.00640433 -0.002135 0.999998 0.000787692 0.00640567 -0.00077431 0.999979 -0.054332 -0.186389 -0.0225841
FixedParameters: 0 0 0

#Transform 180
Transform: AffineTransform_float_3_3
Parameters: 0.999989 0.00257097 -0.00407092 -0.00257404 0.999997 -0.000740531 0.00406909 0.000750471 0.999992 -0.152597 -0.0352585 -0.0663149
FixedParameters: 0 0 0

#Transform 181
Transform: AffineTransform_float_3_3
Parameters: 0.999992 0.00256764 -0.00289166 -0.00257436 0.999995 -0.00219657 0.00288634 0.00220443 0.999994 -0.186555 -0.116442 0.185329
FixedParameters: 0 0 0

#Transform 182
Transform: AffineTransform_float_3_3
Parameters: 0.99999 0.00298168 -0.00311023 -0.00298332 0.999996 -0.000741728 0.00310778 0.000750273 0.999995 -0.189783 -0.14794 0.367885
FixedParameters: 0 0 0

#Transform 183
Transform: AffineTransform_float_3_3
Parameters: 0.999983 0.00316535 -0.00503404 -0.00316665 0.999995 -0.000320065 0.00503296 0.000335937 0.999988 -0.0891196 -0.0244269 0.313873
FixedParameters: 0 0 0

#Transform 184
Transform: AffineTransform_float_3_3
Parameters: 0.999987 0.00253503 -0.00445355 -0.00253596 0.999997 -0.000210709 0.00445245 0.00022229 0.99999 -0.103203 -0.0362925 0.211109
FixedParameters: 0 0 0

#Transform 185
Transform: AffineTransform_float_3_3
Parameters: 0.999987 0.00282887 -0.00428774 -0.00283013 0.999996 -0.000256868 0.00428625 0.000269129 0.999991 -0.129693 -0.0534573 0.175017
FixedParameters: 0 0 0

#Transform 186
Transform: AffineTransform_float_3_3
Parameters: 0.999987 0.00381219 -0.00336672 -0.0038188 0.99999 -0.00201717 0.00335828 0.00202983 0.999993 -0.23129 -0.116416 -0.134056
FixedParameters: 0 0 0

#Transform 187
Transform: AffineTransform_float_3_3
Parameters: 0.999988 0.003425 -0.00346394 -0.00343201 0.999992 -0.00201814 0.00345706 0.00202986 0.999992 -0.202661 -0.264553 -0.23217
FixedParameters: 0 0 0

#Transform 188
Transform: AffineTransform_float_3_3
Parameters: 0.99999 0.00273493 -0.00356666 -0.00274107 0.999995 -0.00169824 0.00356234 0.00170776 0.999992 -0.236027 -0.189216 -0.380532
FixedParameters: 0 0 0

#Transform 189
