#Insight Transform File V1.0
#Transform 0
Transform: AffineTransform_float_3_3
Parameters: 0.999996 -0.000842343 0.00276368 0.000837656 0.999999 0.00157232 -0.00276532 -0.00156968 0.999995 -0.0129693 -0.0383098 0.390277
FixedParameters: 0 0 0

#Transform 1
Transform: AffineTransform_float_3_3
Parameters: 0.999997 -0.000873526 0.00195143 0.000869473 0.999998 0.0018077 -0.00195257 -0.0018053 0.999997 0.0123109 -0.0262818 0.280109
FixedParameters: 0 0 0

#Transform 2
Transform: AffineTransform_float_3_3
Parameters: 0.999997 -0.000871458 0.0019519 0.000868542 0.999999 0.0012597 -0.0019531 -0.0012583 0.999998 -0.00420745 0.00473959 0.210626
FixedParameters: 0 0 0

#Transform 3
Transform: AffineTransform_float_3_3
Parameters: 0.999998 -0.000427935 0.00153418 0.000425066 0.999998 0.00191265 -0.00153482 -0.00191235 0.999997 -0.0176127 -0.0698596 0.332344
FixedParameters: 0 0 0

#Transform 4
Transform: AffineTransform_float_3_3
Parameters: 0.999999 -0.000254065 0.00153532 0.000255934 0.999999 -0.00125961 -0.00153468 0.00126039 0.999998 -0.0833923 0.171855 -0.131643
FixedParameters: 0 0 0

#Transform 5
Transform: AffineTransform_float_3_3
Parameters: 0.999999 2.47807e-05 0.001424 -2.52193e-05 1 0.000153964 -0.001424 -0.000154035 0.999999 -0.090109 0.00932449 0.244844
FixedParameters: 0 0 0

#Transform 6
Transform: AffineTransform_float_3_3
Parameters: 1 2.45524e-05 0.000706015 -2.44476e-05 1 0.000633982 -0.000705984 -0.000634017 0.999999 -0.05475 0.0666858 0.156385
FixedParameters: 0 0 0

#Transform 7
Transform: AffineTransform_float_3_3
Parameters: 0.999999 2.73703e-05 0.00157496 -2.46296e-05 0.999999 -0.00150504 -0.00157504 0.00150496 0.999997 -0.103099 0.139621 -0.0144527
FixedParameters: 0 0 0

#Transform 8
Transform: AffineTransform_float_3_3
Parameters: 0.999999 2.49468e-05 0.001003 -2.50541e-05 1 5.39749e-05 -0.001003 -5.3025e-05 0.999999 -0.0871244 0.0550733 0.138369
FixedParameters: 0 0 0

#Transform 9
Transform: AffineTransform_float_3_3
Parameters: 0.999999 2.63618e-05 0.00087296 -2.46381e-05 0.999999 -0.00156002 -0.00087304 0.00155998 0.999999 -0.103158 0.201308 -0.21867
FixedParameters: 0 0 0

#Transform 10
Transform: AffineTransform_float_3_3
Parameters: 0.999999 0.000513045 0.000678966 -0.000512955 1 -6.63483e-05 -0.000679034 6.66516e-05 1 -0.0790939 0.0270478 0.242714
FixedParameters: 0 0 0

#Transform 11
Transform: AffineTransform_float_3_3
Parameters: 1 2.58905e-05 0.000547958 -2.51095e-05 0.999998 -0.00162501 -0.000548041 0.00162498 0.999998 -0.0731502 0.215197 -0.511289
FixedParameters: 0 0 0

#Transform 12
Transform: AffineTransform_float_3_3
Parameters: 0.999999 0.000210419 0.000810633 -0.00020958 0.999999 -0.00175017 -0.000811368 0.00174983 0.999998 -0.0650575 0.0565156 -0.0119327
FixedParameters: 0 0 0

#Transform 13
Transform: AffineTransform_float_3_3
Parameters: 1 -0.000477978 0.000128081 0.000478022 1 -0.000168939 -0.000127919 0.000169061 1 0.043166 0.0985514 -0.115408
FixedParameters: 0 0 0

#Transform 14
Transform: AffineTransform_float_3_3
Parameters: 0.999999 -0.000628414 0.000411895 0.000628586 0.999999 -0.00142374 -0.000411105 0.00142426 0.999999 -0.0527843 0.174485 -0.611013
FixedParameters: 0 0 0

#Transform 15
Transform: AffineTransform_float_3_3
Parameters: 1 -0.000376989 0.00115968 0.000375011 0.999999 0.000852435 -0.00116032 -0.000852563 0.999999 -0.0289189 -0.0636494 0.0037314
FixedParameters: 0 0 0

#Transform 16
Transform: AffineTransform_float_3_3
Parameters: 0.999999 -0.00069028 -0.000203049 0.000689719 0.999999 -0.00137814 0.000203951 0.00137786 0.999999 0.0701189 0.174815 -0.220593
FixedParameters: 0 0 0

#Transform 17
Transform: AffineTransform_float_3_3
Parameters: 1 -0.000537165 -0.00013032 0.000536835 0.999999 -0.00126607 0.00013068 0.00126593 0.999999 0.0351273 0.0927083 -0.0752905
FixedParameters: 0 0 0

#Transform 18
Transform: AffineTransform_float_3_3
Parameters: 0.999999 -0.000610782 0.000373356 0.000611217 0.999999 -0.000582772 -0.000372643 0.000583227 1 -0.00711606 0.0602772 -0.120497
FixedParameters: 0 0 0

#Transform 19
Transform: AffineTransform_float_3_3
Parameters: 1 -0.000217173 -0.000126704 0.000216828 0.999999 -0.00136303 0.000126296 0.00136297 0.999999 -0.00839077 0.146449 -0.229854
FixedParameters: 0 0 0

#Transform 20
Transform: AffineTransform_float_3_3
Parameters: 1 8.96106e-05 0.000651053 -9.03892e-05 1 0.000597941 -0.000650946 -0.000598058 0.999999 -0.0275826 -0.0145624 0.0153882
FixedParameters: 0 0 0

#Transform 21
Transform: AffineTransform_float_3_3
Parameters: 1 -0.000423213 -0.000126287 0.000422787 0.999998 -0.00168405 0.000126712 0.00168394 0.999998 -0.00536634 0.194158 -0.399254
FixedParameters: 0 0 0

#Transform 22
Transform: AffineTransform_float_3_3
Parameters: 1 -0.000237009 -3.79417e-05 0.000236991 1 -0.000246009 3.70583e-05 0.000245991 1 -0.0117389 0.0049776 -0.099043
FixedParameters: 0 0 0

#Transform 23
Transform: AffineTransform_float_3_3
Parameters: 1 -0.000460161 -0.000126416 0.00046084 0.999999 -0.00126906 0.000126585 0.00126894 0.999999 -0.0110618 0.162743 -0.419774
FixedParameters: 0 0 0

#Transform 24
Transform: AffineTransform_float_3_3
Parameters: 0.999999 -0.00042086 0.000880067 0.00042114 1 -0.000159629 -0.000879932 0.00015937 0.999999 -0.0586557 -0.00168216 -0.000845115
FixedParameters: 0 0 0

#Transform 25
Transform: AffineTransform_float_3_3
Parameters: 1 -0.000386027 -0.000480978 0.000385973 1 -5.61856e-05 0.000481021 5.58143e-05 1 0.0427532 0.0877125 -0.24936
FixedParameters: 0 0 0

#Transform 26
Transform: AffineTransform_float_3_3
Parameters: 1 -7.83017e-05 -0.000313925 7.76982e-05 0.999999 -0.000961024 0.000314075 0.000960975 1 0.00699666 0.0987052 -0.205981
FixedParameters: 0 0 0

#Transform 27
Transform: AffineTransform_float_3_3
Parameters: 1 0.000271068 -0.000218916 -0.000270932 1 0.000311059 0.000218084 -0.000310941 1 0.0190571 0.0379608 -0.103313
FixedParameters: 0 0 0

#Transform 28
Transform: AffineTransform_float_3_3
Parameters: 1 -0.00019037 -0.00030577 0.000189629 0.999999 -0.00121106 0.00030623 0.00121094 0.999999 0.000898485 0.158276 -0.584297
FixedParameters: 0 0 0

#Transform 29
Transform: AffineTransform_float_3_3
Parameters: 0.999999 0.000274695 -0.000859097 -0.000274305 1 -0.000354764 0.000858902 0.000355236 0.999999 0.0332856 0.0190393 -0.277009
FixedParameters: 0 0 0

#Transform 30
Transform: AffineTransform_float_3_3
Parameters: 1 1.22497e-05 -0.000689014 -1.27503e-05 1 -0.00108899 0.000688986 0.00108901 0.999999 0.0218037 0.155954 -0.466351
FixedParameters: 0 0 0

#Transform 31
Transform: AffineTransform_float_3_3
Parameters: 0.999999 -9.80387e-05 -0.000789871 9.69623e-05 0.999999 -0.00131508 0.000789128 0.00131492 0.999999 0.0356558 0.0871395 -0.358253
FixedParameters: 0 0 0

#Transform 32
Transform: AffineTransform_float_3_3
Parameters: 0.999999 -0.000140573 -0.00183796 0.000140428 1 -0.000311259 0.00183804 0.000311742 0.999999 0.156886 0.0225417 0.0846837
FixedParameters: 0 0 0

#Transform 33
Transform: AffineTransform_float_3_3
Parameters: 0.999999 -0.000198963 -0.00138272 0.000197037 0.999999 -0.00142027 0.00138228 0.00141973 0.999998 0.139001 0.19794 -0.240348
FixedParameters: 0 0 0

#Transform 34
Transform: AffineTransform_float_3_3
Parameters: 1 0.000120534 -0.00109105 -0.000121466 1 -0.000426868 0.00109095 0.000427132 1 0.0692114 0.0338225 0.0568529
FixedParameters: 0 0 0

#Transform 35
Transform: AffineTransform_float_3_3
Parameters: 0.999999 0.000551523 -0.000648406 -0.000551476 0.999999 -0.000734643 0.000648595 0.000735358 1 0.0299052 0.16357 -0.262491
FixedParameters: 0 0 0

#Transform 36
Transform: AffineTransform_float_3_3
Parameters: 1 0.000237525 -0.00103834 -0.000239476 0.999999 -0.00142075 0.00103866 0.00142125 0.999999 0.0551724 0.144434 -0.226332
FixedParameters: 0 0 0

#Transform 37
Transform: AffineTransform_float_3_3
Parameters: 0.999998 1.23885e-05 -0.00204501 -1.36114e-05 0.999999 -0.000787973 0.00204499 0.000788026 0.999997 0.166054 0.0753364 -0.0498788
FixedParameters: 0 0 0

#Transform 38
Transform: AffineTransform_float_3_3
Parameters: 0.999999 0.000109835 -0.00128119 -0.000112165 0.999998 -0.00168986 0.00128081 0.00169014 0.999998 0.081892 0.168161 -0.321792
FixedParameters: 0 0 0

#Transform 39
Transform: AffineTransform_float_3_3
Parameters: 0.999998 0.000543602 -0.00151078 -0.000543396 1 0.000399821 0.00151122 -0.000398179 0.999999 0.0953585 0.0223628 0.117311
FixedParameters: 0 0 0

#Transform 40
Transform: AffineTransform_float_3_3
Parameters: 0.999999 6.6334e-05 -0.0018001 -6.86674e-05 0.999999 -0.00148188 0.0017999 0.00148112 0.999998 0.137083 0.217873 -0.304145
FixedParameters: 0 0 0

#Transform 41
Transform: AffineTransform_float_3_3
Parameters: 1 0.000260878 -0.00100829 -0.000262123 1 -0.00111374 0.00100771 0.00111326 0.999999 0.0675144 0.0702451 0.163912
FixedParameters: 0 0 0

#Transform 42
Transform: AffineTransform_float_3_3
Parameters: 0.999999 0.00014148 -0.00128628 -0.000144519 0.999998 -0.00195882 0.00128572 0.00195918 0.999998 0.0360575 0.166825 -0.0393177
FixedParameters: 0 0 0

#Transform 43
Transform: AffineTransform_float_3_3
Parameters: 0.999999 -2.79705e-06 -0.001286 2.02941e-07 0.999997 -0.002175 0.001286 0.002175 0.999997 0.0697025 0.217547 -0.349402
FixedParameters: 0 0 0

#Transform 44
Transform: AffineTransform_float_3_3
Parameters: 1 0.000328598 -0.00108043 -0.000330403 0.999999 -0.00129864 0.00107957 0.00129836 0.999998 0.0615011 0.0363435 0.138522
FixedParameters: 0 0 0

#Transform 45
Transform: AffineTransform_float_3_3
Parameters: 0.999999 -0.000255413 -0.00139956 0.000252587 0.999999 -0.00172336 0.00140044 0.00172364 0.999997 0.0932686 0.199734 -0.218028
FixedParameters: 0 0 0

#Transform 46
Transform: AffineTransform_float_3_3
Parameters: 0.999999 -0.000212698 -0.00123954 0.000210301 0.999997 -0.00217626 0.00124046 0.00217574 0.999997 0.0687176 0.202016 -0.237015
FixedParameters: 0 0 0

#Transform 47
Transform: AffineTransform_float_3_3
Parameters: 1 6.87176e-05 -0.000652029 -6.82823e-05 1 -0.000432955 0.00065197 0.000433045 0.999999 0.0568792 0.042057 0.189895
FixedParameters: 0 0 0

#Transform 48
Transform: AffineTransform_float_3_3
Parameters: 0.999998 -8.58302e-05 -0.00160985 8.21694e-05 0.999999 -0.00175814 0.00161015 0.00175787 0.999997 0.0995379 0.234824 -0.246102
FixedParameters: 0 0 0

#Transform 49
Transform: AffineTransform_float_3_3
Parameters: 1 6.68441e-05 -0.00122012 -6.91574e-05 0.999999 -0.00176692 0.00122088 0.00176708 0.999997 0.0670532 0.124819 -0.0720785
FixedParameters: 0 0 0

#Transform 50
Transform: AffineTransform_float_3_3
Parameters: 0.999999 6.81808e-05 -0.00128804 -6.88191e-05 1 -0.000635912 0.00128796 0.000636088 0.999999 0.0794707 0.123041 -0.129381
FixedParameters: 0 0 0

#Transform 51
Transform: AffineTransform_float_3_3
Parameters: 0.999999 6.67532e-05 -0.0015181 -6.9248e-05 0.999999 -0.0014809 0.0015179 0.0014801 0.999998 0.0892401 0.18045 -0.311119
FixedParameters: 0 0 0

#Transform 52
Transform: AffineTransform_float_3_3
Parameters: 0.999991 -0.00419185 -0.000772673 0.00418914 0.999984 -0.00365927 0.000788327 0.00365573 0.999993 0.617766 0.243607 -0.379054
FixedParameters: 0 0 0

#Transform 53
Transform: AffineTransform_float_3_3
Parameters: 0.999923 -0.0109708 -0.00572124 0.0109391 0.999925 -0.005395 0.00577975 0.005332 0.999969 1.29048 0.476326 -0.437126
FixedParameters: 0 0 0

#Transform 54
Transform: AffineTransform_float_3_3
Parameters: 0.999988 -0.00336799 -0.00357975 0.003356 0.999989 -0.00335105 0.00359125 0.00333894 0.999988 0.556048 0.249983 -0.189293
FixedParameters: 0 0 0

#Transform 55
Transform: AffineTransform_float_3_3
Parameters: 0.999993 -0.00164371 -0.00337868 0.00164129 0.999999 -0.000805551 0.00338032 0.00079945 0.999994 0.417691 0.0998644 0.134087
FixedParameters: 0 0 0

#Transform 56
Transform: AffineTransform_float_3_3
Parameters: 0.999996 -0.00176214 -0.00251641 0.00175687 0.999997 -0.00204143 0.00251959 0.00203657 0.999995 0.34076 0.262113 -0.330175
FixedParameters: 0 0 0

#Transform 57
Transform: AffineTransform_float_3_3
Parameters: 0.999996 -0.00125308 -0.00280974 0.00124792 0.999997 -0.00180951 0.00281126 0.00180648 0.999994 0.307331 0.136789 0.0662011
FixedParameters: 0 0 0

#Transform 58
Transform: AffineTransform_float_3_3
Parameters: 0.999997 -0.000662899 -0.00226257 0.000658104 0.999998 -0.0021645 0.00226343 0.00216351 0.999995 0.230914 0.120996 0.186887
FixedParameters: 0 0 0

#Transform 59
Transform: AffineTransform_float_3_3
Parameters: 0.999998 -0.000640128 -0.00193064 0.000635873 0.999997 -0.00213823 0.00193136 0.00213677 0.999996 0.200519 0.188704 0.122264
FixedParameters: 0 0 0

#Transform 60
Transform: AffineTransform_float_3_3
Parameters: 0.999999 -0.000689518 -0.00170077 0.000683481 0.999994 -0.00324317 0.00170323 0.00324183 0.999994 0.188184 0.238881 0.0278388
FixedParameters: 0 0 0

#Transform 61
Transform: AffineTransform_float_3_3
Parameters: 0.999998 6.17951e-05 -0.00166405 -6.32046e-05 0.999999 -0.000723896 0.00166395 0.000724104 0.999999 0.131008 0.0779596 0.296787
FixedParameters: 0 0 0

#Transform 62
Transform: AffineTransform_float_3_3
Parameters: 0.999999 -0.000337613 -0.00123329 0.000335387 0.999997 -0.00211841 0.00123371 0.00211758 0.999997 0.114239 0.23326 0.13348
FixedParameters: 0 0 0

#Transform 63
Transform: AffineTransform_float_3_3
Parameters: 1 0.000172043 -0.00105516 -0.000172957 1 -0.000906819 0.00105484 0.000907183 0.999999 0.0822978 0.0960203 0.252863
FixedParameters: 0 0 0

#Transform 64
Transform: AffineTransform_float_3_3
Parameters: 0.999999 0.00017119 -0.00128724 -0.000172811 0.999999 -0.00140578 0.00128776 0.00140622 0.999998 0.0867226 0.155599 0.176196
FixedParameters: 0 0 0

#Transform 65
Transform: AffineTransform_float_3_3
Parameters: 0.999999 0.000168881 -0.00126256 -0.000173117 0.999994 -0.00326278 0.00126144 0.00326321 0.999994 0.070261 0.216006 0.118681
FixedParameters: 0 0 0

#Transform 66
Transform: AffineTransform_float_3_3
Parameters: 0.999998 -0.000108623 -0.00158789 0.000107377 1 -0.00102217 0.00158811 0.00102183 0.999998 0.0922047 0.0694674 0.274346
FixedParameters: 0 0 0

#Transform 67
Transform: AffineTransform_float_3_3
Parameters: 0.999998 -0.000688565 -0.00158559 0.000683432 0.999993 -0.00350809 0.00158841 0.00350691 0.999992 0.134881 0.265246 -0.159827
FixedParameters: 0 0 0

#Transform 68
Transform: AffineTransform_float_3_3
Parameters: 0.999998 -0.000256213 -0.00158764 0.000253787 0.999999 -0.0013934 0.00158835 0.00139359 0.999998 0.125525 0.0935784 0.243846
FixedParameters: 0 0 0

#Transform 69
Transform: AffineTransform_float_3_3
Parameters: 0.999999 -0.000522864 -0.00174314 0.000520136 0.999998 -0.00164291 0.00174386 0.00164209 0.999997 0.139362 0.143557 0.250174
FixedParameters: 0 0 0

#Transform 70
Transform: AffineTransform_float_3_3
Parameters: 0.999999 -0.000514529 -0.00133364 0.000511473 0.999997 -0.00264469 0.00133436 0.00264432 0.999996 0.113762 0.246727 -0.0841761
FixedParameters: 0 0 0

#Transform 71
Transform: AffineTransform_float_3_3
Parameters: 0.999999 -0.000433896 -0.00170377 0.000433105 1 -0.000525739 0.00170423 0.000525261 0.999999 0.198446 0.0460156 0.310803
FixedParameters: 0 0 0

#Transform 72
Transform: AffineTransform_float_3_3
Parameters: 0.999996 -0.000509116 -0.00257917 0.000509883 1 0.000341686 0.00257882 -0.000343314 0.999996 0.393015 -0.00758913 0.253655
FixedParameters: 0 0 0

#Transform 73
Transform: AffineTransform_float_3_3
Parameters: 0.999996 -0.000285748 -0.00273341 0.000280251 0.999997 -0.00210277 0.0027346 0.00210223 0.999994 0.333067 0.183157 -0.105057
FixedParameters: 0 0 0

#Transform 74
Transform: AffineTransform_float_3_3
Parameters: 0.999997 -0.000659415 -0.00231588 0.000658586 1 -0.000179526 0.00231612 0.000178473 0.999998 0.311407 0.0114881 0.417581
FixedParameters: 0 0 0

#Transform 75
Transform: AffineTransform_float_3_3
Parameters: 0.999996 -0.000390736 -0.00299891 0.000389267 1 -0.000245169 0.0029981 0.00024483 0.999996 0.32321 0.110609 0.172325
FixedParameters: 0 0 0

#Transform 76
Transform: AffineTransform_float_3_3
Parameters: 0.999996 7.92125e-05 -0.00257218 -8.47866e-05 0.999998 -0.00224979 0.00257182 0.00225021 0.999994 0.258932 0.201495 0.0708486
FixedParameters: 0 0 0

#Transform 77
Transform: AffineTransform_float_3_3
Parameters: 0.999999 5.04947e-05 -0.00177504 -5.15051e-05 0.999999 -0.00084791 0.00177496 0.000848091 0.999998 0.188075 0.0977937 0.322244
FixedParameters: 0 0 0

#Transform 78
Transform: AffineTransform_float_3_3
Parameters: 0.999998 0.000201187 -0.00165759 -0.000205814 0.999996 -0.00290366 0.00165741 0.00290434 0.999995 0.156618 0.254017 0.116882
FixedParameters: 0 0 0

#Transform 79
Transform: AffineTransform_float_3_3
Parameters: 0.999998 0.000406597 -0.00190987 -0.000406401 1 0.000313777 0.00191013 -0.000312224 0.999998 0.139394 0.0420022 0.330642
FixedParameters: 0 0 0

#Transform 80
Transform: AffineTransform_float_3_3
Parameters: 0.999998 3.05433e-05 -0.00168403 -3.24566e-05 0.999999 -0.000864946 0.00168397 0.000865053 0.999998 0.139783 0.186417 0.180834
FixedParameters: 0 0 0

#Transform 81
Transform: AffineTransform_float_3_3
Parameters: 0.999999 0.000540033 -0.00128757 -0.000538967 0.999999 0.000802694 0.00128743 -0.000802305 0.999999 0.0963862 0.0164093 0.331608
FixedParameters: 0 0 0

#Transform 82
Transform: AffineTransform_float_3_3
Parameters: 0.999999 0.000182633 -0.00148005 -0.000182368 1 -0.00024873 0.00147995 0.000248271 0.999999 0.107728 0.1483 0.164887
FixedParameters: 0 0 0

#Transform 83
Transform: AffineTransform_float_3_3
Parameters: 0.999999 0.000608818 -0.00116157 -0.000608182 0.999999 0.000704707 0.00116143 -0.000704293 0.999999 0.0900606 0.0245035 0.317496
FixedParameters: 0 0 0

#Transform 84
Transform: AffineTransform_float_3_3
Parameters: 0.999998 0.000239069 -0.00174199 -0.00023893 1 4.04163e-05 0.00174201 -3.95836e-05 0.999998 0.119009 0.109654 0.195043
FixedParameters: 0 0 0

#Transform 85
Transform: AffineTransform_float_3_3
Parameters: 0.999999 0.000686043 -0.0016234 -0.000686957 0.999999 -0.000588885 0.0016236 0.000590114 0.999998 0.085436 0.13676 0.11172
FixedParameters: 0 0 0

#Transform 86
Transform: AffineTransform_float_3_3
Parameters: 0.999999 0.000687442 -0.00173683 -0.000686558 0.999999 0.000255193 0.00173718 -0.000253806 0.999999 0.0713312 0.0399955 0.256368
FixedParameters: 0 0 0

#Transform 87
Transform: AffineTransform_float_3_3
Parameters: 0.999999 0.000683981 -0.0017252 -0.000687019 0.999998 -0.00174982 0.0017238 0.00175118 0.999997 0.05198 0.213264 0.0018972
FixedParameters: 0 0 0

#Transform 88
Transform: AffineTransform_float_3_3
Parameters: 0.999999 0.000783018 -0.00128438 -0.000781982 1 0.000793005 0.00128462 -0.000791995 0.999999 0.00567175 0.0461079 0.240266
FixedParameters: 0 0 0

#Transform 89
Transform: AffineTransform_float_3_3
Parameters: 0.999998 0.000579364 -0.00198789 -0.000578635 1 0.000184151 0.00198811 -0.000182849 0.999998 0.0608828 0.160606 0.0482907
FixedParameters: 0 0 0

#Transform 90
Transform: AffineTransform_float_3_3
Parameters: 0.999998 0.000685875 -0.0015475 -0.000687124 0.999999 -0.000725937 0.0015475 0.000727062 0.999998 0.0431948 0.111854 0.238441
FixedParameters: 0 0 0

#Transform 91
Transform: AffineTransform_float_3_3
Parameters: 0.999998 0.000886486 -0.00147871 -0.000886512 0.999999 0.000330311 0.00147829 -0.00032869 0.999999 0.0590669 0.110128 0.274299
FixedParameters: 0 0 0

#Transform 92
Transform: AffineTransform_float_3_3
Parameters: 0.999997 0.0006933 -0.00208257 -0.000697698 0.999997 -0.00225655 0.00208043 0.00225845 0.999996 0.0905075 0.257474 -0.111004
FixedParameters: 0 0 0

#Transform 93
Transform: AffineTransform_float_3_3
Parameters: 0.999998 0.000847433 -0.00137935 -0.000847566 0.999999 -0.000409831 0.00137965 0.00041117 0.999999 0.0258222 0.0762625 0.24488
FixedParameters: 0 0 0

#Transform 94
Transform: AffineTransform_float_3_3
Parameters: 0.999998 0.000942517 -0.00135234 -0.000942481 0.999999 -0.000355726 0.00135166 0.000357274 0.999999 0.0551377 0.146573 0.0968003
FixedParameters: 0 0 0

#Transform 95
Transform: AffineTransform_float_3_3
Parameters: 0.999997 0.000617736 -0.00208167 -0.000620264 0.999999 -0.00108771 0.00208033 0.00108829 0.999997 0.10431 0.13923 0.0494913
FixedParameters: 0 0 0

#Transform 96
Transform: AffineTransform_float_3_3
Parameters: 0.999998 0.000619788 -0.00181707 -0.000620212 1 -0.000115873 0.00181693 0.000117126 0.999999 0.0731987 0.0855854 0.211945
FixedParameters: 0 0 0

#Transform 97
Transform: AffineTransform_float_3_3
Parameters: 0.999997 0.000615923 -0.00208221 -0.000620078 0.999998 -0.00195871 0.00208079 0.00195929 0.999996 0.108806 0.236001 -0.133784
FixedParameters: 0 0 0

#Transform 98
Transform: AffineTransform_float_3_3
Parameters: 0.999998 0.000619191 -0.00161531 -0.000619808 0.999999 -0.000499999 0.00161469 0.000501 0.999998 0.0565669 0.0901783 0.240723
FixedParameters: 0 0 0

#Transform 99
Transform: AffineTransform_float_3_3
Parameters: 0.999999 0.000279994 -0.001816 -0.000280005 1 -2.49152e-06 0.001816 3.50848e-06 0.999999 0.0853403 0.115577 0.13157
FixedParameters: 0 0 0

#Transform 100
Transform: AffineTransform_float_3_3
Parameters: 0.999998 0.000369505 -0.00166978 -0.000372495 0.999997 -0.00209338 0.00166922 0.00209362 0.999997 0.0861857 0.250065 -0.0796143
FixedParameters: 0 0 0

#Transform 101
Transform: AffineTransform_float_3_3
Parameters: 0.999999 0.00061965 -0.00131317 -0.00062035 1 -0.000266186 0.00131283 0.000266814 0.999999 0.0524815 0.0842387 0.275362
FixedParameters: 0 0 0

#Transform 102
Transform: AffineTransform_float_3_3
Parameters: 0.999999 0.000617654 -0.00138505 -0.000620346 0.999999 -0.00169414 0.00138395 0.00169486 0.999997 0.0526392 0.264136 -0.221679
FixedParameters: 0 0 0

#Transform 103
Transform: AffineTransform_float_3_3
Parameters: 0.99999 0.00179499 -0.00391809 -0.00179301 0.999999 0.00051203 0.00391891 -0.000504971 0.999992 0.102617 0.0966538 0.200509
FixedParameters: 0 0 0

#Transform 104
Transform: AffineTransform_float_3_3
Parameters: 0.999995 0.00169684 -0.00289044 -0.00170116 0.999997 -0.00143609 0.00288856 0.00144091 0.999995 0.0318079 0.289105 -0.101434
FixedParameters: 0 0 0

#Transform 105
Transform: AffineTransform_float_3_3
Parameters: 0.999991 0.00316652 -0.0028542 -0.00317248 0.999993 -0.00226797 0.0028478 0.00227704 0.999994 -0.128086 0.312533 -0.207399
FixedParameters: 0 0 0

#Transform 106
Transform: AffineTransform_float_3_3
Parameters: 0.999989 0.0034391 -0.00315844 -0.0034449 0.999993 -0.00186414 0.00315156 0.00187586 0.999994 -0.128555 0.249194 -0.0641501
FixedParameters: 0 0 0

#Transform 107
Transform: AffineTransform_float_3_3
Parameters: 0.999991 0.00353366 -0.00262128 -0.00354234 0.999988 -0.00318274 0.00260972 0.00319125 0.999991 -0.167755 0.381466 -0.235882
FixedParameters: 0 0 0

#Transform 108
Transform: AffineTransform_float_3_3
Parameters: 0.999992 0.0029878 -0.00239475 -0.0029902 0.999995 -0.000916846 0.00239125 0.000924151 0.999996 -0.078616 0.159595 0.133453
FixedParameters: 0 0 0

#Transform 109
Transform: AffineTransform_float_3_3
Parameters: 0.999996 0.00152982 -0.00265983 -0.00153318 0.999998 -0.00119293 0.00265817 0.00119707 0.999996 0.0543477 0.254993 -0.225885
FixedParameters: 0 0 0

#Transform 110
Transform: AffineTransform_float_3_3
Parameters: 0.999993 0.00230742 -0.0026995 -0.00230858 0.999998 -0.000212769 0.0026995 0.00021923 0.999997 0.00167817 0.1414 0.0353539
FixedParameters: 0 0 0

#Transform 111
Transform: AffineTransform_float_3_3
Parameters: 0.999994 0.0019671 -0.0029846 -0.00196891 0.999998 -0.000300126 0.00298341 0.000305871 0.999996 0.0259533 0.142835 0.0831802
FixedParameters: 0 0 0

#Transform 112
Transform: AffineTransform_float_3_3
Parameters: 0.999992 0.00211866 -0.0031719 -0.00212233 0.999997 -0.00136428 0.0031681 0.00137172 0.999994 0.031128 0.276004 -0.257234
FixedParameters: 0 0 0

#Transform 113
Transform: AffineTransform_float_3_3
Parameters: 0.99999 0.00230913 -0.00364028 -0.00230787 0.999998 0.000314404 0.00364072 -0.000305596 0.999994 0.0414413 0.106151 0.0831783
FixedParameters: 0 0 0

#Transform 114
Transform: AffineTransform_float_3_3
Parameters: 0.999992 0.00219693 -0.00337565 -0.00220106 0.999997 -0.00120058 0.00337235 0.00120842 0.999993 0.0402834 0.266779 -0.15552
FixedParameters: 0 0 0

#Transform 115
Transform: AffineTransform_float_3_3
Parameters: 0.999992 0.00230415 -0.00331967 -0.00230785 0.999996 -0.00115635 0.00331732 0.00116465 0.999994 0.00933987 0.232896 -0.121051
FixedParameters: 0 0 0

#Transform 116
Transform: AffineTransform_float_3_3
Parameters: 0.999991 0.0026192 -0.00337662 -0.0026198 0.999996 -0.000232156 0.00337638 0.000240846 0.999995 0.0034561 0.135778 -0.010035
FixedParameters: 0 0 0

#Transform 117
Transform: AffineTransform_float_3_3
Parameters: 0.999992 0.00231723 -0.00327467 -0.00232077 0.999996 -0.00114741 0.00327233 0.00115559 0.999994 0.00412591 0.265461 -0.187476
FixedParameters: 0 0 0

#Transform 118
Transform: AffineTransform_float_3_3
Parameters: 0.999993 0.00234917 -0.00311763 -0.00234983 0.999997 -0.000263676 0.00311737 0.000271325 0.999995 -0.0155245 0.134838 0.0340139
FixedParameters: 0 0 0

#Transform 119
Transform: AffineTransform_float_3_3
Parameters: 0.999993 0.00213929 -0.00311256 -0.00214371 0.999997 -0.00119034 0.00311045 0.00119666 0.999995 0.00762412 0.286176 -0.188874
FixedParameters: 0 0 0

#Transform 120
Transform: AffineTransform_float_3_3
Parameters: 0.999992 0.00211686 -0.0031721 -0.00211714 0.999998 -4.22845e-05 0.0031719 4.87148e-05 0.999995 -0.00944491 0.14363 0.000678725
FixedParameters: 0 0 0

#Transform 121
Transform: AffineTransform_float_3_3
Parameters: 0.999992 0.0022839 -0.00330146 -0.0022861 0.999997 -0.000633458 0.00329954 0.000641541 0.999995 0.00535963 0.22941 -0.160418
FixedParameters: 0 0 0

#Transform 122
Transform: AffineTransform_float_3_3
Parameters: 0.999993 0.00210404 -0.00330125 -0.00210596 0.999997 -0.000589052 0.00329976 0.000595947 0.999995 0.0413175 0.190147 0.0416247
FixedParameters: 0 0 0

#Transform 123
Transform: AffineTransform_float_3_3
Parameters: 0.999991 0.00111688 -0.00412495 -0.00111312 0.999999 0.0009426 0.00412605 -0.0009384 0.999991 0.168509 0.112464 0.0795859
FixedParameters: 0 0 0

#Transform 124
Transform: AffineTransform_float_3_3
Parameters: 0.999996 0.00155622 -0.00238451 -0.00155678 0.999998 -0.000327289 0.00238449 0.000330712 0.999997 0.00891805 0.210384 -0.209753
FixedParameters: 0 0 0

#Transform 125
Transform: AffineTransform_float_3_3
Parameters: 0.99999 0.00241819 -0.00389578 -0.00241281 0.999996 0.00133741 0.00389922 -0.00132758 0.999991 0.134498 0.076838 0.100838
FixedParameters: 0 0 0

#Transform 126
Transform: AffineTransform_float_3_3
Parameters: 0.999991 0.00286044 -0.00310467 -0.00285856 0.999996 0.000468879 0.00310633 -0.000460119 0.999995 0.0419905 0.194187 -0.33604
FixedParameters: 0 0 0

#Transform 127
Transform: AffineTransform_float_3_3
Parameters: 0.999984 0.00327346 -0.00472838 -0.00327354 0.999994 -0.000106523 0.00472763 0.000122478 0.999989 0.181613 0.130956 -0.322792
FixedParameters: 0 0 0

#Transform 128
Transform: AffineTransform_float_3_3
Parameters: 0.99998 0.00279692 -0.0056651 -0.00278908 0.999995 0.00140583 0.0056699 -0.00139017 0.999983 0.266404 0.0484866 -0.0740716
FixedParameters: 0 0 0

#Transform 129
Transform: AffineTransform_float_3_3
Parameters: 0.999984 0.00205692 -0.00525742 -0.00205808 0.999998 -0.000200183 0.00525758 0.000210818 0.999986 0.171454 0.22084 -0.592542
FixedParameters: 0 0 0

#Transform 130
Transform: AffineTransform_float_3_3
Parameters: 0.999987 0.00291125 -0.00403582 -0.00291075 0.999996 6.77481e-05 0.00403618 -5.62503e-05 0.999992 0.0427649 0.0921165 -0.337986
FixedParameters: 0 0 0

#Transform 131
Transform: AffineTransform_float_3_3
Parameters: 0.999989 0.00251195 -0.0037787 -0.00250905 0.999996 0.000520486 0.00378029 -0.000511509 0.999992 0.0272142 0.136538 -0.296179
FixedParameters: 0 0 0

#Transform 132
Transform: AffineTransform_float_3_3
Parameters: 0.999984 0.00256491 -0.00507456 -0.00256809 0.999996 -0.000602977 0.00507243 0.00061602 0.999987 0.130828 0.215346 -0.539365
FixedParameters: 0 0 0

#Transform 133
Transform: AffineTransform_float_3_3
Parameters: 0.999981 0.00319493 -0.00522838 -0.00318907 0.999995 0.0011427 0.00523262 -0.0011253 0.999985 0.177799 0.0314677 0.0133015
FixedParameters: 0 0 0

#Transform 134
Transform: AffineTransform_float_3_3
Parameters: 0.999986 0.00282114 -0.00447091 -0.00282186 0.999996 3.66168e-05 0.00447109 -2.43868e-05 0.99999 0.0939227 0.228188 -0.489298
FixedParameters: 0 0 0

#Transform 135
Transform: AffineTransform_float_3_3
Parameters: 0.999988 0.00253979 -0.00405538 -0.0025412 0.999996 -0.0005387 0.00405461 0.000549304 0.999991 0.0587486 0.203039 -0.38994
FixedParameters: 0 0 0

#Transform 136
Transform: AffineTransform_float_3_3
Parameters: 0.999986 0.00284817 -0.00444961 -0.00284583 0.999996 0.00049367 0.00445139 -0.000481328 0.99999 0.0924281 0.0826659 -0.118908
FixedParameters: 0 0 0

#Transform 137
Transform: AffineTransform_float_3_3
Parameters: 0.999989 0.002415 -0.00418374 -0.00241801 0.999997 -0.000713892 0.00418227 0.000723108 0.999991 0.0681633 0.249649 -0.507084
FixedParameters: 0 0 0

#Transform 138
Transform: AffineTransform_float_3_3
Parameters: 0.999988 0.00300984 -0.00388658 -0.00300816 0.999996 0.000478698 0.00388842 -0.000467302 0.999993 0.0526216 0.0795337 -0.0796301
FixedParameters: 0 0 0

#Transform 139
Transform: AffineTransform_float_3_3
Parameters: 0.999985 0.00304719 -0.00458921 -0.00304581 0.999996 0.000266982 0.00459079 -0.000253015 0.99999 0.0898177 0.210215 -0.142652
FixedParameters: 0 0 0

#Transform 140
Transform: AffineTransform_float_3_3
Parameters: 0.999987 0.00287376 -0.00426518 -0.00287723 0.999995 -0.000752737 0.00426281 0.00076526 0.99999 0.0627362 0.249326 -0.31064
FixedParameters: 0 0 0

#Transform 141
Transform: AffineTransform_float_3_3
Parameters: 0.999986 0.00321525 -0.00424854 -0.00321175 0.999994 0.000771656 0.00425046 -0.000758344 0.99999 0.0589584 0.0914555 0.00419022
FixedParameters: 0 0 0

#Transform 142
Transform: AffineTransform_float_3_3
Parameters: 0.999985 0.00290321 -0.00465938 -0.00289879 0.999996 0.00091052 0.00466262 -0.000896477 0.999988 0.0945752 0.165399 -0.152665
FixedParameters: 0 0 0

#Transform 143
Transform: AffineTransform_float_3_3
Parameters: 0.999986 0.00317249 -0.00420814 -0.00317352 0.999995 -0.00035365 0.00420686 0.000366351 0.999991 0.0770911 0.214756 -0.29037
FixedParameters: 0 0 0

#Transform 144
Transform: AffineTransform_float_3_3
Parameters: 0.99998 0.00331326 -0.00525042 -0.00330574 0.999993 0.00139138 0.00525458 -0.00137462 0.999985 0.14686 0.0742172 -0.0477726
FixedParameters: 0 0 0

#Transform 145
Transform: AffineTransform_float_3_3
Parameters: 0.999983 0.00301559 -0.00503605 -0.00301341 0.999996 0.000324181 0.00503695 -0.000308816 0.999988 0.121809 0.222013 -0.55761
FixedParameters: 0 0 0

#Transform 146
Transform: AffineTransform_float_3_3
Parameters: 0.999978 0.00256576 -0.00614135 -0.00256924 0.999996 -0.000519233 0.00613965 0.000534765 0.999981 0.30324 0.1776 -0.0137881
FixedParameters: 0 0 0

#Transform 147
Transform: AffineTransform_float_3_3
Parameters: 0.99998 0.00279156 -0.00568523 -0.00279044 0.999996 0.00028287 0.00568577 -0.000267133 0.999984 0.248152 0.234893 -0.250602
FixedParameters: 0 0 0

#Transform 148
Transform: AffineTransform_float_3_3
Parameters: 0.999983 0.00305207 -0.00491996 -0.00305193 0.999996 2.20157e-05 0.00492004 -6.98379e-06 0.999988 0.158122 0.176575 -0.152419
FixedParameters: 0 0 0

#Transform 149
Transform: AffineTransform_float_3_3
Parameters: 0.999984 0.00329157 -0.00459673 -0.00328643 0.999994 0.00100112 0.00460027 -0.000985874 0.999989 0.137734 0.131871 -0.115533
FixedParameters: 0 0 0

#Transform 150
Transform: AffineTransform_float_3_3
Parameters: 0.999985 0.00155548 -0.00513606 -0.00155852 0.999998 -0.000682005 0.00513493 0.000689997 0.999986 0.282698 0.296147 -0.654254
FixedParameters: 0 0 0

#Transform 151
Transform: AffineTransform_float_3_3
Parameters: 0.999987 0.00102445 -0.00496153 -0.00102655 1 -0.000511913 0.00496047 0.000517088 0.999987 0.397944 0.136497 -0.267635
FixedParameters: 0 0 0

#Transform 152
Transform: AffineTransform_float_3_3
Parameters: 0.999991 0.00108817 -0.00425821 -0.00108883 1 -0.000193365 0.00425779 0.000197635 0.999991 0.290326 0.232247 -0.387795
FixedParameters: 0 0 0

#Transform 153
Transform: AffineTransform_float_3_3
Parameters: 0.999992 -0.000594307 -0.00396321 0.000588691 0.999999 -0.00134034 0.00396479 0.00133765 0.999991 0.34499 0.277879 -0.514919
FixedParameters: 0 0 0

#Transform 154
Transform: AffineTransform_float_3_3
Parameters: 0.999986 0.000426322 -0.00529197 -0.000425676 1 6.22535e-05 0.00529203 -5.97447e-05 0.999986 0.44522 0.156486 -0.0377526
FixedParameters: 0 0 0

#Transform 155
Transform: AffineTransform_float_3_3
Parameters: 0.999979 -0.000123396 -0.00637479 0.000112605 0.999999 -0.00178776 0.00637521 0.00178725 0.999978 0.540078 0.359613 -0.556512
FixedParameters: 0 0 0

#Transform 156
Transform: AffineTransform_float_3_3
Parameters: 0.999973 0.00133028 -0.00725013 -0.00133172 0.999999 -9.43474e-05 0.00724987 0.000103647 0.999973 0.604231 0.152687 -0.11013
FixedParameters: 0 0 0

#Transform 157
Transform: AffineTransform_float_3_3
Parameters: 0.99998 0.000175023 -0.00630029 -0.000184975 0.999998 -0.00158287 0.00629972 0.00158413 0.999979 0.483865 0.347927 -0.750957
FixedParameters: 0 0 0

#Transform 158
Transform: AffineTransform_float_3_3
Parameters: 0.999989 0.00048167 -0.00466497 -0.000491333 0.999998 -0.00199973 0.00466403 0.00200127 0.999987 0.366472 0.218655 -0.439563
FixedParameters: 0 0 0

#Transform 159
Transform: AffineTransform_float_3_3
Parameters: 0.999987 0.000400016 -0.0050504 -0.000404984 1 -0.000985968 0.0050496 0.000988033 0.999987 0.359892 0.276534 -0.522723
FixedParameters: 0 0 0

#Transform 160
Transform: AffineTransform_float_3_3
Parameters: 0.999986 0.000287031 -0.0053206 -0.00029797 0.999998 -0.00206144 0.00531939 0.00206256 0.999983 0.40952 0.281828 -0.481577
FixedParameters: 0 0 0

#Transform 161
Transform: AffineTransform_float_3_3
Parameters: 0.999986 0.000705111 -0.00534632 -0.00071489 0.999998 -0.0018482 0.00534469 0.0018518 0.999984 0.427709 0.227068 -0.111317
FixedParameters: 0 0 0

#Transform 162
Transform: AffineTransform_float_3_3
Parameters: 0.999991 0.000408535 -0.00406048 -0.000422463 0.999993 -0.00356131 0.00405952 0.00356369 0.999986 0.29746 0.409801 -0.265493
FixedParameters: 0 0 0

#Transform 163
Transform: AffineTransform_float_3_3
Parameters: 0.999995 0.0011 -0.00317809 -0.001106 0.999997 -0.0018875 0.00317592 0.0018915 0.999993 0.178422 0.184362 0.195076
FixedParameters: 0 0 0

#Transform 164
Transform: AffineTransform_float_3_3
Parameters: 0.999993 0.000797832 -0.00346696 -0.000802169 0.999999 -0.00120123 0.00346604 0.00120377 0.999994 0.203715 0.253979 -0.0139162
FixedParameters: 0 0 0

#Transform 165
Transform: AffineTransform_float_3_3
Parameters: 0.999992 0.0016969 -0.00346999 -0.0017031 0.999997 -0.0017551 0.00346701 0.0017609 0.999993 0.15635 0.233817 -0.0128296
FixedParameters: 0 0 0

#Transform 166
Transform: AffineTransform_float_3_3
Parameters: 0.999992 0.00198833 -0.00348124 -0.00198767 0.999998 0.000385923 0.00348176 -0.00037808 0.999994 0.126351 0.100533 0.0714476
FixedParameters: 0 0 0

#Transform 167
Transform: AffineTransform_float_3_3
Parameters: 0.999995 0.00188209 -0.00248948 -0.00188791 0.999995 -0.00237331 0.00248552 0.00237769 0.999994 0.0790125 0.268123 -0.0997901
FixedParameters: 0 0 0

#Transform 168
Transform: AffineTransform_float_3_3
Parameters: 0.999992 0.00182091 -0.00335613 -0.00182309 0.999998 -0.000619886 0.00335486 0.000626114 0.999994 0.0794462 0.120586 0.175697
FixedParameters: 0 0 0

#Transform 169
Transform: AffineTransform_float_3_3
Parameters: 0.999996 0.00160613 -0.00261623 -0.00161288 0.999995 -0.00262779 0.00261177 0.00263221 0.999993 0.0403073 0.277884 -0.172108
FixedParameters: 0 0 0

#Transform 170
Transform: AffineTransform_float_3_3
Parameters: 0.999993 0.0021919 -0.00297155 -0.0021931 0.999998 -0.000704488 0.00296945 0.000711514 0.999996 0.0641322 0.107602 0.220351
FixedParameters: 0 0 0

#Transform 171
Transform: AffineTransform_float_3_3
Parameters: 0.999994 0.00195322 -0.00308776 -0.00195577 0.999997 -0.000895967 0.00308524 0.000902032 0.999995 0.0943587 0.146338 0.285985
FixedParameters: 0 0 0

#Transform 172
Transform: AffineTransform_float_3_3
Parameters: 0.999994 0.00163177 -0.00323914 -0.00163623 0.999998 -0.00130471 0.00323786 0.00131029 0.999994 0.117967 0.226624 -0.135838
FixedParameters: 0 0 0

#Transform 173
Transform: AffineTransform_float_3_3
Parameters: 0.999992 0.00158477 -0.00349292 -0.00158923 0.999998 -0.00120746 0.00349108 0.00121254 0.999993 0.147814 0.119299 0.14154
FixedParameters: 0 0 0

#Transform 174
Transform: AffineTransform_float_3_3
Parameters: 0.999992 0.00158742 -0.00350471 -0.00158858 0.999998 -0.000448436 0.00350428 0.000453566 0.999994 0.168859 0.114944 0.169027
FixedParameters: 0 0 0

#Transform 175
Transform: AffineTransform_float_3_3
Parameters: 0.999996 0.00158658 -0.00241659 -0.00158842 0.999998 -0.00100117 0.00241541 0.00100484 0.999996 0.192026 0.185472 -0.403142
FixedParameters: 0 0 0

#Transform 176
Transform: AffineTransform_float_3_3
Parameters: 0.999975 0.00339037 -0.00611556 -0.00339462 0.999994 -0.000746258 0.00611243 0.000767742 0.999981 0.323334 0.0666629 0.13057
FixedParameters: 0 0 0

#Transform 177
Transform: AffineTransform_float_3_3
Parameters: 0.999984 0.00349337 -0.00460076 -0.00349763 0.999993 -0.000781921 0.00459724 0.000798073 0.999989 0.157944 0.169874 -0.0131416
FixedParameters: 0 0 0

#Transform 178
Transform: AffineTransform_float_3_3
Parameters: 0.999981 0.0042747 -0.00430623 -0.00429029 0.999984 -0.00354759 0.00429177 0.00356641 0.999985 -0.0190443 0.350292 -0.595577
FixedParameters: 0 0 0

#Transform 179
Transform: AffineTransform_float_3_3
Parameters: 0.999975 0.00594112 -0.00386568 -0.00594988 0.999979 -0.00229006 0.00385132 0.00231294 0.99999 -0.113277 0.167965 -0.0404155
FixedParameters: 0 0 0

#Transform 180
Transform: AffineTransform_float_3_3
Parameters: 0.999976 0.00509012 -0.00464894 -0.00510088 0.999985 -0.00233134 0.00463707 0.00235466 0.999987 0.017172 0.305296 -0.379894
FixedParameters: 0 0 0

#Transform 181
Transform: AffineTransform_float_3_3
Parameters: 0.999976 0.00466492 -0.00524493 -0.00468508 0.999981 -0.00382252 0.00522608 0.00384647 0.999979 -0.0376463 0.382655 -0.672599
FixedParameters: 0 0 0

#Transform 182
Transform: AffineTransform_float_3_3
Parameters: 0.999984 0.00279972 -0.00480766 -0.00280628 0.999995 -0.00129953 0.00480333 0.00131347 0.999987 0.168149 0.158261 -0.0987949
FixedParameters: 0 0 0

#Transform 183
Transform: AffineTransform_float_3_3
Parameters: 0.999981 0.00242829 -0.00563736 -0.00244271 0.999993 -0.00260428 0.00563064 0.00261772 0.99998 0.228365 0.339994 -0.732028
FixedParameters: 0 0 0

#Transform 184
Transform: AffineTransform_float_3_3
Parameters: 0.999987 0.00211295 -0.00464904 -0.00212405 0.999995 -0.00237316 0.00464396 0.00238284 0.999987 0.258524 0.200444 -0.373537
FixedParameters: 0 0 0

#Transform 185
Transform: AffineTransform_float_3_3
Parameters: 0.999984 0.00250616 -0.00518577 -0.00251585 0.999995 -0.00189298 0.00518023 0.00190601 0.999985 0.230148 0.29076 -0.524527
FixedParameters: 0 0 0

#Transform 186
Transform: AffineTransform_float_3_3
Parameters: 0.999979 0.00257569 -0.00583811 -0.0025933 0.999991 -0.00312992 0.00582989 0.00314508 0.999978 0.276143 0.277976 -0.578712
FixedParameters: 0 0 0

#Transform 187
Transform: AffineTransform_float_3_3
Parameters: 0.999983 0.00232784 -0.00535699 -0.00233717 0.999996 -0.00170551 0.00535301 0.00171749 0.999984 0.336728 0.216188 -0.169784
FixedParameters: 0 0 0

#Transform 188
Transform: AffineTransform_float_3_3
Parameters: 0.999972 0.00183834 -0.00716485 -0.00186066 0.999994 -0.00315676 0.00715915 0.00317025 0.99997 0.364325 0.42948 -1.0473
FixedParameters: 0 0 0

#Transform 189
Transform: AffineTransform_float_3_3
