#Insight Transform File V1.0
#Transform 0
Transform: AffineTransform_float_3_3
Parameters: 0.999999 0.000196178 -0.000946962 -0.000196822 1 0.000188186 0.000947036 -0.000187814 0.999999 -0.0265531 -0.0214047 -0.108619
FixedParameters: 0 0 0

#Transform 1
Transform: AffineTransform_float_3_3
Parameters: 0.999999 0.000138499 -0.00137475 -0.000136502 0.999999 0.00181819 0.00137425 -0.00181781 0.999998 -0.0192555 -0.108345 0.0055385
FixedParameters: 0 0 0

#Transform 2
Transform: AffineTransform_float_3_3
Parameters: 0.999999 2.76488e-07 -0.000855999 2.76488e-07 1 0.000323 0.000855999 -0.000323 0.999999 -0.0201486 0.01647 -0.140194
FixedParameters: 0 0 0

#Transform 3
Transform: AffineTransform_float_3_3
Parameters: 0.999999 9.06288e-07 -0.001264 -9.3711e-08 0.999999 0.000717 0.001264 -0.000716999 0.999999 -0.0221153 -0.058531 -0.0576786
FixedParameters: 0 0 0

#Transform 4
Transform: AffineTransform_float_3_3
Parameters: 0.999999 0.000130886 -0.00072002 -0.000131114 1 -0.000157906 0.000719979 0.000158094 0.999999 -0.0185642 -0.0239278 -0.117416
FixedParameters: 0 0 0

#Transform 5
Transform: AffineTransform_float_3_3
Parameters: 0.999999 -2.3004e-08 -0.000851999 -2.3004e-08 1 -2.7e-05 0.000851999 2.7e-05 0.999999 -0.0151495 -0.00166786 -0.062953
FixedParameters: 0 0 0

#Transform 6
Transform: AffineTransform_float_3_3
Parameters: 1 -2.72194e-07 -0.001102 -2.72194e-07 1 -0.000247 0.001102 0.000247 1 0.00809853 -0.00316571 -0.0520473
FixedParameters: 0 0 0

#Transform 7
Transform: AffineTransform_float_3_3
Parameters: 0.999999 -5.72544e-07 -0.000852 4.27455e-07 1 -0.000672001 0.000852001 0.000672 1 0.0153857 0.0661895 -0.0420037
FixedParameters: 0 0 0

#Transform 8
Transform: AffineTransform_float_3_3
Parameters: 0.999999 -9.28679e-08 -0.000851999 -9.28679e-08 1 -0.000109 0.000851999 0.000109 0.999999 0.021337 -0.0183186 -0.0552934
FixedParameters: 0 0 0

#Transform 9
Transform: AffineTransform_float_3_3
Parameters: 1 -9.21647e-05 -0.0011019 9.08351e-05 0.999999 -0.0010571 0.0011021 0.0010569 0.999999 0.0364456 0.0914564 -0.0731014
FixedParameters: 0 0 0

#Transform 10
Transform: AffineTransform_float_3_3
Parameters: 1 3.5496e-07 -0.00116 3.5496e-07 1 0.000306 0.00116 -0.000306 1 0.0316712 0.00268994 0.0304277
FixedParameters: 0 0 0

#Transform 11
Transform: AffineTransform_float_3_3
Parameters: 0.999999 1.67844e-07 -0.000851999 1.67844e-07 1 0.000197 0.000851999 -0.000197 0.999999 0.0275704 0.0078572 -0.0345852
FixedParameters: 0 0 0

#Transform 12
Transform: AffineTransform_float_3_3
Parameters: 0.999999 8.26439e-08 -0.000851999 8.26439e-08 1 9.69999e-05 0.000851999 -9.69999e-05 0.999999 0.0276002 0.0874422 -0.069627
FixedParameters: 0 0 0

#Transform 13
Transform: AffineTransform_float_3_3
Parameters: 0.999999 6.56892e-07 -0.000852 -3.43107e-07 0.999999 0.000771001 0.000852 -0.000771 1 0.0275366 -0.0251405 0.00149243
FixedParameters: 0 0 0

#Transform 14
Transform: AffineTransform_float_3_3
Parameters: 1 -0.000143069 -0.000210953 0.000142931 1 -0.00032703 0.000211047 0.00032797 1 0.0172834 0.0692427 -0.0859786
FixedParameters: 0 0 0

#Transform 15
Transform: AffineTransform_float_3_3
Parameters: 0.999999 6.47219e-08 -0.000965999 6.47219e-08 1 6.69999e-05 0.000965999 -6.69999e-05 0.999999 0.0313002 0.034292 -0.0174661
FixedParameters: 0 0 0

#Transform 16
Transform: AffineTransform_float_3_3
Parameters: 1 3.744e-09 -0.000144 3.744e-09 1 2.6e-05 0.000144 -2.6e-05 1 0.010224 0.0109852 -0.0369771
FixedParameters: 0 0 0

#Transform 17
Transform: AffineTransform_float_3_3
Parameters: 1 -4.0198e-08 -0.000101 -4.0198e-08 1 -0.000398 0.000101 0.000398 1 0.0129779 0.0871025 -0.0530309
FixedParameters: 0 0 0

#Transform 18
Transform: AffineTransform_float_3_3
Parameters: 1 7.79761e-05 0.000144013 -7.80239e-05 1 0.000165989 -0.000143987 -0.000166011 1 -0.00564779 -0.0241378 -0.0549696
FixedParameters: 0 0 0

#Transform 19
Transform: AffineTransform_float_3_3
Parameters: 1 -0.00013587 0.000193091 0.000136129 1 -0.000670973 -0.000192909 0.000671026 1 0.00841878 0.0861658 -0.101328
FixedParameters: 0 0 0

#Transform 20
Transform: AffineTransform_float_3_3
Parameters: 1 1.6268e-07 -0.000245 1.6268e-07 1 0.000664 0.000245 -0.000664 0.999999 0.00766955 -0.0164512 0.0108721
FixedParameters: 0 0 0

#Transform 21
Transform: AffineTransform_float_3_3
Parameters: 1 6.0515e-08 0.000133 6.0515e-08 1 -0.000455 -0.000133 0.000455 1 -0.00476665 0.00574428 -0.0575126
FixedParameters: 0 0 0

#Transform 22
Transform: AffineTransform_float_3_3
Parameters: 1 3.075e-09 5e-06 3.075e-09 1 -0.000615 -5e-06 0.000615 1 0.0138955 0.0953706 -0.086225
FixedParameters: 0 0 0

#Transform 23
Transform: AffineTransform_float_3_3
Parameters: 1 5.91763e-05 0.000269961 -5.88237e-05 1 -0.000653016 -0.000270038 0.000652984 1 -0.00965015 0.00994812 -0.0395689
FixedParameters: 0 0 0

#Transform 24
Transform: AffineTransform_float_3_3
Parameters: 1 0.000159224 0.000384907 -0.000158776 1 -0.000582061 -0.000385092 0.000581938 1 0.0037438 0.0650366 -0.0716434
FixedParameters: 0 0 0

#Transform 25
Transform: AffineTransform_float_3_3
Parameters: 1 6.7832e-08 0.000139 6.7832e-08 1 -0.000488 -0.000139 0.000488 1 0.00872865 0.0493152 -0.0553108
FixedParameters: 0 0 0

#Transform 26
Transform: AffineTransform_float_3_3
Parameters: 1 4.675e-09 5e-06 4.675e-09 0.999999 -0.000934999 -5e-06 0.000934999 0.999999 0.00378564 0.0245008 -0.0634533
FixedParameters: 0 0 0

#Transform 27
Transform: AffineTransform_float_3_3
Parameters: 1 9.71519e-08 0.000132 9.71519e-08 0.999999 -0.000736 -0.000132 0.000736 0.999999 -0.00476749 0.0881735 -0.0764782
FixedParameters: 0 0 0

#Transform 28
Transform: AffineTransform_float_3_3
Parameters: 1 1.66e-09 5e-06 1.66e-09 1 -0.000332 -5e-06 0.000332 1 -0.000551398 -0.0031584 -0.0704692
FixedParameters: 0 0 0

#Transform 29
Transform: AffineTransform_float_3_3
Parameters: 1 5.148e-08 0.000264 5.148e-08 1 -0.000195 -0.000264 0.000195 1 -0.00331783 0.0195923 -0.0948565
FixedParameters: 0 0 0

#Transform 30
Transform: AffineTransform_float_3_3
Parameters: 1 2.33e-09 5e-06 2.33e-09 1 -0.000466 -5e-06 0.000466 1 0.0157546 0.082052 -0.071188
FixedParameters: 0 0 0

#Transform 31
Transform: AffineTransform_float_3_3
Parameters: 1 2.545e-09 5e-06 2.545e-09 1 -0.000509 -5e-06 0.000509 1 -0.000540331 0.0138011 -0.0571299
FixedParameters: 0 0 0

#Transform 32
Transform: AffineTransform_float_3_3
Parameters: 1 2.14036e-07 0.000292 2.14036e-07 0.999999 -0.000733 -0.000292 0.000733 0.999999 0.00731205 0.078682 -0.0894243
FixedParameters: 0 0 0

#Transform 33
Transform: AffineTransform_float_3_3
Parameters: 1 4.9844e-08 6.8e-05 4.9844e-08 0.999999 -0.000733 -6.8e-05 0.000733 0.999999 -0.00263065 0.0797457 -0.0181462
FixedParameters: 0 0 0

#Transform 34
Transform: AffineTransform_float_3_3
Parameters: 1 2.0566e-07 0.00026 2.0566e-07 0.999999 -0.000790999 -0.00026 0.000790999 0.999999 -0.0191509 0.00841961 -0.0288955
FixedParameters: 0 0 0

#Transform 35
Transform: AffineTransform_float_3_3
Parameters: 1 2.34832e-07 0.000208 2.34832e-07 1 -0.001129 -0.000208 0.001129 1 0.00175179 0.112558 -0.146766
FixedParameters: 0 0 0

#Transform 36
Transform: AffineTransform_float_3_3
Parameters: 1 -5.49951e-05 5.05302e-06 5.50048e-05 0.999999 -0.000963999 -4.94698e-06 0.000963999 0.999999 -0.0064011 0.0729236 -0.0921345
FixedParameters: 0 0 0

#Transform 37
Transform: AffineTransform_float_3_3
Parameters: 1 5.195e-09 5e-06 5.195e-09 1 -0.001039 -5e-06 0.001039 1 -0.000540454 0.0581765 -0.0817845
FixedParameters: 0 0 0

#Transform 38
Transform: AffineTransform_float_3_3
Parameters: 1 2.2781e-07 0.00011 2.2781e-07 0.999998 -0.002071 -0.00011 0.002071 0.999998 0.0313817 0.187575 -0.112045
FixedParameters: 0 0 0

#Transform 39
Transform: AffineTransform_float_3_3
Parameters: 1 8.13999e-09 4.99999e-06 8.13999e-09 0.999998 -0.001628 -4.99999e-06 0.001628 0.999998 0.0167164 0.0859088 -0.104718
FixedParameters: 0 0 0

#Transform 40
Transform: AffineTransform_float_3_3
Parameters: 1 1.04e-08 4.99999e-06 1.04e-08 0.999998 -0.00208 -4.99999e-06 0.00208 0.999998 0.0341774 0.0898538 -0.116045
FixedParameters: 0 0 0

#Transform 41
Transform: AffineTransform_float_3_3
Parameters: 1 9.00001e-09 4.99999e-06 9.00001e-09 0.999999 -0.0018 -4.99999e-06 0.0018 0.999999 0.0313193 0.148325 -0.133061
FixedParameters: 0 0 0

#Transform 42
Transform: AffineTransform_float_3_3
Parameters: 1 -3.66272e-07 -0.000236 -3.66272e-07 0.999999 -0.001552 0.000236 0.001552 0.999999 0.0323189 0.0634672 -0.098092
FixedParameters: 0 0 0

#Transform 43
Transform: AffineTransform_float_3_3
Parameters: 1 1.2645e-08 4.99998e-06 1.2645e-08 0.999997 -0.002529 -4.99998e-06 0.002529 0.999997 0.0521442 0.15573 -0.156003
FixedParameters: 0 0 0

#Transform 44
Transform: AffineTransform_float_3_3
Parameters: 1 8.34999e-09 4.99999e-06 8.34999e-09 0.999998 -0.00167 -4.99999e-06 0.00167 0.999998 0.0527782 0.0975396 -0.143553
FixedParameters: 0 0 0

#Transform 45
Transform: AffineTransform_float_3_3
Parameters: 1 -2.77365e-07 -0.000165 -2.77365e-07 0.999998 -0.001681 0.000165 0.001681 0.999998 0.0750478 0.0745535 -0.153429
FixedParameters: 0 0 0

#Transform 46
Transform: AffineTransform_float_3_3
Parameters: 1 3.36476e-07 0.000197 3.36476e-07 0.999998 -0.001708 -0.000197 0.001708 0.999998 0.0701911 0.142347 -0.202692
FixedParameters: 0 0 0

#Transform 47
Transform: AffineTransform_float_3_3
Parameters: 1 -0.000151212 -0.000113719 0.000150788 0.999999 -0.00186202 0.000114281 0.00186198 0.999999 0.0834578 0.0887948 -0.128664
FixedParameters: 0 0 0

#Transform 48
Transform: AffineTransform_float_3_3
Parameters: 1 1.12385e-07 6.49999e-05 1.12385e-07 0.999998 -0.001729 -6.49999e-05 0.001729 0.999998 0.0671332 0.100984 -0.188436
FixedParameters: 0 0 0

#Transform 49
Transform: AffineTransform_float_3_3
Parameters: 1 -0.000180991 5.32435e-06 0.000181009 0.999999 -0.001792 -4.67564e-06 0.001792 0.999999 0.0701619 0.144347 -0.200281
FixedParameters: 0 0 0

#Transform 50
Transform: AffineTransform_float_3_3
Parameters: 1 -0.000411991 5.72511e-06 0.00041201 0.999999 -0.00176 -5.27487e-06 0.00176 0.999999 0.0646151 0.0538643 -0.139897
FixedParameters: 0 0 0

#Transform 51
Transform: AffineTransform_float_3_3
Parameters: 1 2.1956e-07 8.79997e-05 2.1956e-07 0.999997 -0.002495 -8.79997e-05 0.002495 0.999997 0.0663854 0.14611 -0.204467
FixedParameters: 0 0 0

#Transform 52
Transform: AffineTransform_float_3_3
Parameters: 1 1.0295e-08 4.99999e-06 1.0295e-08 0.999998 -0.002059 -4.99999e-06 0.002059 0.999998 0.0475773 0.0824548 -0.126877
FixedParameters: 0 0 0

#Transform 53
Transform: AffineTransform_float_3_3
Parameters: 1 5.55965e-05 0.000337903 -5.44034e-05 0.999999 -0.00176502 -0.000338097 0.00176498 0.999999 0.0578235 0.117926 -0.182461
FixedParameters: 0 0 0

#Transform 54
Transform: AffineTransform_float_3_3
Parameters: 1 -0.000180695 0.000277199 0.000180305 1 -0.00109995 -0.000276802 0.00110005 1 0.0399676 0.189908 -0.167258
FixedParameters: 0 0 0

#Transform 55
Transform: AffineTransform_float_3_3
Parameters: 1 9.04364e-07 0.000608999 -9.56339e-08 0.999999 -0.001485 -0.000609001 0.001485 0.999998 0.0184773 0.20612 -0.254179
FixedParameters: 0 0 0

#Transform 56
Transform: AffineTransform_float_3_3
Parameters: 0.999999 1.73574e-06 0.000842998 -2.64257e-07 0.999998 -0.002059 -0.000843002 0.002059 0.999998 0.0159125 0.125616 -0.291933
FixedParameters: 0 0 0

#Transform 57
Transform: AffineTransform_float_3_3
Parameters: 0.999999 -0.000168495 0.000695367 0.000170505 0.999997 -0.00216588 -0.000694633 0.00216512 0.999998 0.0429831 0.201782 -0.309505
FixedParameters: 0 0 0

#Transform 58
Transform: AffineTransform_float_3_3
Parameters: 1 8.48816e-05 0.000588873 -8.41181e-05 0.999999 -0.00149705 -0.000589126 0.00149695 0.999998 0.0279121 0.108767 -0.233021
FixedParameters: 0 0 0

#Transform 59
Transform: AffineTransform_float_3_3
Parameters: 0.999999 -0.00013312 0.000708356 0.000135881 0.999997 -0.00265391 -0.000708642 0.0026541 0.999996 0.044368 0.176185 -0.284321
FixedParameters: 0 0 0

#Transform 60
Transform: AffineTransform_float_3_3
Parameters: 1 1.35922e-06 0.000524998 3.59228e-07 0.999996 -0.002589 -0.000525001 0.002589 0.999996 0.0538915 0.210566 -0.327192
FixedParameters: 0 0 0

#Transform 61
Transform: AffineTransform_float_3_3
Parameters: 1 1.79482e-06 0.000683998 -2.05176e-07 0.999996 -0.002624 -0.000684003 0.002624 0.999997 0.0252584 0.161915 -0.263136
FixedParameters: 0 0 0

#Transform 62
Transform: AffineTransform_float_3_3
Parameters: 0.999999 2.60909e-06 0.000761995 -3.90894e-07 0.999994 -0.003424 -0.000762005 0.003424 0.999994 0.0388473 0.231931 -0.407579
FixedParameters: 0 0 0

#Transform 63
Transform: AffineTransform_float_3_3
Parameters: 1 -0.000102871 0.000331353 0.000104132 0.999994 -0.00340997 -0.000331647 0.00341004 0.999994 0.0147499 0.187761 -0.332504
FixedParameters: 0 0 0

#Transform 64
Transform: AffineTransform_float_3_3
Parameters: 0.999999 0.000124859 0.00073552 -0.000122139 0.999993 -0.00388609 -0.00073648 0.00388591 0.999992 0.0226772 0.20569 -0.397081
FixedParameters: 0 0 0

#Transform 65
Transform: AffineTransform_float_3_3
Parameters: 1 -0.000219509 0.000413795 0.000220488 0.999993 -0.00360691 -0.000412207 0.00360709 0.999994 0.0353642 0.228595 -0.389236
FixedParameters: 0 0 0

#Transform 66
Transform: AffineTransform_float_3_3
Parameters: 1 0.000192588 0.000471354 -0.000190414 0.999995 -0.00336609 -0.000471644 0.00336591 0.999994 -0.00628947 0.171361 -0.340467
FixedParameters: 0 0 0

#Transform 67
Transform: AffineTransform_float_3_3
Parameters: 1 0.000317129 0.00111083 -0.00031287 0.999993 -0.00371535 -0.00111217 0.00371465 0.999993 -0.0178539 0.273829 -0.356013
FixedParameters: 0 0 0

#Transform 68
Transform: AffineTransform_float_3_3
Parameters: 1 0.000172556 0.000517484 -0.000170442 0.999996 -0.00300609 -0.000518515 0.00300591 0.999996 -0.0270173 0.180588 -0.323533
FixedParameters: 0 0 0

#Transform 69
Transform: AffineTransform_float_3_3
Parameters: 0.999999 2.04443e-05 0.000884927 -1.65554e-05 0.999993 -0.00389202 -0.000885071 0.00389199 0.999992 -0.0117856 0.236549 -0.43113
FixedParameters: 0 0 0

#Transform 70
Transform: AffineTransform_float_3_3
Parameters: 0.999999 0.000171549 0.000709388 -0.000168452 0.999993 -0.00359212 -0.00070961 0.00359188 0.999994 -0.0227735 0.231895 -0.402515
FixedParameters: 0 0 0

#Transform 71
Transform: AffineTransform_float_3_3
Parameters: 0.999999 0.000326504 0.00075392 -0.000324495 0.999994 -0.00331924 -0.000755081 0.00331875 0.999994 -0.0250734 0.156629 -0.379629
FixedParameters: 0 0 0

#Transform 72
Transform: AffineTransform_float_3_3
Parameters: 0.999999 8.39976e-05 0.00070665 -8.10051e-05 0.999991 -0.00424106 -0.00070635 0.00424094 0.999991 -0.00456621 0.221903 -0.453186
FixedParameters: 0 0 0

#Transform 73
Transform: AffineTransform_float_3_3
Parameters: 1 0.000173166 0.000632411 -0.000170832 0.999994 -0.00342411 -0.000633588 0.00342389 0.999994 -0.0145697 0.194622 -0.411419
FixedParameters: 0 0 0

#Transform 74
Transform: AffineTransform_float_3_3
Parameters: 1 7.36944e-05 0.000678713 -7.13044e-05 0.999992 -0.00396905 -0.000679288 0.00396895 0.999992 0.00920892 0.250209 -0.439038
FixedParameters: 0 0 0

#Transform 75
Transform: AffineTransform_float_3_3
Parameters: 1 0.000193269 0.000324247 -0.000191732 0.999993 -0.00391006 -0.000324752 0.00390994 0.999993 0.0060953 0.17435 -0.365888
FixedParameters: 0 0 0

#Transform 76
Transform: AffineTransform_float_3_3
Parameters: 1 0.00020558 0.000676221 -0.00020342 0.999992 -0.00381414 -0.000676781 0.00381386 0.999993 0.00178169 0.207388 -0.392131
FixedParameters: 0 0 0

#Transform 77
Transform: AffineTransform_float_3_3
Parameters: 0.999999 0.000312325 0.000636865 -0.000309675 0.999994 -0.0036472 -0.000638134 0.0036478 0.999993 -0.00324223 0.201526 -0.336321
FixedParameters: 0 0 0

#Transform 78
Transform: AffineTransform_float_3_3
Parameters: 1 0.000295229 0.000626955 -0.000293771 0.999993 -0.00355218 -0.000628047 0.00355281 0.999993 -0.00287017 0.162809 -0.385201
FixedParameters: 0 0 0

#Transform 79
Transform: AffineTransform_float_3_3
Parameters: 1 4.95113e-05 0.000678821 -4.7488e-05 0.999993 -0.00369903 -0.00067918 0.00369897 0.999993 0.00795648 0.232434 -0.365044
FixedParameters: 0 0 0

#Transform 80
Transform: AffineTransform_float_3_3
Parameters: 1 0.000288304 0.000639967 -0.000285696 0.999993 -0.00359718 -0.000641032 0.00359682 0.999994 -0.00628724 0.155354 -0.367994
FixedParameters: 0 0 0

#Transform 81
Transform: AffineTransform_float_3_3
Parameters: 0.999999 2.12609e-05 0.00080592 -1.77387e-05 0.999992 -0.00404601 -0.000806078 0.00404598 0.999991 0.0123678 0.24667 -0.388811
FixedParameters: 0 0 0

#Transform 82
Transform: AffineTransform_float_3_3
Parameters: 1 0.000331931 0.000577895 -0.000330072 0.999995 -0.00333919 -0.000578105 0.00333881 0.999995 0.00289893 0.200817 -0.304271
FixedParameters: 0 0 0

#Transform 83
Transform: AffineTransform_float_3_3
Parameters: 0.999999 0.000266825 0.000676283 -0.000264176 0.999997 -0.00269718 -0.000676715 0.00269682 0.999996 -0.0110502 0.166985 -0.305698
FixedParameters: 0 0 0

#Transform 84
Transform: AffineTransform_float_3_3
Parameters: 0.999999 0.00024905 0.000736309 -0.000246951 0.999996 -0.00278318 -0.00073669 0.00278282 0.999996 0.006087 0.244428 -0.307684
FixedParameters: 0 0 0

#Transform 85
Transform: AffineTransform_float_3_3
Parameters: 0.999999 0.000304936 0.000861317 -0.000303065 0.999998 -0.00224626 -0.000861683 0.00224674 0.999997 -0.0168218 0.141923 -0.285729
FixedParameters: 0 0 0

#Transform 86
Transform: AffineTransform_float_3_3
Parameters: 0.999999 0.000126166 0.000933577 -0.000122832 0.999994 -0.00339112 -0.000934421 0.00339088 0.999994 -0.00143776 0.22801 -0.349284
FixedParameters: 0 0 0

#Transform 87
Transform: AffineTransform_float_3_3
Parameters: 0.999999 -0.000159142 0.00069143 0.00016086 0.999997 -0.00268789 -0.00069157 0.00268811 0.999996 0.00892489 0.187293 -0.278109
FixedParameters: 0 0 0

#Transform 88
Transform: AffineTransform_float_3_3
Parameters: 0.999999 0.000164815 0.000905492 -0.000162186 0.999995 -0.00310815 -0.000905508 0.00310785 0.999995 -0.00271627 0.208506 -0.295676
FixedParameters: 0 0 0

#Transform 89
Transform: AffineTransform_float_3_3
Parameters: 1 -0.000150338 0.000596421 0.00015166 0.999996 -0.00278691 -0.000595579 0.00278709 0.999996 0.00733089 0.205052 -0.275728
FixedParameters: 0 0 0

#Transform 90
Transform: AffineTransform_float_3_3
Parameters: 1 0.000306015 0.00111117 -0.000302986 0.999997 -0.00271234 -0.00111183 0.00271166 0.999995 -0.0269727 0.131933 -0.294012
FixedParameters: 0 0 0

#Transform 91
Transform: AffineTransform_float_3_3
Parameters: 0.999999 -6.2979e-05 0.000895217 6.60202e-05 0.999995 -0.00337494 -0.000894782 0.00337506 0.999994 -0.0178678 0.233548 -0.334049
FixedParameters: 0 0 0

#Transform 92
Transform: AffineTransform_float_3_3
Parameters: 1 -0.000155605 0.00111248 0.000159396 0.999996 -0.00305182 -0.00111252 0.00305218 0.999994 -0.0485626 0.152545 -0.290941
FixedParameters: 0 0 0

#Transform 93
Transform: AffineTransform_float_3_3
Parameters: 0.999999 9.52915e-05 0.000987687 -9.27074e-05 0.999995 -0.00333209 -0.000988314 0.00333191 0.999994 -0.0502394 0.180528 -0.379401
FixedParameters: 0 0 0

#Transform 94
Transform: AffineTransform_float_3_3
Parameters: 1 -6.86129e-05 0.000695239 7.13862e-05 0.999994 -0.00343395 -0.000694759 0.00343405 0.999994 -0.0333364 0.218584 -0.419912
FixedParameters: 0 0 0

#Transform 95
Transform: AffineTransform_float_3_3
Parameters: 1 -8.72991e-05 0.000588255 8.8703e-05 0.999996 -0.00289195 -0.000588746 0.00289205 0.999995 -0.0368044 0.125117 -0.392325
FixedParameters: 0 0 0

#Transform 96
Transform: AffineTransform_float_3_3
Parameters: 1 -5.60299e-05 0.000635177 5.79695e-05 0.999995 -0.00310196 -0.000634823 0.00310204 0.999995 -0.027629 0.164842 -0.436188
FixedParameters: 0 0 0

#Transform 97
Transform: AffineTransform_float_3_3
Parameters: 0.999999 -0.000111595 0.000703386 0.000113404 0.999994 -0.00341992 -0.000702616 0.00342008 0.999994 -0.0175063 0.245728 -0.438328
FixedParameters: 0 0 0

#Transform 98
Transform: AffineTransform_float_3_3
Parameters: 0.999999 0.000185544 0.000853451 -0.000182458 0.999995 -0.00297916 -0.000853547 0.00297984 0.999995 -0.0675399 0.144267 -0.383549
FixedParameters: 0 0 0

#Transform 99
Transform: AffineTransform_float_3_3
Parameters: 1 7.83042e-07 0.001112 2.78303e-06 0.999994 -0.003402 -0.001112 0.003402 0.999993 -0.0433366 0.225788 -0.443777
FixedParameters: 0 0 0

#Transform 100
Transform: AffineTransform_float_3_3
Parameters: 1 0.000202221 0.00105639 -0.000199778 0.999996 -0.00304721 -0.00105761 0.00304779 0.999995 -0.0475032 0.182645 -0.369264
FixedParameters: 0 0 0

#Transform 101
Transform: AffineTransform_float_3_3
Parameters: 1 0.000210007 0.00111144 -0.000206991 0.999997 -0.00270523 -0.00111256 0.00270477 0.999995 -0.0320812 0.161507 -0.356617
FixedParameters: 0 0 0

#Transform 102
Transform: AffineTransform_float_3_3
Parameters: 1 -0.000162067 0.000664474 0.000163934 0.999996 -0.00290989 -0.000664525 0.00291011 0.999995 0.00105651 0.214482 -0.364264
FixedParameters: 0 0 0

#Transform 103
Transform: AffineTransform_float_3_3
Parameters: 1 -0.00021227 0.000671549 0.000214728 0.999996 -0.00257686 -0.000670449 0.00257714 0.999997 -0.00680858 0.125619 -0.335206
FixedParameters: 0 0 0

#Transform 104
Transform: AffineTransform_float_3_3
Parameters: 1 -1.1878e-06 0.00106001 3.81218e-06 0.999996 -0.002653 -0.00105999 0.002653 0.999996 -0.0336314 0.245649 -0.376411
FixedParameters: 0 0 0

#Transform 105
Transform: AffineTransform_float_3_3
Parameters: 1 0.000255042 0.00111153 -0.000252958 0.999999 -0.00183628 -0.00111247 0.00183672 0.999997 -0.0703594 0.190882 -0.289374
FixedParameters: 0 0 0

#Transform 106
Transform: AffineTransform_float_3_3
Parameters: 0.999998 0.00134666 0.00110999 -0.00134534 0.999998 -0.0014965 -0.00111201 0.00149551 0.999999 -0.12638 0.264663 -0.299361
FixedParameters: 0 0 0

#Transform 107
Transform: AffineTransform_float_3_3
Parameters: 0.999998 0.00162619 0.00111026 -0.00162481 0.999998 -0.00106881 -0.00111173 0.00106619 0.999999 -0.129378 0.344312 -0.287789
FixedParameters: 0 0 0

#Transform 108
Transform: AffineTransform_float_3_3
Parameters: 0.999999 0.00171974 0.000706213 -0.00171927 0.999998 -0.00104022 -0.000707789 0.00103978 0.999999 -0.132722 0.367306 -0.259327
FixedParameters: 0 0 0

#Transform 109
Transform: AffineTransform_float_3_3
Parameters: 0.999996 0.00232422 0.0010511 -0.00232178 0.999995 -0.00210945 -0.0010559 0.00210755 0.999997 -0.147528 0.417303 -0.246573
FixedParameters: 0 0 0

#Transform 110
Transform: AffineTransform_float_3_3
Parameters: 0.999994 0.00333751 0.000730155 -0.0033365 0.999993 -0.00205245 -0.000736844 0.00204955 0.999997 -0.174379 0.436937 -0.218885
FixedParameters: 0 0 0

#Transform 111
Transform: AffineTransform_float_3_3
Parameters: 0.99999 0.00443354 0.00110182 -0.00443146 0.999987 -0.00229891 -0.00111218 0.00229409 0.999997 -0.263088 0.421879 -0.199256
FixedParameters: 0 0 0

#Transform 112
Transform: AffineTransform_float_3_3
Parameters: 0.999984 0.00557065 0.000776258 -0.00556835 0.999983 -0.00211036 -0.000787739 0.00210565 0.999998 -0.289505 0.46761 -0.253861
FixedParameters: 0 0 0

#Transform 113
Transform: AffineTransform_float_3_3
Parameters: 0.999975 0.00715733 0.000103513 -0.00715768 0.999971 -0.00286281 -0.00012449 0.00286218 0.999996 -0.371324 0.552335 -0.120968
FixedParameters: 0 0 0

#Transform 114
Transform: AffineTransform_float_3_3
Parameters: 0.999949 0.0101299 -0.000767974 -0.0101321 0.999945 -0.00275736 0.000740029 0.00276464 0.999996 -0.45656 0.576115 -0.102184
FixedParameters: 0 0 0

#Transform 115
Transform: AffineTransform_float_3_3
Parameters: 0.999937 0.0111542 -0.000541509 -0.0111558 0.999932 -0.00344917 0.000503482 0.00345583 0.999994 -0.464014 0.643209 -0.226087
FixedParameters: 0 0 0

#Transform 116
Transform: AffineTransform_float_3_3
Parameters: 0.999943 0.0107057 -0.000529812 -0.0107073 0.999939 -0.00250147 0.000503192 0.00250653 0.999996 -0.46244 0.557099 -0.190376
FixedParameters: 0 0 0

#Transform 117
Transform: AffineTransform_float_3_3
Parameters: 0.99994 0.0109359 -4.89363e-05 -0.0109361 0.999934 -0.00346867 1.10707e-05 0.00346833 0.999994 -0.491497 0.56885 -0.157693
FixedParameters: 0 0 0

#Transform 118
Transform: AffineTransform_float_3_3
Parameters: 0.999943 0.0106669 -3.65724e-05 -0.0106671 0.999935 -0.00399084 -5.5744e-06 0.00399117 0.999992 -0.455705 0.629842 -0.177561
FixedParameters: 0 0 0

#Transform 119
Transform: AffineTransform_float_3_3
Parameters: 0.999946 0.0103911 -0.000541683 -0.0103929 0.999939 -0.00371957 0.000503312 0.00372543 0.999993 -0.452788 0.588178 -0.132227
FixedParameters: 0 0 0

#Transform 120
Transform: AffineTransform_float_3_3
Parameters: 0.999948 0.0101516 -0.00012073 -0.0101514 0.99994 -0.00410998 7.92721e-05 0.00411101 0.999991 -0.446583 0.61419 -0.191562
FixedParameters: 0 0 0

#Transform 121
Transform: AffineTransform_float_3_3
Parameters: 0.999952 0.00981737 -0.000188299 -0.00981763 0.999945 -0.00369633 0.000151706 0.00369767 0.999993 -0.404975 0.628128 -0.217772
FixedParameters: 0 0 0

#Transform 122
Transform: AffineTransform_float_3_3
Parameters: 0.999956 0.00940151 0.00011246 -0.00940149 0.999949 -0.00388723 -0.000148549 0.00388678 0.999993 -0.409837 0.571109 -0.15648
FixedParameters: 0 0 0

#Transform 123
Transform: AffineTransform_float_3_3
Parameters: 0.999956 0.00937394 0.00024414 -0.00937305 0.999949 -0.00361345 -0.000277856 0.00361055 0.999994 -0.402717 0.562222 -0.195063
FixedParameters: 0 0 0

#Transform 124
Transform: AffineTransform_float_3_3
Parameters: 0.999958 0.0092403 0.000269889 -0.00923871 0.999948 -0.00445069 -0.000311113 0.00444832 0.99999 -0.368663 0.650157 -0.280628
FixedParameters: 0 0 0

#Transform 125
Transform: AffineTransform_float_3_3
Parameters: 0.999962 0.00863881 -8.63011e-05 -0.00863918 0.999959 -0.00246535 6.47014e-05 0.00246565 0.999997 -0.345115 0.499893 -0.236503
FixedParameters: 0 0 0

#Transform 126
Transform: AffineTransform_float_3_3
Parameters: 0.999966 0.00825422 0.000255055 -0.00825277 0.999956 -0.00447726 -0.00029195 0.00447574 0.99999 -0.341567 0.604763 -0.275604
FixedParameters: 0 0 0

#Transform 127
Transform: AffineTransform_float_3_3
Parameters: 0.999966 0.00831769 -9.7163e-05 -0.00831832 0.999958 -0.00386632 6.48385e-05 0.00386667 0.999992 -0.331815 0.592166 -0.232962
FixedParameters: 0 0 0

#Transform 128
Transform: AffineTransform_float_3_3
Parameters: 0.999959 0.0090557 -9.81147e-05 -0.0090553 0.999953 -0.00365626 6.48903e-05 0.00365674 0.999994 -0.381894 0.571816 -0.216028
FixedParameters: 0 0 0

#Transform 129
Transform: AffineTransform_float_3_3
Parameters: 0.99997 0.00782372 0.000189518 -0.00782229 0.999963 -0.00351359 -0.000217483 0.00351241 0.999994 -0.32307 0.6034 -0.321411
FixedParameters: 0 0 0

#Transform 130
Transform: AffineTransform_float_3_3
Parameters: 0.999973 0.00736273 -9.02014e-05 -0.00736326 0.999967 -0.00342243 6.48008e-05 0.00342257 0.999994 -0.313376 0.550692 -0.192323
FixedParameters: 0 0 0

#Transform 131
Transform: AffineTransform_float_3_3
Parameters: 0.999975 0.00703174 0.000631175 -0.00702826 0.999967 -0.00424454 -0.000660825 0.00424046 0.999991 -0.317127 0.52868 -0.264822
FixedParameters: 0 0 0

#Transform 132
Transform: AffineTransform_float_3_3
Parameters: 0.999973 0.00726319 0.000486302 -0.00726081 0.999964 -0.00436665 -0.0005177 0.00436336 0.999991 -0.274366 0.568801 -0.34225
FixedParameters: 0 0 0

#Transform 133
Transform: AffineTransform_float_3_3
Parameters: 0.999977 0.00676998 0.000295296 -0.00676902 0.999972 -0.00320707 -0.000316703 0.00320493 0.999995 -0.243772 0.481858 -0.280096
FixedParameters: 0 0 0

#Transform 134
Transform: AffineTransform_float_3_3
Parameters: 0.99998 0.0062712 0.000838447 -0.00626781 0.999974 -0.00375933 -0.00086155 0.00375367 0.999992 -0.24021 0.490976 -0.361493
FixedParameters: 0 0 0

#Transform 135
Transform: AffineTransform_float_3_3
Parameters: 0.999982 0.00589803 0.000297126 -0.00589696 0.999977 -0.00337081 -0.000316875 0.00336919 0.999995 -0.222312 0.50384 -0.347619
FixedParameters: 0 0 0

#Transform 136
Transform: AffineTransform_float_3_3
Parameters: 0.999979 0.00645095 0.000297126 -0.00645006 0.999975 -0.00308198 -0.000316875 0.00308002 0.999995 -0.246916 0.430707 -0.331757
FixedParameters: 0 0 0

#Transform 137
Transform: AffineTransform_float_3_3
Parameters: 0.999982 0.00597025 0.000688802 -0.00596776 0.999977 -0.00321817 -0.000707195 0.00321383 0.999994 -0.221232 0.525438 -0.344181
FixedParameters: 0 0 0

#Transform 138
Transform: AffineTransform_float_3_3
Parameters: 0.999979 0.00635775 0.00030145 -0.00635624 0.999977 -0.00244697 -0.000316549 0.00244504 0.999997 -0.231999 0.393168 -0.297769
FixedParameters: 0 0 0

#Transform 139
Transform: AffineTransform_float_3_3
Parameters: 0.999981 0.00606625 0.000397346 -0.00606574 0.999977 -0.00307647 -0.000416659 0.00307453 0.999995 -0.206696 0.488872 -0.350928
FixedParameters: 0 0 0

#Transform 140
Transform: AffineTransform_float_3_3
Parameters: 0.99998 0.00633982 0.000307555 -0.00633918 0.999976 -0.002595 -0.000324445 0.00259299 0.999996 -0.215391 0.421812 -0.29578
FixedParameters: 0 0 0

#Transform 141
Transform: AffineTransform_float_3_3
Parameters: 0.999981 0.00619664 0.000282276 -0.00619636 0.999979 -0.00221579 -0.000295727 0.00221421 0.999998 -0.222603 0.398089 -0.318512
FixedParameters: 0 0 0

#Transform 142
Transform: AffineTransform_float_3_3
Parameters: 0.999984 0.00555402 0.000380371 -0.00555298 0.999981 -0.00263515 -0.000394627 0.00263285 0.999996 -0.199024 0.453314 -0.367692
FixedParameters: 0 0 0

#Transform 143
Transform: AffineTransform_float_3_3
Parameters: 0.999984 0.00573389 0.000530451 -0.00573311 0.999982 -0.00166707 -0.000540549 0.00166393 0.999998 -0.219801 0.335908 -0.309695
FixedParameters: 0 0 0

#Transform 144
Transform: AffineTransform_float_3_3
Parameters: 0.999981 0.00614108 0.000651738 -0.00613893 0.999976 -0.00313906 -0.000671261 0.00313494 0.999995 -0.21463 0.479723 -0.393373
FixedParameters: 0 0 0

#Transform 145
Transform: AffineTransform_float_3_3
Parameters: 0.999983 0.00586351 0.000177814 -0.00586349 0.999979 -0.00276109 -0.000194187 0.00275991 0.999996 -0.206896 0.396219 -0.298423
FixedParameters: 0 0 0

#Transform 146
Transform: AffineTransform_float_3_3
Parameters: 0.999984 0.00565655 0.000397546 -0.00565545 0.999977 -0.00379431 -0.000419453 0.00379169 0.999992 -0.192698 0.483616 -0.400566
FixedParameters: 0 0 0

#Transform 147
Transform: AffineTransform_float_3_3
Parameters: 0.999982 0.00599895 0.000318628 -0.00599805 0.999978 -0.00289696 -0.000336372 0.00289503 0.999996 -0.210372 0.399045 -0.339106
FixedParameters: 0 0 0

#Transform 148
Transform: AffineTransform_float_3_3
Parameters: 0.999984 0.00552127 0.000597367 -0.00551872 0.999978 -0.00373935 -0.000618629 0.00373564 0.999993 -0.206642 0.408972 -0.42649
FixedParameters: 0 0 0

#Transform 149
Transform: AffineTransform_float_3_3
Parameters: 0.999984 0.00553965 0.000460523 -0.00553734 0.999978 -0.0035176 -0.000479476 0.0035154 0.999993 -0.210475 0.386834 -0.363051
FixedParameters: 0 0 0

#Transform 150
Transform: AffineTransform_float_3_3
Parameters: 0.999985 0.00538939 0.000821076 -0.00538562 0.999977 -0.00407148 -0.00084292 0.00406652 0.999992 -0.213374 0.387953 -0.438388
FixedParameters: 0 0 0

#Transform 151
Transform: AffineTransform_float_3_3
Parameters: 0.999988 0.00483979 0.000399854 -0.00483821 0.999978 -0.00437099 -0.000421147 0.00436901 0.999991 -0.172347 0.405151 -0.429083
FixedParameters: 0 0 0

#Transform 152
Transform: AffineTransform_float_3_3
Parameters: 0.999986 0.00522487 0.000825061 -0.00522214 0.999981 -0.00343636 -0.000842942 0.00343264 0.999994 -0.196258 0.339119 -0.428194
FixedParameters: 0 0 0

#Transform 153
Transform: AffineTransform_float_3_3
Parameters: 0.999986 0.0052032 0.000829318 -0.0052008 0.999983 -0.00263235 -0.000842686 0.00262865 0.999996 -0.180991 0.354241 -0.405646
FixedParameters: 0 0 0

#Transform 154
Transform: AffineTransform_float_3_3
Parameters: 0.999989 0.0047594 0.000829344 -0.0047566 0.999984 -0.00287198 -0.000842655 0.00286802 0.999995 -0.176285 0.332416 -0.425026
FixedParameters: 0 0 0

#Transform 155
Transform: AffineTransform_float_3_3
Parameters: 0.999988 0.0049293 0.00040343 -0.0049287 0.999983 -0.00316003 -0.000419572 0.00315797 0.999995 -0.191413 0.390636 -0.392243
FixedParameters: 0 0 0

#Transform 156
Transform: AffineTransform_float_3_3
Parameters: 0.999986 0.00527228 0.000408821 -0.00527172 0.999982 -0.0030702 -0.000425181 0.0030678 0.999995 -0.215505 0.358434 -0.42524
FixedParameters: 0 0 0

#Transform 157
Transform: AffineTransform_float_3_3
Parameters: 0.999986 0.00517279 0.000519434 -0.0051712 0.999981 -0.00339773 -0.000537568 0.00339526 0.999994 -0.191025 0.381537 -0.427262
FixedParameters: 0 0 0

#Transform 158
Transform: AffineTransform_float_3_3
Parameters: 0.999986 0.00532568 0.000825871 -0.00532332 0.99998 -0.00321944 -0.000842129 0.00321456 0.999995 -0.231956 0.347702 -0.426809
FixedParameters: 0 0 0

#Transform 159
Transform: AffineTransform_float_3_3
Parameters: 0.999986 0.00537596 0.000579098 -0.00537404 0.99998 -0.00333216 -0.000596902 0.00332884 0.999995 -0.197941 0.405906 -0.436734
FixedParameters: 0 0 0

#Transform 160
Transform: AffineTransform_float_3_3
Parameters: 0.999984 0.00557033 0.000827421 -0.00556866 0.99998 -0.00279965 -0.000842577 0.00279435 0.999995 -0.234308 0.282095 -0.437558
FixedParameters: 0 0 0

#Transform 161
Transform: AffineTransform_float_3_3
Parameters: 0.999985 0.00543774 0.000825156 -0.00543526 0.99998 -0.00328453 -0.000842842 0.00327947 0.999995 -0.208692 0.416498 -0.456044
FixedParameters: 0 0 0

#Transform 162
Transform: AffineTransform_float_3_3
Parameters: 0.999984 0.00566552 0.000469978 -0.00566447 0.999979 -0.00318271 -0.000488025 0.00318029 0.999995 -0.215355 0.336737 -0.412418
FixedParameters: 0 0 0

#Transform 163
Transform: AffineTransform_float_3_3
Parameters: 0.999985 0.00549298 0.000482958 -0.00549102 0.999977 -0.00401471 -0.000505038 0.00401129 0.999992 -0.18893 0.385125 -0.482118
FixedParameters: 0 0 0

#Transform 164
Transform: AffineTransform_float_3_3
Parameters: 0.999985 0.0054396 0.000487463 -0.0054384 0.99998 -0.0032257 -0.00050454 0.0032233 0.999994 -0.201836 0.341648 -0.434212
FixedParameters: 0 0 0

#Transform 165
Transform: AffineTransform_float_3_3
Parameters: 0.999984 0.00546671 0.000825258 -0.00546429 0.99998 -0.00324856 -0.000842746 0.00324444 0.999995 -0.201736 0.378853 -0.480365
FixedParameters: 0 0 0

#Transform 166
Transform: AffineTransform_float_3_3
Parameters: 0.999985 0.00558085 0.00028489 -0.00557916 0.999981 -0.00288763 -0.000301109 0.00288636 0.999996 -0.213059 0.342899 -0.381074
FixedParameters: 0 0 0

#Transform 167
Transform: AffineTransform_float_3_3
Parameters: 0.999986 0.00530113 0.000624146 -0.00529887 0.999981 -0.00337036 -0.000641857 0.00336765 0.999994 -0.200847 0.406096 -0.44718
FixedParameters: 0 0 0

#Transform 168
Transform: AffineTransform_float_3_3
Parameters: 0.999984 0.00566533 0.000454689 -0.00566367 0.99998 -0.00288062 -0.000470312 0.00287838 0.999995 -0.20691 0.339863 -0.412737
FixedParameters: 0 0 0

#Transform 169
Transform: AffineTransform_float_3_3
Parameters: 0.999983 0.00573476 0.000824003 -0.00573124 0.999978 -0.00331578 -0.000842996 0.00331122 0.999994 -0.209941 0.398381 -0.48305
FixedParameters: 0 0 0

#Transform 170
Transform: AffineTransform_float_3_3
Parameters: 0.999986 0.00539729 0.000461169 -0.00539571 0.999981 -0.00274953 -0.000475834 0.00274747 0.999996 -0.206001 0.310091 -0.426218
FixedParameters: 0 0 0

#Transform 171
Transform: AffineTransform_float_3_3
Parameters: 0.999985 0.00552457 0.000763668 -0.00552244 0.999979 -0.00332127 -0.000781333 0.00331674 0.999994 -0.196463 0.389238 -0.44797
FixedParameters: 0 0 0

#Transform 172
Transform: AffineTransform_float_3_3
Parameters: 0.999986 0.00513124 0.000427372 -0.00512976 0.999983 -0.00285223 -0.000442626 0.00284977 0.999996 -0.201091 0.346959 -0.382404
FixedParameters: 0 0 0

#Transform 173
Transform: AffineTransform_float_3_3
Parameters: 0.999988 0.00486335 0.00066812 -0.00486065 0.999982 -0.00347329 -0.000684882 0.00347071 0.999993 -0.205827 0.368233 -0.463552
FixedParameters: 0 0 0

#Transform 174
Transform: AffineTransform_float_3_3
Parameters: 0.999987 0.00507832 7.99153e-05 -0.00507868 0.999981 -0.00356145 -9.80898e-05 0.00356155 0.999993 -0.231257 0.370789 -0.392162
FixedParameters: 0 0 0

#Transform 175
Transform: AffineTransform_float_3_3
Parameters: 0.999985 0.0054511 1.4544e-05 -0.00545091 0.999978 -0.00393614 -3.54548e-05 0.00393587 0.999993 -0.239048 0.355042 -0.461923
FixedParameters: 0 0 0

#Transform 176
Transform: AffineTransform_float_3_3
Parameters: 0.999984 0.00552333 6.79724e-05 -0.00552267 0.999976 -0.00416944 -9.10238e-05 0.00416856 0.999992 -0.224328 0.394995 -0.469216
FixedParameters: 0 0 0

#Transform 177
Transform: AffineTransform_float_3_3
Parameters: 0.999986 0.00540902 -3.39701e-06 -0.00540898 0.999979 -0.00358603 -1.53968e-05 0.00358597 0.999993 -0.234232 0.327095 -0.450193
FixedParameters: 0 0 0

#Transform 178
Transform: AffineTransform_float_3_3
Parameters: 0.999989 0.00471213 -0.000224098 -0.00471287 0.99998 -0.00405199 0.000204903 0.00405301 0.999992 -0.189847 0.409912 -0.519099
FixedParameters: 0 0 0

#Transform 179
Transform: AffineTransform_float_3_3
Parameters: 0.999989 0.00467238 0.000107408 -0.00467261 0.999983 -0.00333754 -0.000122592 0.00333646 0.999995 -0.217421 0.304442 -0.438756
FixedParameters: 0 0 0

#Transform 180
Transform: AffineTransform_float_3_3
Parameters: 0.999989 0.00469602 -0.000308293 -0.00469698 0.999983 -0.00325559 0.000293709 0.00325641 0.999994 -0.214564 0.335603 -0.535302
FixedParameters: 0 0 0

#Transform 181
Transform: AffineTransform_float_3_3
Parameters: 0.999988 0.00459411 -0.00128326 -0.00460088 0.999978 -0.00462215 0.00126173 0.00462785 0.999989 -0.23795 0.243145 -0.458513
FixedParameters: 0 0 0

#Transform 182
Transform: AffineTransform_float_3_3
Parameters: 0.999996 0.00273796 -0.000672834 -0.00274304 0.999968 -0.00760119 0.000652164 0.00760382 0.999971 -0.156868 0.323373 -0.670144
FixedParameters: 0 0 0

#Transform 183
Transform: AffineTransform_float_3_3
Parameters: 0.999996 0.00261228 -0.000534506 -0.00261672 0.999971 -0.00707862 0.000516487 0.00708037 0.999975 -0.167023 0.263136 -0.626132
FixedParameters: 0 0 0

#Transform 184
Transform: AffineTransform_float_3_3
Parameters: 0.999995 0.00292079 -0.000333879 -0.0029232 0.999972 -0.00680305 0.000314119 0.00680394 0.999977 -0.16502 0.300669 -0.655144
FixedParameters: 0 0 0

#Transform 185
Transform: AffineTransform_float_3_3
Parameters: 0.999996 0.00273212 -0.000329979 -0.00273388 0.999979 -0.00584612 0.000314019 0.00584788 0.999983 -0.154144 0.262996 -0.601711
FixedParameters: 0 0 0

#Transform 186
Transform: AffineTransform_float_3_3
Parameters: 0.999997 0.00210195 -0.000327452 -0.00210406 0.999978 -0.00639633 0.000314548 0.00639668 0.99998 -0.114853 0.274972 -0.65296
FixedParameters: 0 0 0

#Transform 187
Transform: AffineTransform_float_3_3
Parameters: 0.999999 0.00145068 -0.000584825 -0.00145532 0.999971 -0.00745016 0.000574173 0.00745084 0.999972 -0.102767 0.291076 -0.698429
FixedParameters: 0 0 0

#Transform 188
Transform: AffineTransform_float_3_3
Parameters: 0.999999 0.00148485 -0.000324019 -0.00148715 0.999976 -0.00674253 0.000313979 0.00674348 0.999977 -0.133503 0.20016 -0.572948
FixedParameters: 0 0 0

#Transform 189
Transform: AffineTransform_float_3_3
Parameters: 0.999999 0.00127863 -0.000323503 -0.00128037 0.999971 -0.00742459 0.000314502 0.00742541 0.999973 -0.103429 0.327645 -0.728425
FixedParameters: 0 0 0

#Transform 190
Transform: AffineTransform_float_3_3
Parameters: 0.999999 0.00137412 -0.00047541 -0.00137788 0.999981 -0.00611335 0.000466585 0.00611365 0.999981 -0.0832942 0.249474 -0.597615
FixedParameters: 0 0 0

#Transform 191
Transform: AffineTransform_float_3_3
