#Insight Transform File V1.0
#Transform 0
Transform: AffineTransform_float_3_3
Parameters: 0.999994 0.00338485 -0.000530329 -0.00338315 0.999989 0.00344982 0.000541669 -0.00344719 0.999994 -0.484607 -0.182831 0.376397
FixedParameters: 0 0 0

#Transform 1
Transform: AffineTransform_float_3_3
Parameters: 0.999993 0.00376713 -0.000298016 -0.00376587 0.999986 0.00371315 0.000311983 -0.00371185 0.999993 -0.551983 -0.216616 0.346998
FixedParameters: 0 0 0

#Transform 2
Transform: AffineTransform_float_3_3
Parameters: 0.99999 0.00429843 -0.000474214 -0.00429757 0.999987 0.00297607 0.000486787 -0.00297394 0.999996 -0.569897 -0.165875 0.268324
FixedParameters: 0 0 0

#Transform 3
Transform: AffineTransform_float_3_3
Parameters: 0.999994 0.00345242 -0.000443093 -0.00345058 0.999989 0.00316055 0.000453903 -0.00315845 0.999995 -0.478503 -0.189428 0.304145
FixedParameters: 0 0 0

#Transform 4
Transform: AffineTransform_float_3_3
Parameters: 0.999992 0.00391443 -0.000846844 -0.00391157 0.999989 0.00285233 0.000858152 -0.00284866 0.999995 -0.480218 -0.169009 0.239243
FixedParameters: 0 0 0

#Transform 5
Transform: AffineTransform_float_3_3
Parameters: 0.999992 0.00378519 -0.000723623 -0.00378281 0.999989 0.00300776 0.000734377 -0.00300524 0.999995 -0.498246 -0.142357 0.272416
FixedParameters: 0 0 0

#Transform 6
Transform: AffineTransform_float_3_3
Parameters: 0.999995 0.00317833 -0.000444589 -0.00317767 0.99999 0.00296243 0.000453412 -0.00296057 0.999996 -0.468142 -0.16832 0.189601
FixedParameters: 0 0 0

#Transform 7
Transform: AffineTransform_float_3_3
Parameters: 0.999991 0.00405754 -0.000683923 -0.00405546 0.99999 0.00223879 0.000693076 -0.00223621 0.999998 -0.51396 -0.107671 0.223183
FixedParameters: 0 0 0

#Transform 8
Transform: AffineTransform_float_3_3
Parameters: 0.999993 0.00376923 -0.000361418 -0.00376777 0.999988 0.00333939 0.000374584 -0.00333861 0.999995 -0.526362 -0.172507 0.215961
FixedParameters: 0 0 0

#Transform 9
Transform: AffineTransform_float_3_3
Parameters: 0.999993 0.00376932 -0.000473603 -0.00376768 0.999989 0.0027598 0.000483397 -0.0027582 0.999996 -0.491811 -0.133902 0.283405
FixedParameters: 0 0 0

#Transform 10
Transform: AffineTransform_float_3_3
Parameters: 0.999992 0.00397954 -0.000181614 -0.00397946 0.999988 0.00286175 0.000193385 -0.00286025 0.999996 -0.553918 -0.117496 0.250248
FixedParameters: 0 0 0

#Transform 11
Transform: AffineTransform_float_3_3
Parameters: 0.999993 0.00373374 -0.000667301 -0.00373225 0.999989 0.00259951 0.000676698 -0.00259649 0.999997 -0.47855 -0.110037 0.296811
FixedParameters: 0 0 0

#Transform 12
Transform: AffineTransform_float_3_3
Parameters: 0.999995 0.00311952 -0.000746538 -0.00311647 0.999989 0.00335634 0.000757459 -0.00335365 0.999994 -0.452557 -0.160958 0.18055
FixedParameters: 0 0 0

#Transform 13
Transform: AffineTransform_float_3_3
Parameters: 0.99999 0.00424395 -0.00155585 -0.00423804 0.999984 0.00381063 0.00157215 -0.00380436 0.999991 -0.500766 -0.182956 0.674223
FixedParameters: 0 0 0

#Transform 14
Transform: AffineTransform_float_3_3
Parameters: 0.999991 0.00389155 -0.00163479 -0.00388045 0.999968 0.00700641 0.00166222 -0.00700059 0.999974 -0.3492 -0.320655 1.10801
FixedParameters: 0 0 0

#Transform 15
Transform: AffineTransform_float_3_3
Parameters: 0.999928 -0.00676329 -0.0099075 0.00681471 0.999964 0.00519486 0.00987251 -0.00526215 0.999938 1.46308 -0.0995772 1.10539
FixedParameters: 0 0 0

#Transform 16
Transform: AffineTransform_float_3_3
Parameters: 0.999986 -0.000952053 -0.00509012 0.000957947 0.999999 0.00116614 0.00508888 -0.00117086 0.999987 0.396407 0.119367 0.292573
FixedParameters: 0 0 0

#Transform 17
Transform: AffineTransform_float_3_3
Parameters: 0.999997 0.0013187 -0.0023695 -0.0013163 0.999999 0.00114012 0.0023715 -0.00113688 0.999996 -0.136851 0.000261015 0.392603
FixedParameters: 0 0 0

#Transform 18
Transform: AffineTransform_float_3_3
Parameters: 0.999997 0.00256397 -0.000872927 -0.00256803 0.999986 -0.00464677 0.000861075 0.00464822 0.999989 -0.36954 0.388058 -0.2351
FixedParameters: 0 0 0

#Transform 19
Transform: AffineTransform_float_3_3
Parameters: 0.999997 0.00210051 -0.000516986 -0.00210149 0.999998 -0.000944916 0.000515013 0.000946085 1 -0.32872 0.105344 0.12859
FixedParameters: 0 0 0

#Transform 20
Transform: AffineTransform_float_3_3
Parameters: 0.999997 -0.000129531 -0.00264603 0.000129468 1 0.000176658 0.00264598 -0.000177343 0.999997 0.126286 -0.0143341 -0.0470672
FixedParameters: 0 0 0

#Transform 21
Transform: AffineTransform_float_3_3
Parameters: 0.999991 -0.00389903 -0.00116891 0.00390696 0.999968 0.00689249 0.00114209 -0.00689751 0.999976 0.739165 -0.541001 0.763606
FixedParameters: 0 0 0

#Transform 22
Transform: AffineTransform_float_3_3
Parameters: 1 -0.000280549 -0.000538342 0.000284456 0.999965 0.00828484 0.000536661 -0.00828515 0.999965 0.354186 -0.598558 0.873554
FixedParameters: 0 0 0

#Transform 23
Transform: AffineTransform_float_3_3
Parameters: 0.999957 0.00544529 0.00758137 -0.00551171 0.999946 0.0088066 -0.00753265 -0.00884741 0.999933 -0.862245 -0.617607 0.778482
FixedParameters: 0 0 0

#Transform 24
Transform: AffineTransform_float_3_3
Parameters: 0.999977 0.00497617 0.00456505 -0.00500984 0.999962 0.00721029 -0.00452894 -0.0072327 0.999963 -0.698228 -0.495761 0.703522
FixedParameters: 0 0 0

#Transform 25
Transform: AffineTransform_float_3_3
Parameters: 0.999991 0.00342602 0.00229104 -0.00343998 0.999976 0.00612517 -0.00226995 -0.00613383 0.999978 -0.277984 -0.367659 0.763213
FixedParameters: 0 0 0

#Transform 26
Transform: AffineTransform_float_3_3
Parameters: 0.999997 0.000768589 0.00232082 -0.000782413 0.999981 0.00621521 -0.00231618 -0.0062168 0.999978 -0.185708 -0.385778 0.681599
FixedParameters: 0 0 0

#Transform 27
Transform: AffineTransform_float_3_3
Parameters: 0.999996 0.00226373 0.00171696 -0.00227427 0.999975 0.00659212 -0.00170204 -0.00659588 0.999977 -0.245066 -0.38537 0.708672
FixedParameters: 0 0 0

#Transform 28
Transform: AffineTransform_float_3_3
Parameters: 0.999995 0.00245761 0.00200477 -0.00247239 0.999971 0.00720508 -0.00198723 -0.00720992 0.999972 -0.259356 -0.385061 0.725156
FixedParameters: 0 0 0

#Transform 29
Transform: AffineTransform_float_3_3
Parameters: 0.999998 0.00147674 0.00134226 -0.00148526 0.999975 0.00692602 -0.00133174 -0.00692798 0.999975 -0.185754 -0.331338 0.689607
FixedParameters: 0 0 0

#Transform 30
Transform: AffineTransform_float_3_3
Parameters: 0.999998 0.00174314 0.00112854 -0.00174786 0.999989 0.00431904 -0.00112046 -0.00432096 0.99999 -0.186439 -0.165846 0.434498
FixedParameters: 0 0 0

#Transform 31
Transform: AffineTransform_float_3_3
Parameters: 0.999994 0.00283929 -0.00165337 -0.00283571 0.999994 0.0019877 0.00165963 -0.0019833 0.999996 -0.241009 0.0526365 0.0552435
FixedParameters: 0 0 0

#Transform 32
Transform: AffineTransform_float_3_3
Parameters: 0.999995 0.00283715 -0.00132352 -0.00283584 0.999995 0.000874757 0.00132647 -0.00087024 0.999998 -0.285874 0.00160187 -0.253708
FixedParameters: 0 0 0

#Transform 33
Transform: AffineTransform_float_3_3
Parameters: 0.999996 0.00210793 -0.00155573 -0.00210706 0.999997 0.00060228 0.00155726 -0.000598719 0.999998 -0.205743 0.01048 -0.127995
FixedParameters: 0 0 0

#Transform 34
Transform: AffineTransform_float_3_3
Parameters: 0.999998 0.00169183 -0.00118224 -0.00169217 0.999998 -0.00014 0.00118176 0.000142 1 -0.238888 0.0818726 -0.137642
FixedParameters: 0 0 0

#Transform 35
Transform: AffineTransform_float_3_3
Parameters: 1 0.00110496 -0.000256157 -0.00110504 1 -0.000141717 0.000255844 0.000141283 1 -0.257106 0.0903109 -0.140445
FixedParameters: 0 0 0

#Transform 36
Transform: AffineTransform_float_3_3
Parameters: 0.999999 0.001004 -3.6998e-05 -0.001004 0.999999 2.03715e-06 3.7002e-05 -1.96285e-06 1 -0.265976 0.0962139 -0.139044
FixedParameters: 0 0 0

#Transform 37
Transform: AffineTransform_float_3_3
Parameters: 1 0.00105201 -4.78864e-05 -0.001052 1 0.00010805 4.81136e-05 -0.000107949 1 -0.29656 0.0869291 -0.140068
FixedParameters: 0 0 0

#Transform 38
Transform: AffineTransform_float_3_3
Parameters: 1 0.00113788 0.000357391 -0.00113812 1 0.000343594 -0.000356609 -0.000343406 1 -0.3374 0.063498 -0.153267
FixedParameters: 0 0 0

#Transform 39
Transform: AffineTransform_float_3_3
Parameters: 0.999999 0.00143203 -9.35889e-05 -0.00143197 0.999999 0.000287134 9.44109e-05 -0.000286865 1 -0.342298 0.0575787 -0.145532
FixedParameters: 0 0 0

#Transform 40
Transform: AffineTransform_float_3_3
Parameters: 0.999998 0.00187113 -0.000494494 -0.00187087 0.999998 0.000270926 0.000494506 -0.000270075 1 -0.366461 0.0684848 -0.132226
FixedParameters: 0 0 0

#Transform 41
Transform: AffineTransform_float_3_3
Parameters: 0.999998 0.00186505 -0.00028866 -0.00186495 0.999998 0.000182539 0.000288339 -0.000181463 1 -0.385631 0.061737 -0.11305
FixedParameters: 0 0 0

#Transform 42
Transform: AffineTransform_float_3_3
Parameters: 0.999999 0.00142506 -0.000156494 -0.00142494 0.999999 0.000355223 0.000156507 -0.000355777 1 -0.383705 0.0467592 -0.101488
FixedParameters: 0 0 0

#Transform 43
Transform: AffineTransform_float_3_3
Parameters: 0.999999 0.00122387 -0.000671411 -0.00122313 0.999999 0.00129882 0.000673589 -0.00129818 0.999999 -0.276714 0.000240297 -0.0627404
FixedParameters: 0 0 0

#Transform 44
Transform: AffineTransform_float_3_3
Parameters: 0.999999 0.00108722 -0.000761259 -0.00108578 0.999998 0.00160283 0.000763741 -0.00160217 0.999999 -0.201632 0.00416831 0.080127
FixedParameters: 0 0 0

#Transform 45
Transform: AffineTransform_float_3_3
Parameters: 0.999999 0.000707428 -0.000671499 -0.000706571 0.999998 0.00212448 0.000673503 -0.00212453 0.999998 -0.181642 -0.0397701 0.091317
FixedParameters: 0 0 0

#Transform 46
Transform: AffineTransform_float_3_3
Parameters: 1 0.000866308 -0.000671315 -0.000864693 0.999997 0.00194658 0.000672684 -0.00194542 0.999998 -0.183547 -0.0187969 0.0864309
FixedParameters: 0 0 0

#Transform 47
Transform: AffineTransform_float_3_3
Parameters: 0.999999 0.000708638 -0.00108628 -0.00070636 0.999997 0.00242677 0.00108872 -0.00242623 0.999997 -0.169619 -0.0437801 0.135915
FixedParameters: 0 0 0

#Transform 48
Transform: AffineTransform_float_3_3
Parameters: 0.999999 0.000708279 -0.0010755 -0.00070672 0.999997 0.00211776 0.0010775 -0.00211724 0.999997 -0.152533 -0.0393697 0.0693026
FixedParameters: 0 0 0

#Transform 49
Transform: AffineTransform_float_3_3
Parameters: 0.999999 0.000707692 -0.000671219 -0.000706307 0.999996 0.00251847 0.000672781 -0.00251852 0.999996 -0.160802 -0.0590113 0.125629
FixedParameters: 0 0 0

#Transform 50
Transform: AffineTransform_float_3_3
Parameters: 1 0.00082582 -0.000670766 -0.00082418 0.999996 0.00270855 0.000673235 -0.00270845 0.999996 -0.162999 -0.0521562 0.0887641
FixedParameters: 0 0 0

#Transform 51
Transform: AffineTransform_float_3_3
Parameters: 0.999999 0.0008348 -0.001582 -0.0008302 0.999997 0.00240132 0.001584 -0.00239968 0.999996 -0.0981584 -0.011254 0.148197
FixedParameters: 0 0 0

#Transform 52
Transform: AffineTransform_float_3_3
Parameters: 0.999999 0.00042522 -0.00135368 -0.000421778 0.999995 0.00311657 0.00135532 -0.00311543 0.999994 -0.100935 -0.0575837 0.127078
FixedParameters: 0 0 0

#Transform 53
Transform: AffineTransform_float_3_3
Parameters: 0.999999 0.000908393 -0.00113609 -0.000905608 0.999998 0.00210503 0.00113791 -0.00210397 0.999997 -0.116143 0.0221419 0.134573
FixedParameters: 0 0 0

#Transform 54
Transform: AffineTransform_float_3_3
Parameters: 0.999999 0.000708531 -0.00100522 -0.000706467 0.999996 0.00251571 0.00100778 -0.00251529 0.999997 -0.148197 -0.0352859 0.135826
FixedParameters: 0 0 0

#Transform 55
Transform: AffineTransform_float_3_3
Parameters: 0.999998 0.00129823 -0.00100541 -0.00129677 0.999999 0.00122331 0.00100759 -0.00122269 0.999998 -0.195637 0.041874 0.169907
FixedParameters: 0 0 0

#Transform 56
Transform: AffineTransform_float_3_3
Parameters: 0.999997 0.00172761 -0.00127648 -0.00172539 0.999997 0.00204221 0.00128052 -0.00203979 0.999997 -0.250853 -0.0134722 0.0679287
FixedParameters: 0 0 0

#Transform 57
Transform: AffineTransform_float_3_3
Parameters: 0.999996 0.00199445 -0.00201857 -0.00199355 0.999998 0.000718027 0.00201943 -0.000713975 0.999997 -0.242826 0.0840783 0.00649355
FixedParameters: 0 0 0

#Transform 58
Transform: AffineTransform_float_3_3
Parameters: 0.999997 0.00199568 -0.00142024 -0.00199332 0.999996 0.00188884 0.00142377 -0.00188617 0.999997 -0.264023 -2.21552e-05 0.0718546
FixedParameters: 0 0 0

#Transform 59
Transform: AffineTransform_float_3_3
Parameters: 0.999995 0.00232087 -0.00205577 -0.00231813 0.999997 0.00139677 0.00205824 -0.00139223 0.999997 -0.26924 0.0687386 0.0866089
FixedParameters: 0 0 0

#Transform 60
Transform: AffineTransform_float_3_3
Parameters: 0.999995 0.00229417 -0.00188715 -0.00229083 0.999996 0.00168233 0.00189085 -0.00167767 0.999997 -0.287266 0.0116589 0.100339
FixedParameters: 0 0 0

#Transform 61
Transform: AffineTransform_float_3_3
Parameters: 0.999994 0.00276968 -0.00197726 -0.00276632 0.999996 0.00135548 0.00198074 -0.00134952 0.999997 -0.31651 0.0844735 0.101317
FixedParameters: 0 0 0

#Transform 62
Transform: AffineTransform_float_3_3
Parameters: 0.999991 0.00285608 -0.00294802 -0.00285292 0.999996 0.00104842 0.00295098 -0.00104058 0.999995 -0.309097 0.0660901 -0.000718856
FixedParameters: 0 0 0

#Transform 63
Transform: AffineTransform_float_3_3
Parameters: 0.99999 0.00344457 -0.00258957 -0.00344443 0.999994 -0.000162082 0.00258842 0.000170918 0.999996 -0.371912 0.130638 -0.0211398
FixedParameters: 0 0 0

#Transform 64
Transform: AffineTransform_float_3_3
Parameters: 0.999991 0.00362633 -0.00244107 -0.00362268 0.999993 0.00136486 0.00244693 -0.00135614 0.999996 -0.431237 0.0828759 0.0536314
FixedParameters: 0 0 0

#Transform 65
Transform: AffineTransform_float_3_3
Parameters: 0.999992 0.00373033 -0.00160623 -0.00373067 0.999993 0.000207994 0.00160676 -0.000202008 0.999998 -0.485498 0.0859227 -0.126601
FixedParameters: 0 0 0

#Transform 66
Transform: AffineTransform_float_3_3
Parameters: 0.999989 0.00393289 -0.00247319 -0.00393312 0.999993 -4.22731e-05 0.00247382 5.17298e-05 0.999997 -0.454456 0.137854 -0.0453937
FixedParameters: 0 0 0

#Transform 67
Transform: AffineTransform_float_3_3
Parameters: 0.99999 0.00386641 -0.00196919 -0.00386559 0.999992 0.000212614 0.00196981 -0.000205386 0.999998 -0.500776 0.125232 -0.0919602
FixedParameters: 0 0 0

#Transform 68
Transform: AffineTransform_float_3_3
Parameters: 0.999991 0.00386592 -0.00160019 -0.00386608 0.999992 -4.58139e-05 0.00159981 5.21852e-05 0.999998 -0.520105 0.126875 -0.108258
FixedParameters: 0 0 0

#Transform 69
Transform: AffineTransform_float_3_3
Parameters: 0.999991 0.00410119 -0.0015555 -0.00410181 0.999991 0.000126381 0.0015565 -0.000119618 0.999999 -0.543872 0.11982 -0.116416
FixedParameters: 0 0 0

#Transform 70
Transform: AffineTransform_float_3_3
Parameters: 0.999989 0.00422919 -0.00169251 -0.0042288 0.999991 0.000119158 0.00169349 -0.000111839 0.999998 -0.539077 0.117948 -0.137803
FixedParameters: 0 0 0

#Transform 71
Transform: AffineTransform_float_3_3
Parameters: 0.99999 0.00416592 -0.0016382 -0.00416608 0.999992 -4.51756e-05 0.0016378 5.18235e-05 0.999998 -0.551877 0.136856 -0.107914
FixedParameters: 0 0 0

#Transform 72
Transform: AffineTransform_float_3_3
Parameters: 0.99999 0.00422548 -0.00174485 -0.00422453 0.999991 0.000276374 0.00174615 -0.000268625 0.999999 -0.542808 0.114996 -0.134697
FixedParameters: 0 0 0

#Transform 73
Transform: AffineTransform_float_3_3
Parameters: 0.999989 0.00465094 -0.00123223 -0.00465106 0.999989 -4.62694e-05 0.00123177 5.17295e-05 0.999999 -0.614263 0.14155 -0.141701
FixedParameters: 0 0 0

#Transform 74
Transform: AffineTransform_float_3_3
Parameters: 0.999991 0.00391693 -0.00153119 -0.00391708 0.999993 -4.60026e-05 0.00153081 5.19965e-05 0.999999 -0.576253 0.148707 0.347416
FixedParameters: 0 0 0

#Transform 75
Transform: AffineTransform_float_3_3
Parameters: 0.999984 0.00553992 -0.00159381 -0.00553909 0.999985 0.000580838 0.00159719 -0.000572161 0.999998 -0.891107 0.171494 0.792503
FixedParameters: 0 0 0

#Transform 76
Transform: AffineTransform_float_3_3
Parameters: 0.999977 0.00657811 -0.00113456 -0.00657688 0.999978 0.000982484 0.00114043 -0.00097452 0.999999 -0.893028 0.133493 0.516071
FixedParameters: 0 0 0

#Transform 77
Transform: AffineTransform_float_3_3
Parameters: 0.999992 0.00384226 -0.00107793 -0.00383774 0.999985 0.00392617 0.00109307 -0.00392183 0.999991 -0.614041 0.0572757 0.767975
FixedParameters: 0 0 0

#Transform 78
Transform: AffineTransform_float_3_3
Parameters: 0.99999 0.00424107 -0.00140175 -0.00423893 0.99999 0.00147696 0.00140825 -0.00147104 0.999998 -0.622035 0.114222 0.288132
FixedParameters: 0 0 0

#Transform 79
Transform: AffineTransform_float_3_3
Parameters: 0.99999 0.00424084 -0.00127892 -0.00423916 0.99999 0.00143744 0.00128509 -0.00143256 0.999998 -0.628727 0.0840048 0.215731
FixedParameters: 0 0 0

#Transform 80
Transform: AffineTransform_float_3_3
Parameters: 0.999988 0.00465518 -0.00156653 -0.00465282 0.999988 0.00139431 0.00157247 -0.0013867 0.999998 -0.65083 0.101407 0.152846
FixedParameters: 0 0 0

#Transform 81
Transform: AffineTransform_float_3_3
Parameters: 0.999985 0.00466162 -0.00266492 -0.00466138 0.999989 0.000238426 0.00266608 -0.000225575 0.999997 -0.634181 0.148148 0.025316
FixedParameters: 0 0 0

#Transform 82
Transform: AffineTransform_float_3_3
Parameters: 0.999988 0.00471871 -0.00114208 -0.00471829 0.999988 0.000621396 0.00114492 -0.000616605 0.999999 -0.692017 0.162957 0.0983924
FixedParameters: 0 0 0

#Transform 83
Transform: AffineTransform_float_3_3
Parameters: 0.999984 0.0048478 -0.00270356 -0.00484719 0.999988 0.00030411 0.00270544 -0.000290889 0.999997 -0.629653 0.143211 -0.0547139
FixedParameters: 0 0 0

#Transform 84
Transform: AffineTransform_float_3_3
Parameters: 0.999986 0.00481777 -0.00244546 -0.00481724 0.999989 -8.9221e-05 0.00244554 0.000101784 0.999997 -0.620004 0.158203 -0.0597875
FixedParameters: 0 0 0

#Transform 85
Transform: AffineTransform_float_3_3
Parameters: 0.999986 0.0048206 -0.00246392 -0.0048174 0.999988 0.00106089 0.00246909 -0.00104911 0.999997 -0.64102 0.118147 0.0327444
FixedParameters: 0 0 0

#Transform 86
Transform: AffineTransform_float_3_3
Parameters: 0.999984 0.00496427 -0.00278051 -0.00496472 0.999987 0.000105806 0.00278049 -9.21983e-05 0.999996 -0.617819 0.147543 -0.0759117
FixedParameters: 0 0 0

#Transform 87
Transform: AffineTransform_float_3_3
Parameters: 0.999985 0.00511886 -0.00228879 -0.00512114 0.999987 -0.000930294 0.00228421 0.000941708 0.999997 -0.644922 0.216675 -0.0740536
FixedParameters: 0 0 0

#Transform 88
Transform: AffineTransform_float_3_3
Parameters: 0.999986 0.00518041 -0.00149104 -0.00518159 0.999986 -0.000389279 0.00148896 0.000396719 0.999999 -0.684494 0.169258 -0.203416
FixedParameters: 0 0 0

#Transform 89
Transform: AffineTransform_float_3_3
Parameters: 0.999986 0.00522858 -0.00133053 -0.00523143 0.999983 -0.00258408 0.00131647 0.00259092 0.999996 -0.678509 0.328384 -0.535401
FixedParameters: 0 0 0

#Transform 90
Transform: AffineTransform_float_3_3
Parameters: 0.999984 0.0055001 -0.00129183 -0.0055009 0.999984 -0.000691905 0.00128817 0.000699096 0.999999 -0.738832 0.146178 -0.26502
FixedParameters: 0 0 0

#Transform 91
Transform: AffineTransform_float_3_3
Parameters: 0.999981 0.00591447 -0.00175615 -0.00591653 0.999982 -0.000864626 0.00175085 0.000875372 0.999998 -0.7021 0.189691 -0.143608
FixedParameters: 0 0 0

#Transform 92
Transform: AffineTransform_float_3_3
Parameters: 0.99998 0.00595973 -0.00174931 -0.00596126 0.999982 -0.000718586 0.00174569 0.000728418 0.999998 -0.728642 0.185891 -0.169932
FixedParameters: 0 0 0

#Transform 93
Transform: AffineTransform_float_3_3
Parameters: 0.999979 0.00605004 -0.00200591 -0.00605195 0.999981 -0.000969881 0.00200009 0.000982121 0.999998 -0.697284 0.202226 -0.155954
FixedParameters: 0 0 0

#Transform 94
Transform: AffineTransform_float_3_3
Parameters: 0.999978 0.0064766 -0.0018519 -0.0064784 0.999978 -0.000750019 0.0018471 0.00076198 0.999998 -0.739466 0.167542 -0.176939
FixedParameters: 0 0 0

#Transform 95
Transform: AffineTransform_float_3_3
Parameters: 0.999977 0.00647583 -0.00201299 -0.00647816 0.999978 -0.00107198 0.00200602 0.00108502 0.999998 -0.718513 0.190498 -0.163109
FixedParameters: 0 0 0

#Transform 96
Transform: AffineTransform_float_3_3
Parameters: 0.999976 0.00667692 -0.0018509 -0.00667808 0.999977 -0.000577653 0.0018471 0.000590347 0.999998 -0.761156 0.173844 -0.165451
FixedParameters: 0 0 0

#Transform 97
Transform: AffineTransform_float_3_3
Parameters: 0.999972 0.00715077 -0.0018556 -0.00715322 0.999973 -0.00119576 0.0018464 0.00120924 0.999997 -0.782173 0.195911 -0.208971
FixedParameters: 0 0 0

#Transform 98
Transform: AffineTransform_float_3_3
Parameters: 0.999974 0.00700729 -0.00206481 -0.00700871 0.999975 -0.00082155 0.00205919 0.000836451 0.999997 -0.762393 0.169545 -0.13855
FixedParameters: 0 0 0

#Transform 99
Transform: AffineTransform_float_3_3
Parameters: 0.999972 0.007151 -0.00185471 -0.00715299 0.999974 -0.00107176 0.00184628 0.00108523 0.999997 -0.790173 0.213722 -0.163227
FixedParameters: 0 0 0

#Transform 100
Transform: AffineTransform_float_3_3
Parameters: 0.999972 0.0071085 -0.00229963 -0.00710949 0.999974 -0.000643669 0.00229537 0.000659335 0.999997 -0.787007 0.178879 -0.11199
FixedParameters: 0 0 0

#Transform 101
Transform: AffineTransform_float_3_3
Parameters: 0.999973 0.00708171 -0.00197262 -0.00708328 0.999974 -0.000646044 0.00196837 0.000659957 0.999998 -0.799863 0.181016 -0.187027
FixedParameters: 0 0 0

#Transform 102
Transform: AffineTransform_float_3_3
Parameters: 0.999971 0.00756252 -0.00151145 -0.00756349 0.999972 -0.000317578 0.00150856 0.000328418 0.999999 -0.849398 0.143187 -0.173529
FixedParameters: 0 0 0

#Transform 103
Transform: AffineTransform_float_3_3
Parameters: 0.999973 0.00728186 -0.00120183 -0.00728213 0.999973 -0.000109251 0.00120117 0.00011775 1 -0.854133 0.125064 -0.202825
FixedParameters: 0 0 0

#Transform 104
Transform: AffineTransform_float_3_3
Parameters: 0.999972 0.00748632 -0.00118831 -0.00748668 0.999972 -0.00057112 0.00118369 0.000579878 0.999999 -0.875005 0.173591 -0.177731
FixedParameters: 0 0 0

#Transform 105
Transform: AffineTransform_float_3_3
Parameters: 0.99997 0.00753584 -0.00140721 -0.00753716 0.999972 -0.000819418 0.00140079 0.00082958 0.999998 -0.872359 0.148702 -0.212888
FixedParameters: 0 0 0

#Transform 106
Transform: AffineTransform_float_3_3
Parameters: 0.999967 0.00795977 -0.00117753 -0.00796023 0.999969 -0.000187633 0.00117647 0.000196371 1 -0.886796 0.165192 -0.172514
FixedParameters: 0 0 0

#Transform 107
Transform: AffineTransform_float_3_3
Parameters: 0.999969 0.00773705 -0.00144906 -0.00773795 0.99997 -0.000648807 0.00144394 0.000659192 0.999998 -0.860145 0.204531 -0.228884
FixedParameters: 0 0 0

#Transform 108
Transform: AffineTransform_float_3_3
Parameters: 0.99998 0.00640651 -0.000442161 -0.00640649 0.999979 -0.00111619 0.000434842 0.00111881 1 -0.798018 0.518181 -0.388962
FixedParameters: 0 0 0

#Transform 109
Transform: AffineTransform_float_3_3
Parameters: 0.999974 0.00691346 0.00178724 -0.00692453 0.999954 0.00653279 -0.00174176 -0.00654521 0.999977 -0.838689 1.29961 0.061568
FixedParameters: 0 0 0

#Transform 110
Transform: AffineTransform_float_3_3
Parameters: 1 0.000471137 -4.56065e-05 -0.000470862 0.999995 0.00295802 4.7393e-05 -0.00295798 0.999995 0.125934 1.86985 0.383956
FixedParameters: 0 0 0

#Transform 111
Transform: AffineTransform_float_3_3
Parameters: 0.99999 0.00448673 -0.000150599 -0.00448627 0.999979 0.00454772 0.000170404 -0.00454728 0.999989 -0.496653 1.08074 0.200455
FixedParameters: 0 0 0

#Transform 112
Transform: AffineTransform_float_3_3
Parameters: 0.999992 -0.000782496 0.00394518 0.000763507 0.999987 0.00494005 -0.00394882 -0.00493795 0.99998 0.0496777 1.32616 0.124972
FixedParameters: 0 0 0

#Transform 113
Transform: AffineTransform_float_3_3
Parameters: 0.999994 0.00103146 0.00312917 -0.00104955 0.999982 0.00592974 -0.00312383 -0.00593325 0.999977 -0.150192 1.26039 0.222415
FixedParameters: 0 0 0

#Transform 114
Transform: AffineTransform_float_3_3
Parameters: 0.999995 0.00176717 0.00233752 -0.00178083 0.999981 0.00592586 -0.00232748 -0.00593014 0.999979 -0.247371 1.05522 0.274499
FixedParameters: 0 0 0

#Transform 115
Transform: AffineTransform_float_3_3
Parameters: 0.999997 0.00209933 0.000617719 -0.00210067 0.999994 0.00272271 -0.000612283 -0.00272329 0.999996 -0.25897 0.776103 0.182733
FixedParameters: 0 0 0

#Transform 116
Transform: AffineTransform_float_3_3
Parameters: 0.999997 0.0027022 -0.00026897 -0.0027028 0.999996 0.00075173 0.000271032 -0.00075127 0.999999 -0.358707 0.52924 0.152574
FixedParameters: 0 0 0

#Transform 117
Transform: AffineTransform_float_3_3
Parameters: 0.999995 0.00311095 -0.000708133 -0.00310405 0.999949 0.00961224 0.000737866 -0.00960975 0.999953 -0.415573 -0.026155 0.702589
FixedParameters: 0 0 0

#Transform 118
Transform: AffineTransform_float_3_3
Parameters: 0.999997 0.00183015 -0.00111534 -0.00182385 0.999978 0.00638305 0.00112666 -0.00638095 0.999979 -0.222658 0.132729 0.39092
FixedParameters: 0 0 0

#Transform 119
Transform: AffineTransform_float_3_3
Parameters: 0.999998 0.000162385 -0.0023201 -0.000148615 0.999984 0.00576836 0.0023209 -0.00576764 0.99998 0.0459152 0.120472 0.418222
FixedParameters: 0 0 0

#Transform 120
Transform: AffineTransform_float_3_3
Parameters: 0.999998 0.000374593 -0.00197839 -0.000366409 0.99999 0.00434173 0.00197961 -0.00434126 0.999988 0.00117163 0.146907 0.312913
FixedParameters: 0 0 0

#Transform 121
Transform: AffineTransform_float_3_3
Parameters: 0.999994 0.0003747 -0.00323544 -0.000361301 0.999991 0.00423419 0.00323656 -0.00423281 0.999986 0.085397 0.15945 0.328787
FixedParameters: 0 0 0

#Transform 122
Transform: AffineTransform_float_3_3
Parameters: 0.999996 0.00121014 -0.0026279 -0.00119886 0.999991 0.00423617 0.0026331 -0.00423283 0.999987 -0.0595168 0.093693 0.213289
FixedParameters: 0 0 0

#Transform 123
Transform: AffineTransform_float_3_3
Parameters: 0.999997 0.0017713 -0.00178379 -0.0017647 0.99999 0.00408316 0.00179122 -0.00407984 0.99999 -0.165462 0.136713 0.169648
FixedParameters: 0 0 0

#Transform 124
Transform: AffineTransform_float_3_3
Parameters: 0.999996 0.00185951 -0.00206437 -0.00185149 0.99999 0.00411584 0.00207164 -0.00411216 0.99999 -0.178081 0.0967526 0.235345
FixedParameters: 0 0 0

#Transform 125
Transform: AffineTransform_float_3_3
Parameters: 0.999996 0.00213911 -0.0017825 -0.00213189 0.99999 0.00398081 0.0017915 -0.00397718 0.99999 -0.25687 0.0906509 0.120239
FixedParameters: 0 0 0

#Transform 126
Transform: AffineTransform_float_3_3
Parameters: 0.999995 0.00267057 -0.00127849 -0.00266542 0.99999 0.00356642 0.00128851 -0.00356257 0.999993 -0.313566 0.169752 0.140178
FixedParameters: 0 0 0

#Transform 127
Transform: AffineTransform_float_3_3
Parameters: 0.999995 0.00262955 -0.00163652 -0.00262345 0.999988 0.00399431 0.00164649 -0.00398969 0.99999 -0.2981 0.103935 0.120938
FixedParameters: 0 0 0

#Transform 128
Transform: AffineTransform_float_3_3
Parameters: 0.999995 0.0029218 -0.00128211 -0.0029172 0.999989 0.00373076 0.00129289 -0.00372724 0.999992 -0.390323 0.128351 0.0879655
FixedParameters: 0 0 0

#Transform 129
Transform: AffineTransform_float_3_3
Parameters: 0.999995 0.00292206 -0.00136219 -0.00291694 0.999989 0.00370499 0.00137281 -0.00370101 0.999992 -0.376303 0.136764 0.129768
FixedParameters: 0 0 0

#Transform 130
Transform: AffineTransform_float_3_3
Parameters: 0.999995 0.00298307 -0.00110103 -0.00297893 0.999989 0.0036813 0.00111197 -0.0036787 0.999992 -0.407934 0.111603 0.0822501
FixedParameters: 0 0 0

#Transform 131
Transform: AffineTransform_float_3_3
Parameters: 0.999995 0.00306967 -0.00140064 -0.00306433 0.999987 0.00403332 0.00141336 -0.00402868 0.999991 -0.391447 0.166908 0.15975
FixedParameters: 0 0 0

#Transform 132
Transform: AffineTransform_float_3_3
Parameters: 0.999994 0.00326241 -0.00103721 -0.00325758 0.999985 0.0042304 0.00105178 -0.00422659 0.99999 -0.435992 0.114747 0.119525
FixedParameters: 0 0 0

#Transform 133
Transform: AffineTransform_float_3_3
Parameters: 0.999993 0.0035943 -0.000869472 -0.0035917 0.999986 0.00376715 0.000883531 -0.00376385 0.999993 -0.423095 0.167032 0.159228
FixedParameters: 0 0 0

#Transform 134
Transform: AffineTransform_float_3_3
Parameters: 0.999993 0.00348835 -0.000813766 -0.00348464 0.999985 0.00408386 0.000828233 -0.00408114 0.999992 -0.461263 0.135509 0.15155
FixedParameters: 0 0 0

#Transform 135
Transform: AffineTransform_float_3_3
Parameters: 0.999993 0.00340344 -0.00112465 -0.00339956 0.999986 0.00392585 0.00113735 -0.00392215 0.999991 -0.429279 0.132531 0.0978013
FixedParameters: 0 0 0

#Transform 136
Transform: AffineTransform_float_3_3
Parameters: 0.999994 0.0034894 -0.00109711 -0.0034846 0.999986 0.00398585 0.00111089 -0.00398215 0.999992 -0.448298 0.138946 0.187288
FixedParameters: 0 0 0

#Transform 137
Transform: AffineTransform_float_3_3
Parameters: 0.999993 0.00362954 -0.000963781 -0.00362646 0.999987 0.00364552 0.000977222 -0.00364248 0.999993 -0.471394 0.128577 0.0564163
FixedParameters: 0 0 0

#Transform 138
Transform: AffineTransform_float_3_3
Parameters: 0.999994 0.00345816 -0.00119504 -0.00345384 0.999988 0.00346415 0.00120696 -0.00345985 0.999994 -0.426806 0.166587 0.14782
FixedParameters: 0 0 0

#Transform 139
Transform: AffineTransform_float_3_3
Parameters: 0.999994 0.00332439 -0.000912731 -0.00332161 0.999987 0.00369405 0.000924271 -0.00369095 0.999993 -0.455857 0.106942 0.125747
FixedParameters: 0 0 0

#Transform 140
Transform: AffineTransform_float_3_3
Parameters: 0.999993 0.00370302 -0.000622093 -0.00370098 0.999988 0.00321732 0.000633905 -0.00321467 0.999994 -0.473286 0.174794 0.146826
FixedParameters: 0 0 0

#Transform 141
Transform: AffineTransform_float_3_3
Parameters: 0.999993 0.00389973 -0.000450282 -0.00389727 0.999986 0.00377578 0.000465712 -0.00377321 0.999993 -0.51758 0.0966384 0.126739
FixedParameters: 0 0 0

#Transform 142
Transform: AffineTransform_float_3_3
Parameters: 0.999992 0.00370453 -0.00111231 -0.00370147 0.999988 0.00316014 0.00112369 -0.00315586 0.999995 -0.470078 0.156369 0.122254
FixedParameters: 0 0 0

#Transform 143
Transform: AffineTransform_float_3_3
Parameters: 0.999992 0.0039205 -0.000667505 -0.0039175 0.999986 0.00369965 0.00068249 -0.00369636 0.999993 -0.518426 0.106981 0.0772939
FixedParameters: 0 0 0

#Transform 144
Transform: AffineTransform_float_3_3
Parameters: 0.999992 0.00406438 -0.000743085 -0.00406262 0.999986 0.00318004 0.000755917 -0.00317695 0.999994 -0.524082 0.147228 0.0534103
FixedParameters: 0 0 0

#Transform 145
Transform: AffineTransform_float_3_3
Parameters: 0.999991 0.00403511 -0.00117497 -0.00403089 0.999986 0.00348077 0.00118903 -0.00347623 0.999994 -0.513904 0.132035 0.0689316
FixedParameters: 0 0 0

#Transform 146
Transform: AffineTransform_float_3_3
Parameters: 0.999991 0.00424717 -0.000996613 -0.00424384 0.999986 0.00315526 0.00101039 -0.00315074 0.999994 -0.523196 0.129373 0.0397225
FixedParameters: 0 0 0

#Transform 147
Transform: AffineTransform_float_3_3
Parameters: 0.99999 0.00425505 -0.00089967 -0.00425195 0.999986 0.00337086 0.00091333 -0.00336715 0.999994 -0.53175 0.139952 0.0930398
FixedParameters: 0 0 0

#Transform 148
Transform: AffineTransform_float_3_3
Parameters: 0.999993 0.00370394 -0.000815762 -0.00370106 0.999987 0.00357704 0.000828238 -0.00357396 0.999994 -0.518473 0.100452 0.0357389
FixedParameters: 0 0 0

#Transform 149
Transform: AffineTransform_float_3_3
Parameters: 0.999991 0.00413871 -0.000829588 -0.00413629 0.999986 0.00324346 0.000842416 -0.00324054 0.999995 -0.534833 0.133109 0.200625
FixedParameters: 0 0 0

#Transform 150
Transform: AffineTransform_float_3_3
Parameters: 0.999992 0.00404588 -0.00104915 -0.00404212 0.999985 0.00367527 0.00106386 -0.00367173 0.999992 -0.526488 0.0779643 0.123048
FixedParameters: 0 0 0

#Transform 151
Transform: AffineTransform_float_3_3
Parameters: 0.999991 0.00411589 -0.00105089 -0.00411211 0.999985 0.00367535 0.00106511 -0.00367165 0.999992 -0.517728 0.130308 0.200177
FixedParameters: 0 0 0

#Transform 152
Transform: AffineTransform_float_3_3
Parameters: 0.999992 0.00409328 -0.000854449 -0.00409072 0.999985 0.00380253 0.000870557 -0.00379947 0.999993 -0.53063 0.0777647 0.134089
FixedParameters: 0 0 0

#Transform 153
Transform: AffineTransform_float_3_3
Parameters: 0.99999 0.00437916 -0.000890618 -0.00437584 0.999984 0.00351593 0.000906383 -0.00351207 0.999994 -0.52203 0.124761 0.135488
FixedParameters: 0 0 0

#Transform 154
Transform: AffineTransform_float_3_3
Parameters: 0.999991 0.00411482 -0.00122189 -0.00411018 0.999984 0.00392006 0.00123811 -0.00391494 0.999991 -0.50295 0.0743959 0.171201
FixedParameters: 0 0 0

#Transform 155
Transform: AffineTransform_float_3_3
Parameters: 0.999991 0.00408724 -0.00107804 -0.00408276 0.999984 0.00390944 0.00109396 -0.00390556 0.999992 -0.521732 0.100034 0.124529
FixedParameters: 0 0 0

#Transform 156
Transform: AffineTransform_float_3_3
Parameters: 0.999991 0.00419766 -0.000795078 -0.00419534 0.999985 0.00331937 0.000808922 -0.00331563 0.999994 -0.552125 0.140867 0.188169
FixedParameters: 0 0 0

#Transform 157
Transform: AffineTransform_float_3_3
Parameters: 0.999991 0.00421461 -0.00126272 -0.0042104 0.999985 0.00362935 0.00127828 -0.00362365 0.999992 -0.538582 0.112349 0.138341
FixedParameters: 0 0 0

#Transform 158
Transform: AffineTransform_float_3_3
Parameters: 0.999991 0.0042126 -0.000777037 -0.0042104 0.999985 0.0033173 0.000790963 -0.0033137 0.999994 -0.562775 0.145192 0.177254
FixedParameters: 0 0 0

#Transform 159
Transform: AffineTransform_float_3_3
Parameters: 0.999991 0.00421422 -0.00121547 -0.00420979 0.999985 0.00345115 0.00122953 -0.00344685 0.999994 -0.552972 0.117627 0.11494
FixedParameters: 0 0 0

#Transform 160
Transform: AffineTransform_float_3_3
Parameters: 0.999988 0.0046545 -0.000948979 -0.0046505 0.999983 0.00366046 0.000966017 -0.00365555 0.999993 -0.573705 0.113129 0.298202
FixedParameters: 0 0 0

#Transform 161
Transform: AffineTransform_float_3_3
Parameters: 0.99999 0.00437124 -0.00139553 -0.00436376 0.999977 0.00514714 0.00141847 -0.00514185 0.999986 -0.500567 0.0682479 0.40696
FixedParameters: 0 0 0

#Transform 162
Transform: AffineTransform_float_3_3
Parameters: 0.999989 0.00454496 -0.00157173 -0.00454004 0.999985 0.00314417 0.00158627 -0.00313683 0.999994 -0.498951 0.15499 0.259506
FixedParameters: 0 0 0

#Transform 163
Transform: AffineTransform_float_3_3
Parameters: 0.999989 0.00451952 -0.00124977 -0.00451548 0.999984 0.00359568 0.00126523 -0.00358932 0.999993 -0.546858 0.102562 0.23956
FixedParameters: 0 0 0

#Transform 164
Transform: AffineTransform_float_3_3
Parameters: 0.999987 0.00485963 -0.00103408 -0.00485637 0.999982 0.00348507 0.00105092 -0.00347994 0.999994 -0.590947 0.13411 0.278711
FixedParameters: 0 0 0

#Transform 165
Transform: AffineTransform_float_3_3
Parameters: 0.999987 0.00501677 -0.00136053 -0.00501223 0.999982 0.00348687 0.00137847 -0.00348013 0.999993 -0.610165 0.136703 0.205953
FixedParameters: 0 0 0

#Transform 166
Transform: AffineTransform_float_3_3
Parameters: 0.999986 0.00523881 -0.00137076 -0.0052342 0.99998 0.00348723 0.00138824 -0.00347978 0.999993 -0.626079 0.14286 0.255507
FixedParameters: 0 0 0

#Transform 167
Transform: AffineTransform_float_3_3
Parameters: 0.999986 0.00501828 -0.00157209 -0.00501172 0.999979 0.00397393 0.00159191 -0.00396606 0.999991 -0.573526 0.113547 0.326127
FixedParameters: 0 0 0

#Transform 168
Transform: AffineTransform_float_3_3
Parameters: 0.999986 0.00496354 -0.00149445 -0.00495646 0.999979 0.00434847 0.00151655 -0.00434053 0.99999 -0.609638 0.0663905 0.324589
FixedParameters: 0 0 0

#Transform 169
Transform: AffineTransform_float_3_3
Parameters: 0.999986 0.0050186 -0.00161159 -0.0050124 0.999979 0.00407314 0.00163141 -0.00406487 0.999991 -0.572234 0.121134 0.342183
FixedParameters: 0 0 0

#Transform 170
Transform: AffineTransform_float_3_3
Parameters: 0.999987 0.00493409 -0.0016307 -0.00492691 0.999978 0.00432409 0.0016523 -0.0043159 0.99999 -0.586052 0.0678916 0.398597
FixedParameters: 0 0 0

#Transform 171
Transform: AffineTransform_float_3_3
Parameters: 0.999988 0.00461606 -0.00153594 -0.00460994 0.999979 0.00457014 0.00155707 -0.00456287 0.999989 -0.56592 0.0625325 0.365747
FixedParameters: 0 0 0

#Transform 172
Transform: AffineTransform_float_3_3
Parameters: 0.999989 0.0044358 -0.00165995 -0.0044292 0.999982 0.0040764 0.00167806 -0.0040696 0.999991 -0.573553 0.102688 0.454698
FixedParameters: 0 0 0

#Transform 173
Transform: AffineTransform_float_3_3
Parameters: 0.999987 0.00497031 -0.00128766 -0.00496469 0.99998 0.00409745 0.00130834 -0.00409155 0.999991 -0.65027 0.0802785 0.367534
FixedParameters: 0 0 0

#Transform 174
Transform: AffineTransform_float_3_3
Parameters: 0.999986 0.00509615 -0.00128373 -0.00509086 0.999979 0.00398259 0.00130327 -0.00397641 0.999991 -0.658635 0.103596 0.4145
FixedParameters: 0 0 0

#Transform 175
Transform: AffineTransform_float_3_3
Parameters: 0.999988 0.0048968 -0.00103253 -0.00489221 0.999978 0.00459311 0.00105547 -0.00458789 0.999989 -0.655936 0.0487053 0.380548
FixedParameters: 0 0 0

#Transform 176
Transform: AffineTransform_float_3_3
Parameters: 0.999987 0.00504715 -0.000975787 -0.00504285 0.999979 0.00420698 0.000997211 -0.00420202 0.99999 -0.636492 0.0751666 0.39739
FixedParameters: 0 0 0

#Transform 177
Transform: AffineTransform_float_3_3
Parameters: 0.999986 0.00491646 -0.00183448 -0.00490754 0.999978 0.00458807 0.00185751 -0.00457893 0.999988 -0.59161 0.0514622 0.375013
FixedParameters: 0 0 0

#Transform 178
Transform: AffineTransform_float_3_3
Parameters: 0.999987 0.00504827 -0.00131088 -0.00504274 0.99998 0.00399067 0.00133112 -0.00398434 0.999991 -0.639687 0.0947672 0.372058
FixedParameters: 0 0 0

#Transform 179
Transform: AffineTransform_float_3_3
Parameters: 0.999987 0.00504914 -0.0013767 -0.00504287 0.999978 0.00442301 0.0013993 -0.004416 0.99999 -0.626958 0.0448558 0.33419
FixedParameters: 0 0 0

#Transform 180
Transform: AffineTransform_float_3_3
Parameters: 0.999984 0.00550045 -0.00142715 -0.00549555 0.999977 0.0037959 0.00144784 -0.0037871 0.999992 -0.641631 0.121142 0.328998
FixedParameters: 0 0 0

#Transform 181
Transform: AffineTransform_float_3_3
Parameters: 0.999985 0.00545416 -0.00131779 -0.00544785 0.999975 0.00462926 0.00134322 -0.00462275 0.999989 -0.645618 0.0429522 0.331253
FixedParameters: 0 0 0

#Transform 182
Transform: AffineTransform_float_3_3
Parameters: 0.999983 0.00555934 -0.00178725 -0.00555165 0.999974 0.004641 0.00181376 -0.00463099 0.999987 -0.606258 0.0678827 0.313722
FixedParameters: 0 0 0

#Transform 183
Transform: AffineTransform_float_3_3
Parameters: 0.999983 0.00543523 -0.00172234 -0.00542776 0.999976 0.00417641 0.00174566 -0.00416658 0.99999 -0.623687 0.109256 0.346104
FixedParameters: 0 0 0

#Transform 184
Transform: AffineTransform_float_3_3
Parameters: 0.999984 0.00557252 -0.00145221 -0.00556648 0.999974 0.00445616 0.0014768 -0.00444784 0.999989 -0.637393 0.0863571 0.259502
FixedParameters: 0 0 0

#Transform 185
Transform: AffineTransform_float_3_3
Parameters: 0.999983 0.00554353 -0.00141245 -0.00553747 0.999977 0.00389289 0.00143355 -0.00388512 0.999992 -0.654023 0.131868 0.352033
FixedParameters: 0 0 0

#Transform 186
Transform: AffineTransform_float_3_3
Parameters: 0.999983 0.00580457 -0.00121571 -0.00579944 0.999973 0.00453413 0.00124129 -0.00452687 0.999989 -0.675381 0.06948 0.288289
FixedParameters: 0 0 0

#Transform 187
Transform: AffineTransform_float_3_3
Parameters: 0.999983 0.0056823 -0.00143621 -0.0056767 0.999977 0.00366522 0.0014568 -0.00365779 0.999993 -0.668688 0.163801 0.292422
FixedParameters: 0 0 0

#Transform 188
Transform: AffineTransform_float_3_3
Parameters: 0.999982 0.00568545 -0.00194039 -0.00567654 0.999974 0.00433709 0.00196561 -0.0043259 0.999988 -0.648501 0.0838029 0.193275
FixedParameters: 0 0 0
