# transform file /out/sourcedata/freesurfer/sub-v2s17x50006_ses-1/mri/transforms/cc_up.lta
# created by oesteban on Wed Mar 11 14:22:37 2026

type      = 0 # LINEAR_VOX_TO_VOX
nxforms   = 1
mean      = 130.0000 127.0000 118.0000
sigma     = 10000.0000
1 4 4
9.940281510353088e-01 -1.044760644435883e-01 3.150908648967743e-02 1.097862243652344e+01 
1.044236123561859e-01 9.945273995399475e-01 3.310059895738959e-03 1.002395915985107e+01 
-3.168247267603874e-02 -2.328306436538696e-10 9.994980096817017e-01 2.005506515502930e+01 
0.000000000000000e+00 0.000000000000000e+00 0.000000000000000e+00 1.000000000000000e+00 
src volume info
valid = 1  # volume info valid
filename = /out/sourcedata/freesurfer/sub-v2s17x50006_ses-1/mri/norm.mgz
volume = 256 256 256
voxelsize = 1.000000000000000e+00 1.000000000000000e+00 1.000000000000000e+00
xras   = -9.999999403953552e-01 0.000000000000000e+00 0.000000000000000e+00
yras   = 0.000000000000000e+00 0.000000000000000e+00 -9.999999403953552e-01
zras   = 0.000000000000000e+00 9.999999403953552e-01 0.000000000000000e+00
cras   = -2.013778686523438e-01 1.050796508789062e+00 -2.766166687011719e+01
dst volume info
valid = 1  # volume info valid
filename = /out/sourcedata/freesurfer/sub-v2s17x50006_ses-1/mri/norm.mgz
volume = 256 256 256
voxelsize = 1.000000000000000e+00 1.000000000000000e+00 1.000000000000000e+00
xras   = -9.999999403953552e-01 0.000000000000000e+00 0.000000000000000e+00
yras   = 0.000000000000000e+00 0.000000000000000e+00 -9.999999403953552e-01
zras   = 0.000000000000000e+00 9.999999403953552e-01 0.000000000000000e+00
cras   = -2.013778686523438e-01 1.050796508789062e+00 -2.766166687011719e+01
